0.058	23
0.086	23
0.136	23
0.162	24
0.195	27
0.227	24
0.261	23
0.291	23
0.327	24
0.361	23
0.392	24
0.426	23
0.461	23
0.491	23
0.52	20
0.56	22
0.59	22
0.625	22
0.66	22
0.69	22
0.725	22
0.76	22
0.79	22
0.825	22
0.86	22
0.89	22
0.915	22
0.94	20
0.966	23
0.993	25
1.028	25
1.062	24
1.092	24
1.127	24
1.152	24
1.181	33
1.209	36
1.239	31
1.266	28
1.292	24
1.32	20
1.362	24
1.393	25
1.427	24
1.462	24
1.492	24
1.532	29
1.56	52
1.591	48
1.622	49
1.647	44
1.676	68
1.715	67
1.747	74
1.778	70
1.81	72
1.842	94
1.867	94
1.898	95
1.928	90
1.958	90
1.99	112
2.016	113
2.044	106
2.072	124
2.101	133
2.129	151
2.158	155
2.186	173
2.215	147
2.244	161
2.273	165
2.301	163
2.329	161
2.358	155
2.386	148
2.415	167
2.444	171
2.472	164
2.5	162
2.528	180
2.557	179
2.592	184
2.626	183
2.67	197
2.703	200
2.736	198
2.768	195
2.8	192
2.831	188
2.862	189
2.894	186
2.927	189
2.958	195
2.99	197
3.024	201
3.057	214
3.087	219
3.116	228
3.146	238
3.177	244
3.207	254
3.239	266
3.267	264
3.295	257
3.325	262
3.353	270
3.382	269
3.411	268
3.44	257
3.466	258
3.491	236
3.516	213
3.549	226
3.579	201
3.607	184
3.632	169
3.664	161
3.692	89
3.732	29
3.767	29
3.797	29
3.831	28
3.856	38
3.881	43
3.913	50
3.94	62
3.966	68
4	77
4.029	86
4.056	98
4.083	105
4.112	119
4.141	128
4.173	140
4.205	137
4.237	69
4.268	30
4.298	30
4.331	28
4.364	46
4.391	28
4.431	28
4.458	45
4.499	31
4.538	35
4.573	35
4.603	35
4.638	35
4.673	35
4.703	35
4.737	34
4.772	34
4.802	34
4.837	34
4.872	34
4.902	34
4.93	27
4.967	29
4.997	29
5.03	27
5.066	28
5.096	28
5.131	28
5.166	28
5.196	28
5.232	29
5.267	29
5.297	29
5.331	28
5.367	29
5.397	29
5.432	29
5.468	30
5.498	30
5.533	30
5.568	30
5.598	30
5.633	30
5.678	35
5.708	35
5.733	30
5.768	30
5.798	30
5.833	30
5.868	30
5.898	30
5.933	30
5.968	30
5.998	30
6.031	28
6.066	28
6.096	28
6.131	28
6.166	28
6.196	28
6.231	28
6.266	28
6.296	28
6.331	28
6.366	28
6.396	28
6.431	28
6.466	28
6.496	28
6.531	28
6.566	28
6.596	28
6.631	28
6.666	28
6.696	28
6.731	28
6.766	28
6.796	28
6.831	28
6.866	28
6.896	28
6.931	28
6.966	28
6.996	28
7.028	25
7.053	20
7.083	25
7.108	25
7.133	25
7.162	24
7.192	24
7.227	24
7.262	24
7.292	24
7.32	20
7.362	24
7.393	25
7.428	25
7.463	25
7.493	25
7.527	24
7.562	24
7.592	24
7.627	24
7.662	24
7.692	24
7.727	24
7.762	24
7.792	24
7.827	24
7.862	24
7.892	24
7.927	24
7.962	24
7.992	24
8.027	24
8.062	24
8.092	24
8.127	24
8.162	24
8.192	24
8.227	24
8.262	24
8.292	24
8.327	24
8.362	24
8.392	24
8.427	24
8.462	24
8.492	24
8.527	24
8.562	24
8.592	24
8.627	24
8.662	24
8.692	24
8.727	24
8.762	24
8.792	24
8.827	24
8.862	24
8.892	24
8.927	24
8.962	24
8.992	24
9.028	25
9.063	25
9.093	25
9.128	25
9.163	25
9.193	25
9.228	25
9.263	25
9.293	25
9.328	25
9.363	25
9.393	25
9.428	25
9.463	25
9.493	25
9.529	26
9.564	26
9.594	26
9.629	26
9.664	26
9.694	26
9.729	26
9.764	26
9.794	26
9.829	26
9.87	27
9.9	27
9.93	27
9.964	26
9.994	26
10.05	42
10.085	42
10.115	42
10.142	39
10.171	33
10.201	33
10.236	33
10.271	33
10.301	33
10.336	33
10.368	30
10.401	33
10.436	33
10.469	31
10.499	31
10.526	33
10.565	27
10.595	27
10.631	28
10.666	28
10.697	29
10.741	33
10.767	29
10.797	29
10.832	29
10.876	33
10.906	33
10.945	37
10.976	33
11.015	37
11.061	23
11.096	23
11.126	23
11.161	23
11.191	23
11.226	23
11.266	23
11.291	23
11.326	23
11.361	23
11.391	23
11.426	23
11.461	23
11.491	23
11.545	42
11.592	54
11.638	70
11.685	82
11.73	92
11.776	108
11.822	119
11.867	129
11.913	145
11.96	157
11.998	160
12.037	169
12.062	159
12.087	149
12.113	145
12.142	134
12.171	103
12.196	93
12.224	81
12.249	76
12.287	49
12.313	45
12.339	36
12.364	51
12.403	35
12.436	33
12.462	34
12.488	45
12.514	41
12.552	44
12.587	44
12.618	45
12.643	40
12.668	55
12.697	54
12.726	53
12.772	34
12.802	34
12.832	34
12.861	53
12.889	46
12.919	46
12.951	43
12.986	43
13.016	43
13.053	50
13.083	75
13.113	75
13.144	101
13.174	106
13.205	132
13.235	132
13.265	157
13.297	159
13.328	185
13.358	190
13.388	215
13.419	216
13.449	241
13.479	241
13.51	267
13.541	273
13.571	268
13.601	263
13.631	263
13.662	259
13.692	254
13.723	255
13.748	245
13.774	236
13.805	237
13.835	232
13.867	229
13.894	226
13.925	222
13.954	211
13.984	181
14.015	177
14.041	173
14.071	198
14.103	195
14.134	196
14.164	196
14.21	207
14.24	232
14.269	231
14.299	256
14.33	262
14.361	258
14.391	263
14.422	274
14.453	250
14.483	245
14.526	273
14.553	250
14.58	242
14.612	244
14.638	235
14.674	236
14.707	214
14.732	194
14.763	200
14.794	191
14.82	182
14.845	187
14.89	202
14.923	185
14.959	201
14.993	205
15.028	205
15.056	208
15.087	204
15.116	178
15.146	178
15.178	140
15.203	135
15.236	103
15.269	121
15.295	127
15.326	123
15.355	87
15.384	46
15.43	27
15.465	27
15.495	27
15.566	28
15.596	28
15.624	36
15.666	28
15.696	28
15.732	29
15.767	29
15.797	29
15.833	30
15.869	31
15.899	31
15.933	30
15.969	31
15.999	31
16.032	29
16.067	29
16.098	30
16.133	30
16.168	30
16.198	30
16.234	31
16.269	31
16.31	37
16.345	37
16.38	37
16.414	41
16.445	37
16.48	37
16.51	37
16.541	33
16.567	29
16.597	29
16.632	29
16.667	29
16.697	29
16.722	29
16.767	29
16.797	29
16.832	29
16.867	29
16.897	29
16.932	29
16.967	29
16.997	29
17.034	31
17.069	31
17.099	31
17.134	31
17.169	31
17.199	31
17.234	31
17.269	31
17.299	31
17.334	31
17.369	31
17.399	31
17.434	31
17.469	31
17.499	31
17.534	31
17.569	31
17.599	31
17.634	31
17.67	32
17.7	32
17.735	32
17.77	32
17.8	32
17.83	32
17.869	31
17.899	31
17.934	31
17.97	32
17.999	31
18.051	43
18.086	43
18.116	43
18.145	42
18.173	35
18.201	33
18.23	47
18.258	50
18.285	42
18.315	42
18.372	34
18.402	34
18.432	34
18.46	52
18.488	50
18.515	47
18.542	39
18.57	32
18.6	32
18.635	32
18.67	32
18.695	32
18.72	47
18.747	39
18.783	40
18.813	40
18.848	40
18.883	40
18.913	40
18.948	40
18.983	40
19.013	40
19.047	39
19.082	39
19.112	39
19.147	39
19.182	39
19.212	39
19.247	39
19.282	39
19.313	23
19.347	39
19.382	39
19.407	39
19.434	31
19.469	31
19.499	31
19.534	31
19.569	31
19.599	31
19.634	31
19.669	31
19.699	31
19.734	31
19.769	31
19.799	31
19.834	31
19.869	31
19.903	35
19.937	34
19.969	31
19.998	30
20.037	34
20.072	34
20.102	34
20.137	34
20.172	34
20.202	34
20.237	34
20.272	34
20.302	34
20.337	34
20.372	34
20.4	37
20.429	56
20.457	49
20.486	43
20.517	44
20.565	27
20.603	30
20.638	30
20.665	27
20.69	27
20.73	27
20.765	27
20.795	27
20.83	27
20.865	27
20.895	27
20.92	20
20.965	27
20.995	27
21.033	30
21.068	30
21.097	29
21.143	35
21.168	30
21.198	30
21.232	29
21.277	34
21.307	34
21.332	29
21.362	44
21.397	29
21.432	29
21.467	29
21.497	29
21.535	32
21.57	32
21.6	32
21.635	32
21.682	39
21.712	39
21.749	41
21.774	36
21.813	40
21.848	40
21.883	40
21.908	40
21.947	39
21.982	39
22.012	39
22.046	38
22.078	35
22.108	35
22.133	30
22.168	30
22.198	30
22.233	30
22.268	30
22.298	30
22.333	30
22.368	30
22.398	30
22.433	30
22.468	30
22.498	30
22.533	30
22.568	30
22.598	30
22.633	30
22.668	30
22.698	30
22.733	30
22.768	30
22.798	30
22.823	30
22.868	30
22.898	30
22.933	30
22.968	30
22.998	30
23.036	33
23.084	41
23.114	41
23.149	41
23.176	38
23.202	34
23.235	32
23.27	32
23.3	32
23.336	33
23.371	33
23.401	33
23.436	33
23.471	33
23.501	33
23.537	34
23.572	34
23.602	34
23.637	34
23.673	35
23.704	36
23.738	35
23.768	30
23.804	36
23.838	35
23.873	35
23.903	35
23.938	35
23.972	34
24.002	34
24.031	28
24.056	28
24.096	28
24.131	28
24.166	28
24.196	28
24.231	28
24.266	28
24.296	28
24.339	31
24.366	28
24.391	28
24.431	28
24.466	28
24.496	28
24.533	30
24.568	30
24.598	30
24.633	30
24.668	30
24.698	30
24.733	30
24.768	30
24.798	30
24.833	30
24.868	30
24.898	30
24.933	30
24.968	30
24.998	30
25.032	29
25.067	29
25.097	29
25.132	29
25.167	29
25.197	29
25.232	29
25.267	29
25.297	29
25.342	34
25.367	29
25.397	29
25.432	29
25.467	29
25.497	29
25.528	25
25.563	25
25.593	25
25.631	28
25.666	28
25.696	28
25.731	28
25.766	28
25.796	28
25.831	28
25.866	28
25.896	28
25.931	28
25.966	28
25.996	28
26.036	33
26.071	33
26.101	33
26.136	33
26.171	33
26.201	33
26.236	33
26.271	33
26.301	33
26.336	33
26.371	33
26.401	33
26.432	29
26.467	29
26.497	29
26.534	31
26.569	31
26.603	35
26.638	35
26.673	35
26.708	45
26.744	71
26.779	71
26.814	71
26.839	69
26.886	78
26.922	79
26.957	84
26.984	76
27.022	79
27.055	82
27.082	74
27.113	45
27.149	41
27.184	41
27.214	41
27.271	33
27.301	33
27.331	33
27.358	50
27.384	41
27.414	41
27.441	38
27.467	29
27.497	29
27.539	36
27.569	31
27.603	35
27.637	34
27.67	42
27.705	62
27.739	66
27.773	65
27.808	65
27.843	70
27.878	70
27.913	70
27.948	75
27.982	74
28.017	74
28.051	78
28.076	46
28.113	45
28.146	43
28.178	40
28.21	42
28.244	41
28.279	41
28.311	43
28.343	40
28.368	30
28.4	32
28.433	30
28.468	30
28.501	33
28.534	31
28.565	47
28.596	53
28.626	53
28.657	49
28.688	45
28.719	46
28.754	46
28.779	41
28.81	42
28.844	41
28.878	40
28.909	41
28.954	46
28.979	41
29.01	42
29.036	33
29.065	27
29.095	27
29.13	27
29.165	27
29.195	27
29.23	27
29.265	27
29.295	27
29.33	27
29.365	27
29.395	27
29.43	27
29.465	27
29.495	27
29.532	29
29.567	29
29.597	29
29.632	29
29.667	29
29.697	29
29.732	29
29.767	29
29.797	29
29.832	29
29.867	29
29.897	29
29.932	29
29.967	29
29.997	29
30.031	28
30.076	38
30.106	38
30.132	29
30.159	46
30.186	43
30.215	42
30.241	38
30.267	29
30.297	29
30.332	29
30.367	29
30.397	29
30.432	29
30.466	28
30.496	28
30.535	32
30.571	33
30.607	39
30.643	40
30.679	41
30.715	47
30.74	67
30.765	62
30.801	63
30.838	70
30.875	72
30.911	73
30.936	93
30.972	99
30.997	94
31.023	85
31.054	86
31.084	81
31.114	106
31.144	106
31.173	105
31.203	130
31.235	127
31.267	129
31.297	129
31.328	155
31.358	155
31.389	151
31.418	150
31.448	145
31.478	170
31.508	170
31.534	166
31.563	160
31.592	154
31.631	158
31.66	152
31.688	120
31.718	115
31.746	108
31.775	117
31.804	131
31.833	125
31.861	118
31.891	123
31.92	117
31.949	111
31.978	110
32.007	104
32.035	97
32.061	93
32.087	84
32.113	75
32.138	70
32.164	61
32.19	52
32.215	47
32.24	37
32.266	28
32.296	28
32.334	31
32.369	31
32.399	31
32.434	31
32.469	31
32.499	31
32.527	24
32.562	24
32.591	23
32.626	23
32.661	23
32.691	23
32.726	23
32.761	23
32.791	23
32.82	20
32.861	23
32.894	26
32.927	24
32.962	24
32.992	24
33.03	27
33.063	25
33.093	25
33.128	25
33.163	25
33.195	27
33.23	27
33.265	27
33.295	27
33.33	27
33.372	29
33.402	29
33.432	29
33.465	27
33.495	27
33.528	25
33.563	25
33.593	25
33.628	25
33.663	25
33.693	25
33.728	25
33.763	25
33.793	25
33.828	25
33.863	25
33.893	25
33.928	25
33.961	23
33.991	23
34.028	25
34.063	25
34.093	25
34.128	25
34.163	25
34.193	25
34.228	25
34.263	25
34.293	25
34.328	25
34.363	25
34.393	25
34.428	25
34.464	26
34.494	26
34.536	33
34.564	56
34.591	53
34.619	51
34.646	73
34.675	72
34.703	65
34.731	88
34.758	90
34.786	83
34.814	106
34.842	104
34.869	126
34.896	128
34.924	121
34.954	141
34.999	131
35.025	152
35.05	142
35.075	132
35.1	127
35.125	117
35.152	114
35.178	110
35.205	102
35.231	108
35.266	123
35.301	128
35.336	98
35.372	99
35.406	98
35.44	97
35.475	102
35.509	101
35.54	72
35.568	30
35.594	26
35.629	26
35.664	26
35.694	26
35.729	26
35.765	27
35.802	29
35.83	27
35.855	27
35.894	26
35.929	26
35.964	26
35.994	26
36.029	26
36.064	26
36.094	26
36.129	26
36.164	26
36.194	26
36.229	26
36.264	26
36.294	26
36.329	26
36.364	26
36.394	26
36.429	26
36.464	26
36.494	26
36.53	27
36.565	27
36.595	27
36.63	27
36.665	27
36.695	27
36.73	27
36.765	27
36.795	27
36.83	27
36.865	27
36.895	27
36.93	27
36.965	27
36.995	27
37.031	28
37.066	28
37.096	28
37.13	27
37.165	27
37.195	27
37.23	27
37.266	28
37.296	28
37.331	28
37.366	28
37.396	28
37.43	27
37.465	27
37.495	27
37.532	29
37.567	29
37.597	29
37.632	29
37.667	29
37.697	29
37.732	29
37.767	29
37.797	29
37.832	29
37.877	34
37.906	33
37.932	29
37.967	29
37.997	29
38.029	26
38.064	26
38.094	26
38.136	28
38.164	26
38.189	26
38.229	26
38.264	26
38.3	27
38.329	26
38.354	26
38.394	26
38.429	26
38.464	26
38.494	26
38.53	27
38.565	27
38.595	27
38.63	27
38.665	27
38.695	27
38.73	27
38.765	27
38.795	27
38.83	27
38.865	27
38.895	27
38.93	27
38.965	27
38.995	27
39.039	36
39.074	36
39.106	38
39.139	36
39.173	35
39.205	37
39.239	36
39.274	36
39.322	49
39.355	47
39.384	41
39.414	46
39.441	38
39.471	33
39.504	36
39.575	72
39.627	119
39.679	141
39.731	188
39.783	215
39.835	262
39.89	287
39.942	334
39.994	356
40.046	403
40.082	409
40.117	409
40.153	410
40.188	415
40.224	416
40.26	417
40.315	377
40.351	313
40.387	284
40.419	251
40.455	217
40.49	187
40.525	177
40.553	150
40.579	116
40.605	92
40.633	60
40.663	25
40.692	24
40.727	24
40.762	24
40.792	24
40.827	24
40.862	24
40.892	24
40.927	24
40.962	24
40.992	24
41.028	25
41.063	25
41.093	25
41.128	25
41.163	25
41.193	25
41.228	25
41.263	25
41.293	25
41.328	25
41.363	25
41.393	25
41.428	25
41.463	25
41.493	25
41.533	30
41.568	30
41.599	31
41.635	32
41.671	33
41.701	33
41.736	33
41.771	33
41.801	33
41.836	33
41.871	33
41.901	33
41.936	33
41.971	33
42.001	33
42.031	28
42.066	28
42.096	28
42.131	28
42.166	28
42.196	28
42.231	28
42.266	28
42.296	28
42.331	28
42.366	28
42.396	28
42.431	28
42.466	28
42.496	28
42.533	30
42.568	30
42.598	30
42.633	30
42.668	30
42.698	30
42.733	30
42.768	30
42.833	30
42.868	30
42.898	30
42.932	29
42.967	29
42.997	29
43.031	28
43.066	28
43.096	28
43.131	28
43.167	29
43.197	29
43.232	29
43.267	29
43.297	29
43.332	29
43.367	29
43.397	29
43.432	29
43.467	29
43.497	29
43.533	30
43.598	30
43.633	30
43.668	30
43.698	30
43.733	30
43.768	30
43.798	30
43.833	30
43.868	30
43.898	30
43.933	30
43.968	30
43.998	30
44.032	29
44.067	29
44.097	29
44.132	29
44.197	29
44.232	29
44.267	29
44.297	29
44.332	29
44.367	29
44.397	29
44.432	29
44.467	29
44.497	29
44.531	28
44.566	28
44.596	28
44.631	28
44.696	28
44.732	29
44.766	28
44.796	28
44.831	28
44.866	28
44.896	28
44.931	28
44.966	28
44.996	28
45.03	27
45.065	27
45.095	27
45.195	27
45.23	27
45.26	27
45.295	27
45.33	27
45.365	27
45.395	27
45.43	27
45.465	27
45.495	27
45.537	34
45.572	34
45.602	34
45.637	34
45.672	34
45.702	34
45.737	34
45.772	34
45.802	34
45.837	34
45.872	34
45.902	34
45.937	34
45.972	34
46.002	34
46.034	31
46.069	31
46.099	31
46.134	31
46.169	31
46.199	31
46.234	31
46.269	31
46.299	31
46.335	32
46.371	33
46.401	33
46.436	33
46.471	33
46.501	33
46.535	32
46.57	32
46.6	32
46.634	31
46.669	31
46.699	31
46.734	31
46.769	31
46.799	31
46.834	31
46.869	31
46.899	31
46.969	31
46.999	31
47.024	31
47.073	35
47.103	35
47.138	35
47.173	35
47.203	35
47.238	35
47.273	35
47.303	35
47.338	35
47.373	35
47.403	35
47.438	35
47.473	35
47.503	35
47.539	36
47.574	36
47.604	36
47.639	36
47.674	36
47.704	36
47.739	36
47.774	36
47.804	36
47.839	36
47.874	36
47.904	36
47.939	36
47.974	36
48.004	36
48.04	37
48.075	37
48.105	37
48.14	37
48.175	37
48.205	37
48.24	37
48.275	37
48.305	37
48.34	37
48.375	37
48.405	37
48.44	37
48.475	37
48.505	37
48.54	37
48.575	37
48.605	37
48.64	37
48.675	37
48.705	37
48.74	37
48.775	37
48.805	37
48.84	37
48.876	38
48.906	38
48.941	38
48.976	38
49.006	38
49.04	37
49.075	37
49.105	37
49.14	37
49.175	37
49.205	37
49.24	37
49.275	37
49.305	37
49.34	37
49.375	37
49.405	37
49.44	37
49.475	37
49.505	37
49.543	40
49.578	40
49.608	40
49.643	40
49.678	40
49.708	40
49.743	40
49.779	41
49.808	40
49.843	40
49.878	40
49.908	40
49.943	40
49.978	40
50.008	40
50.063	25
50.093	25
50.128	25
50.163	25
50.193	25
50.228	25
50.263	25
50.293	25
50.328	25
50.363	25
50.393	25
50.428	25
50.463	25
50.493	25
50.533	30
50.568	30
50.598	30
50.633	30
50.668	30
50.698	30
50.733	30
50.767	29
50.797	29
50.832	29
50.867	29
50.897	29
50.932	29
50.967	29
50.997	29
51.026	23
51.061	23
51.091	23
51.126	23
51.161	23
51.191	23
51.226	23
51.261	23
51.291	23
51.326	23
51.361	23
51.391	23
51.426	23
51.461	23
51.491	23
51.532	29
51.567	29
51.597	29
51.632	29
51.667	29
51.697	29
51.732	29
51.767	29
51.797	29
51.832	29
51.867	29
51.897	29
51.932	29
51.967	29
51.997	29
52.032	29
52.067	29
52.097	29
52.132	29
52.167	29
52.197	29
52.232	29
52.267	29
52.297	29
52.332	29
52.367	29
52.397	29
52.432	29
52.467	29
52.497	29
52.526	23
52.561	23
52.591	23
52.626	23
52.661	23
52.691	23
52.726	23
52.761	23
52.791	23
52.826	23
52.861	23
52.891	23
52.926	23
52.961	23
52.991	23
53.027	24
53.062	24
53.092	24
53.127	24
53.162	24
53.192	24
53.227	24
53.262	24
53.292	24
53.327	24
53.362	24
53.392	24
53.427	24
53.462	24
53.492	24
53.529	26
53.564	26
53.594	26
53.629	26
53.664	26
53.694	26
53.729	26
53.764	26
53.794	26
53.828	25
53.863	25
53.893	25
53.928	25
53.963	25
53.993	25
54.027	24
54.062	24
54.092	24
54.127	24
54.162	24
54.192	24
54.227	24
54.262	24
54.292	24
54.34	20
54.392	24
54.427	24
54.462	24
54.492	24
54.528	25
54.562	24
54.592	24
54.627	24
54.662	24
54.692	24
54.727	24
54.763	25
54.792	24
54.827	24
54.862	24
54.892	24
54.927	24
54.962	24
54.992	24
55.028	25
55.063	25
55.093	25
55.128	25
55.163	25
55.193	25
55.228	25
55.263	25
55.293	25
55.328	25
55.363	25
55.393	25
55.428	25
55.463	25
55.493	25
55.525	22
55.56	22
55.59	22
55.625	22
55.66	22
55.69	22
55.725	22
55.76	22
55.79	22
55.825	22
55.86	22
55.89	22
55.925	22
55.96	22
55.99	22
56.026	23
56.061	23
56.091	23
56.126	23
56.161	23
56.191	23
56.226	23
56.261	23
56.291	23
56.327	24
56.361	23
56.391	23
56.426	23
56.461	23
56.491	23
56.526	23
56.561	23
56.591	23
56.626	23
56.662	24
56.692	24
56.727	24
56.762	24
56.792	24
56.827	24
56.862	24
56.892	24
56.926	23
56.961	23
56.991	23
57.028	25
57.063	25
57.093	25
57.128	25
57.163	25
57.193	25
57.228	25
57.264	26
57.293	25
57.328	25
57.363	25
57.393	25
57.428	25
57.463	25
57.493	25
57.529	26
57.564	26
57.594	26
57.629	26
57.664	26
57.694	26
57.729	26
57.764	26
57.794	26
57.829	26
57.864	26
57.894	26
57.929	26
57.964	26
57.994	26
58.028	25
58.063	25
58.093	25
58.128	25
58.163	25
58.193	25
58.228	25
58.263	25
58.293	25
58.328	25
58.363	25
58.393	25
58.428	25
58.463	25
58.493	25
58.527	24
58.562	24
58.592	24
58.627	24
58.662	24
58.692	24
58.727	24
58.762	24
58.792	24
58.827	24
58.862	24
58.892	24
58.927	24
58.962	24
58.992	24
59.029	26
59.064	26
59.129	26
59.164	26
59.194	26
59.229	26
59.264	26
59.294	26
59.329	26
59.364	26
59.394	26
59.428	25
59.463	25
59.493	25
59.525	22
59.56	22
59.59	22
59.625	22
59.66	22
59.69	22
59.725	22
59.76	22
59.79	22
59.825	22
59.86	22
59.89	22
59.925	22
59.96	22
59.99	22
60.026	23
60.061	23
60.091	23
60.126	23
60.161	23
60.191	23
60.226	23
60.261	23
60.291	23
60.326	23
60.361	23
60.391	23
60.426	23
60.461	23
60.491	23
60.527	24
60.562	24
60.592	24
60.627	24
60.662	24
60.693	25
60.728	25
60.763	25
60.793	25
60.828	25
60.863	25
60.893	25
60.928	25
60.963	25
60.993	25
61.027	24
61.062	24
61.092	24
61.127	24
61.162	24
61.192	24
61.227	24
61.262	24
61.292	24
61.327	24
61.362	24
61.392	24
61.427	24
61.462	24
61.492	24
61.526	23
61.561	23
61.591	23
61.626	23
61.661	23
61.691	23
61.726	23
61.761	23
61.791	23
61.826	23
61.861	23
61.891	23
61.926	23
61.961	23
61.991	23
62.025	22
62.06	22
62.09	22
62.125	22
62.16	22
62.19	22
62.225	22
62.26	22
62.29	22
62.325	22
62.36	22
62.39	22
62.425	22
62.46	22
62.49	22
62.527	24
62.562	24
62.592	24
62.627	24
62.662	24
62.692	24
62.727	24
62.762	24
62.792	24
62.827	24
62.862	24
62.892	24
62.927	24
62.962	24
62.992	24
63.027	24
63.062	24
63.092	24
63.127	24
63.162	24
63.193	25
63.228	25
63.263	25
63.293	25
63.328	25
63.363	25
63.393	25
63.428	25
63.463	25
63.493	25
63.528	25
63.563	25
63.593	25
63.628	25
63.663	25
63.693	25
63.728	25
63.763	25
63.793	25
63.828	25
63.863	25
63.893	25
63.928	25
63.963	25
63.993	25
64.036	33
64.071	33
64.101	33
64.136	33
64.171	33
64.2	32
64.235	32
64.27	32
64.3	32
64.335	32
64.37	32
64.4	32
64.435	32
64.47	32
64.5	32
64.526	23
64.561	23
64.591	23
64.626	23
64.661	23
64.691	23
64.726	23
64.761	23
64.791	23
64.826	23
64.861	23
64.891	23
64.926	23
64.961	23
64.991	23
65.027	24
65.062	24
65.092	24
65.127	24
65.162	24
65.192	24
65.227	24
65.262	24
65.292	24
65.327	24
65.362	24
65.392	24
65.427	24
65.462	24
65.492	24
65.532	29
65.567	29
65.597	29
65.632	29
65.667	29
65.697	29
65.733	30
65.768	30
65.798	30
65.833	30
65.868	30
65.898	30
65.933	30
65.968	30
65.998	30
66.025	22
66.06	22
66.09	22
66.125	22
66.16	22
66.19	22
66.225	22
66.26	22
66.29	22
66.326	23
66.36	22
66.39	22
66.425	22
66.46	22
66.49	22
66.528	25
66.563	25
66.593	25
66.628	25
66.663	25
66.693	25
66.728	25
66.763	25
66.793	25
66.828	25
66.863	25
66.893	25
66.928	25
66.963	25
66.993	25
67.025	22
67.06	22
67.09	22
67.125	22
67.16	22
67.19	22
67.225	22
67.26	22
67.29	22
67.325	22
67.36	22
67.39	22
67.425	22
67.46	22
67.49	22
67.526	23
67.561	23
67.591	23
67.626	23
67.661	23
67.691	23
67.726	23
67.761	23
67.791	23
67.826	23
67.861	23
67.891	23
67.926	23
67.961	23
67.991	23
68.028	25
68.063	25
68.093	25
68.128	25
68.163	25
68.194	26
68.229	26
68.264	26
68.294	26
68.329	26
68.364	26
68.394	26
68.429	26
68.464	26
68.494	26
68.527	24
68.562	24
68.592	24
68.627	24
68.662	24
68.692	24
68.727	24
68.762	24
68.792	24
68.828	25
68.862	24
68.892	24
68.927	24
68.962	24
68.992	24
69.025	22
69.06	22
69.09	22
69.125	22
69.16	22
69.19	22
69.225	22
69.26	22
69.29	22
69.325	22
69.36	22
69.39	22
69.425	22
69.46	22
69.49	22
69.525	22
69.56	22
69.59	22
69.625	22
69.66	22
69.69	22
69.725	22
69.76	22
69.79	22
69.825	22
69.86	22
69.89	22
69.925	22
69.96	22
69.99	22
70.025	22
70.06	22
70.09	22
70.125	22
70.16	22
70.19	22
70.225	22
70.26	22
70.29	22
70.325	22
70.36	22
70.39	22
70.425	22
70.46	22
70.49	22
70.525	22
70.56	22
70.59	22
70.625	22
70.66	22
70.69	22
70.725	22
70.76	22
70.79	22
70.825	22
70.86	22
70.89	22
70.925	22
70.96	22
70.99	22
71.025	22
71.06	22
71.09	22
71.125	22
71.16	22
71.19	22
71.225	22
71.26	22
71.29	22
71.325	22
71.36	22
71.39	22
71.425	22
71.46	22
71.49	22
71.526	23
71.561	23
71.591	23
71.626	23
71.661	23
71.691	23
71.726	23
71.761	23
71.791	23
71.826	23
71.861	23
71.891	23
71.926	23
71.961	23
71.991	23
72.024	21
72.059	21
72.089	21
72.124	21
72.159	21
72.189	21
72.224	21
72.259	21
72.289	21
72.324	21
72.359	21
72.389	21
72.424	21
72.459	21
72.489	21
72.526	23
72.561	23
72.591	23
72.626	23
72.661	23
72.691	23
72.726	23
72.761	23
72.791	23
72.826	23
72.861	23
72.891	23
72.926	23
72.961	23
72.991	23
73.027	24
73.062	24
73.092	24
73.127	24
73.162	24
73.192	24
73.227	24
73.262	24
73.292	24
73.327	24
73.362	24
73.392	24
73.427	24
73.462	24
73.491	23
73.527	24
73.562	24
73.592	24
73.627	24
73.662	24
73.727	24
73.762	24
73.792	24
73.827	24
73.862	24
73.892	24
73.927	24
73.962	24
73.992	24
74.025	22
74.06	22
74.09	22
74.125	22
74.16	22
74.19	22
74.225	22
74.26	22
74.29	22
74.325	22
74.36	22
74.39	22
74.425	22
74.46	22
74.49	22
74.526	23
74.561	23
74.591	23
74.626	23
74.661	23
74.691	23
74.726	23
74.761	23
74.791	23
74.826	23
74.861	23
74.891	23
74.926	23
74.961	23
74.991	23
75.031	28
75.066	28
75.096	28
75.131	28
75.166	28
75.196	28
75.231	28
75.266	28
75.296	28
75.331	28
75.366	28
75.396	28
75.431	28
75.466	28
75.496	28
75.528	25
75.563	25
75.593	25
75.628	25
75.663	25
75.693	25
75.728	25
75.763	25
75.793	25
75.828	25
75.863	25
75.893	25
75.928	25
75.963	25
75.993	25
76.035	32
76.07	32
76.1	32
76.135	32
76.17	32
76.2	32
76.235	32
76.27	32
76.3	32
76.335	32
76.369	31
76.4	32
76.435	32
76.47	32
76.5	32
76.528	25
76.563	25
76.593	25
76.628	25
76.664	26
76.694	26
76.729	26
76.764	26
76.794	26
76.829	26
76.864	26
76.894	26
76.929	26
76.964	26
76.994	26
77.04	37
77.075	37
77.105	37
77.14	37
77.175	37
77.205	37
77.24	37
77.275	37
77.305	37
77.34	37
77.405	37
77.44	37
77.47	37
77.505	37
77.534	31
77.569	31
77.599	31
77.633	30
77.668	30
77.698	30
77.733	30
77.768	30
77.798	30
77.833	30
77.868	30
77.898	30
77.933	30
77.968	30
77.998	30
78.027	24
78.062	24
78.092	24
78.127	24
78.162	24
78.192	24
78.227	24
78.262	24
78.292	24
78.327	24
78.362	24
78.392	24
78.427	24
78.462	24
78.492	24
78.531	28
78.566	28
78.596	28
78.631	28
78.666	28
78.696	28
78.731	28
78.766	28
78.796	28
78.831	28
78.866	28
78.896	28
78.931	28
78.966	28
78.996	28
79.029	26
79.064	26
79.094	26
79.129	26
79.164	26
79.194	26
79.229	26
79.264	26
79.294	26
79.329	26
79.364	26
79.394	26
79.429	26
79.464	26
79.494	26
79.527	24
79.562	24
79.592	24
79.627	24
79.662	24
79.692	24
79.727	24
79.762	24
79.792	24
79.827	24
79.862	24
79.892	24
79.927	24
79.962	24
79.992	24
80.031	28
80.066	28
80.096	28
80.13	27
80.165	27
80.195	27
80.23	27
80.295	27
80.33	27
80.365	27
80.395	27
80.43	27
80.465	27
80.527	24
80.562	24
80.592	24
80.627	24
80.662	24
80.692	24
80.727	24
80.762	24
80.792	24
80.827	24
80.862	24
80.892	24
80.927	24
80.962	24
80.992	24
81.029	26
81.064	26
81.094	26
81.129	26
81.164	26
81.194	26
81.229	26
81.264	26
81.294	26
81.329	26
81.394	26
81.429	26
81.464	26
81.494	26
81.526	23
81.561	23
81.591	23
81.626	23
81.661	23
81.691	23
81.726	23
81.761	23
81.791	23
81.826	23
81.861	23
81.891	23
81.926	23
81.961	23
81.991	23
82.027	24
82.062	24
82.092	24
82.127	24
82.162	24
82.192	24
82.227	24
82.262	24
82.292	24
82.327	24
82.362	24
82.392	24
82.427	24
82.462	24
82.492	24
82.53	27
82.565	27
82.63	27
82.665	27
82.695	27
82.73	27
82.765	27
82.795	27
82.83	27
82.865	27
82.895	27
82.93	27
82.965	27
82.995	27
83.028	25
83.063	25
83.093	25
83.128	25
83.163	25
83.193	25
83.229	26
83.264	26
83.294	26
83.329	26
83.364	26
83.394	26
83.429	26
83.459	26
83.493	25
83.528	25
83.558	25
83.593	25
83.628	25
83.658	25
83.693	25
83.728	25
83.758	25
83.793	25
83.828	25
83.858	25
83.893	25
83.928	25
83.958	25
83.993	25
84.026	23
84.056	23
84.091	23
84.126	23
84.156	23
84.191	23
84.226	23
84.256	23
84.291	23
84.326	23
84.356	23
84.391	23
84.491	23
84.525	22
84.55	22
84.59	22
84.625	22
84.655	22
84.725	22
84.755	22
84.79	22
84.84	20
84.89	22
84.925	22
84.955	22
84.99	22
85.025	22
85.055	22
85.09	22
85.125	22
85.155	22
85.19	22
85.225	22
85.255	22
85.29	22
85.325	22
85.355	22
85.39	22
85.425	22
85.455	22
85.49	22
85.528	25
85.558	25
85.593	25
85.628	25
85.658	25
85.693	25
85.729	26
85.759	26
85.794	26
85.829	26
85.859	26
85.894	26
85.929	26
85.959	26
85.994	26
86.025	22
86.055	22
86.09	22
86.125	22
86.155	22
86.19	22
86.225	22
86.255	22
86.29	22
86.325	22
86.355	22
86.39	22
86.425	22
86.455	22
86.49	22
86.527	24
86.557	24
86.592	24
86.627	24
86.656	23
86.691	23
86.726	23
86.756	23
86.791	23
86.84	20
86.891	23
86.926	23
86.956	23
86.991	23
87.026	23
87.056	23
87.091	23
87.156	23
87.191	23
87.226	23
87.256	23
87.291	23
87.34	20
87.39	22
87.425	22
87.455	22
87.49	22
87.524	21
87.554	21
87.589	21
87.624	21
87.654	21
87.689	21
87.724	21
87.754	21
87.789	21
87.824	21
87.854	21
87.889	21
87.924	21
87.954	21
87.989	21
88.026	23
88.056	23
88.091	23
88.126	23
88.191	23
88.226	23
88.256	23
88.291	23
88.326	23
88.356	23
88.391	23
88.426	23
88.456	23
88.491	23
88.524	21
88.554	21
88.589	21
88.624	21
88.654	21
88.689	21
88.724	21
88.754	21
88.789	21
88.824	21
88.854	21
88.889	21
88.924	21
88.954	21
88.989	21
89.025	22
89.055	22
89.09	22
89.125	22
89.155	22
89.19	22
89.225	22
89.255	22
89.29	22
89.325	22
89.355	22
89.39	22
89.425	22
89.455	22
89.49	22
89.539	36
89.569	36
89.604	36
89.639	36
89.669	36
89.704	36
89.739	36
89.769	36
89.804	36
89.839	36
89.869	36
89.904	36
89.939	36
89.969	36
90.004	36
90.057	24
90.092	24
90.127	24
90.157	24
90.192	24
90.227	24
90.257	24
90.292	24
90.327	24
90.357	24
90.392	24
90.427	24
90.457	24
90.492	24
90.527	24
90.557	24
90.592	24
90.627	24
90.657	24
90.692	24
90.728	25
90.757	24
90.792	24
90.827	24
90.857	24
90.892	24
90.927	24
90.957	24
90.992	24
91.026	23
91.056	23
91.091	23
91.126	23
91.156	23
91.191	23
91.226	23
91.256	23
91.291	23
91.326	23
91.356	23
91.391	23
91.426	23
91.456	23
91.491	23
91.526	23
91.556	23
91.591	23
91.626	23
91.691	23
91.726	23
91.756	23
91.791	23
91.826	23
91.856	23
91.891	23
91.926	23
91.956	23
91.991	23
92.026	23
92.056	23
92.091	23
92.126	23
92.156	23
92.191	23
92.226	23
92.256	23
92.291	23
92.326	23
92.356	23
92.391	23
92.426	23
92.456	23
92.491	23
92.528	25
92.558	25
92.593	25
92.628	25
92.658	25
92.693	25
92.758	25
92.793	25
92.828	25
92.858	25
92.893	25
92.928	25
92.958	25
92.993	25
93.027	24
93.057	24
93.092	24
93.127	24
93.157	24
93.192	24
93.227	24
93.257	24
93.292	24
93.327	24
93.357	24
93.392	24
93.427	24
93.457	24
93.492	24
93.527	24
93.557	24
93.592	24
93.627	24
93.657	24
93.692	24
93.727	24
93.757	24
93.792	24
93.827	24
93.893	25
93.928	25
93.958	25
93.993	25
94.025	22
94.055	22
94.09	22
94.125	22
94.155	22
94.19	22
94.225	22
94.255	22
94.29	22
94.325	22
94.355	22
94.39	22
94.425	22
94.455	22
94.49	22
94.527	24
94.557	24
94.592	24
94.627	24
94.657	24
94.692	24
94.727	24
94.757	24
94.792	24
94.827	24
94.857	24
94.892	24
94.927	24
94.957	24
94.992	24
95.033	30
95.063	30
95.098	30
95.133	30
95.163	30
95.198	30
95.233	30
95.263	30
95.298	30
95.333	30
95.363	30
95.397	29
95.432	29
95.462	29
95.497	29
95.528	25
95.558	25
95.628	25
95.658	25
95.728	25
95.758	25
95.793	25
95.828	25
95.858	25
95.893	25
95.928	25
95.958	25
95.993	25
96.025	22
96.055	22
96.09	22
96.125	22
96.155	22
96.19	22
96.225	22
96.255	22
96.29	22
96.34	20
96.39	22
96.455	22
96.49	22
96.529	26
96.559	26
96.594	26
96.628	25
96.694	26
96.729	26
96.759	26
96.794	26
96.829	26
96.859	26
96.894	26
96.929	26
96.958	25
97.04	37
97.07	37
97.1	37
97.139	36
97.169	36
97.204	36
97.239	36
97.269	36
97.304	36
97.34	37
97.37	37
97.405	37
97.44	37
97.471	38
97.506	38
97.555	22
97.59	22
97.625	22
97.655	22
97.69	22
97.725	22
97.755	22
97.79	22
97.825	22
97.855	22
97.89	22
97.925	22
97.955	22
97.99	22
98.026	23
98.056	23
98.091	23
98.126	23
98.156	23
98.191	23
98.226	23
98.256	23
98.291	23
98.326	23
98.356	23
98.391	23
98.426	23
98.456	23
98.526	23
98.556	23
98.591	23
98.626	23
98.656	23
98.686	23
98.726	23
98.756	23
98.791	23
98.826	23
98.856	23
98.891	23
98.926	23
98.956	23
98.991	23
99.026	23
99.056	23
99.091	23
99.126	23
99.155	22
99.191	23
99.226	23
99.256	23
99.291	23
99.326	23
99.356	23
99.391	23
99.456	23
99.491	23
99.528	25
99.558	25
99.593	25
99.628	25
99.658	25
99.693	25
99.728	25
99.758	25
99.793	25
99.828	25
99.858	25
99.893	25
99.928	25
99.958	25
99.993	25
100.027	24
100.057	24
100.092	24
100.127	24
100.157	24
100.192	24
100.227	24
100.257	24
100.292	24
100.327	24
100.357	24
100.392	24
100.427	24
100.457	24
100.492	24
100.525	22
100.591	23
100.626	23
100.655	22
100.69	22
100.726	23
100.826	23
100.856	23
100.886	23
100.926	23
100.955	22
100.99	22
101.025	22
101.055	22
101.09	22
101.125	22
101.155	22
101.19	22
101.225	22
101.255	22
101.29	22
101.325	22
101.355	22
101.39	22
101.425	22
101.455	22
101.49	22
101.527	24
101.557	24
101.627	24
101.657	24
101.692	24
101.757	24
101.792	24
101.827	24
101.857	24
101.892	24
101.927	24
101.957	24
101.992	24
102.025	22
102.055	22
102.125	22
102.155	22
102.19	22
102.225	22
102.255	22
102.29	22
102.325	22
102.355	22
102.39	22
102.425	22
102.455	22
102.49	22
102.526	23
102.556	23
102.626	23
102.655	22
102.69	22
102.725	22
102.755	22
102.79	22
102.825	22
102.855	22
102.89	22
102.925	22
102.955	22
102.99	22
103.026	23
103.056	23
103.091	23
103.126	23
103.156	23
103.191	23
103.226	23
103.256	23
103.291	23
103.326	23
103.356	23
103.391	23
103.456	23
103.491	23
103.527	24
103.557	24
103.592	24
103.627	24
103.657	24
103.692	24
103.727	24
103.757	24
103.792	24
103.827	24
103.857	24
103.927	24
103.977	24
104.026	23
104.056	23
104.091	23
104.126	23
104.156	23
104.191	23
104.226	23
104.256	23
104.291	23
104.326	23
104.356	23
104.391	23
104.426	23
104.456	23
104.491	23
104.525	22
104.555	22
104.59	22
104.625	22
104.655	22
104.69	22
104.755	22
104.79	22
104.825	22
104.855	22
104.89	22
104.925	22
104.955	22
104.99	22
105.026	23
105.056	23
105.091	23
105.126	23
105.156	23
105.191	23
105.226	23
105.256	23
105.291	23
105.326	23
105.356	23
105.391	23
105.426	23
105.456	23
105.491	23
105.527	24
105.557	24
105.592	24
105.627	24
105.657	24
105.692	24
105.727	24
105.757	24
105.792	24
105.827	24
105.857	24
105.892	24
105.927	24
105.992	24
106.029	26
106.059	26
106.094	26
106.129	26
106.159	26
106.194	26
106.229	26
106.259	26
106.294	26
106.329	26
106.359	26
106.394	26
106.429	26
106.459	26
106.494	26
106.525	22
106.555	22
106.59	22
106.625	22
106.655	22
106.69	22
106.725	22
106.755	22
106.79	22
106.825	22
106.855	22
106.89	22
106.925	22
106.955	22
106.99	22
107.028	25
107.058	25
107.093	25
107.128	25
107.158	25
107.228	25
107.258	25
107.293	25
107.328	25
107.358	25
107.393	25
107.428	25
107.458	25
107.493	25
107.525	22
107.555	22
107.59	22
107.625	22
107.655	22
107.69	22
107.725	22
107.755	22
107.79	22
107.84	20
107.89	22
107.925	22
107.99	22
108.026	23
108.056	23
108.091	23
108.126	23
108.156	23
108.191	23
108.226	23
108.256	23
108.291	23
108.326	23
108.356	23
108.391	23
108.426	23
108.456	23
108.491	23
108.526	23
108.556	23
108.591	23
108.626	23
108.656	23
108.691	23
108.726	23
108.756	23
108.791	23
108.826	23
108.856	23
108.891	23
108.926	23
108.956	23
108.991	23
109.025	22
109.055	22
109.09	22
109.125	22
109.155	22
109.19	22
109.225	22
109.255	22
109.29	22
109.325	22
109.355	22
109.425	22
109.475	22
109.525	22
109.555	22
109.59	22
109.625	22
109.655	22
109.69	22
109.725	22
109.755	22
109.79	22
109.825	22
109.89	22
109.925	22
109.955	22
109.99	22
110.026	23
110.056	23
110.091	23
110.126	23
110.156	23
110.191	23
110.226	23
110.256	23
110.291	23
110.326	23
110.356	23
110.391	23
110.426	23
110.456	23
110.491	23
110.525	22
110.555	22
110.59	22
110.625	22
110.655	22
110.69	22
110.725	22
110.756	23
110.791	23
110.826	23
110.856	23
110.891	23
110.926	23
110.956	23
110.991	23
111.039	36
111.069	36
111.104	36
111.139	36
111.169	36
111.239	36
111.269	36
111.299	36
111.338	35
111.368	35
111.403	35
111.438	35
111.468	35
111.525	22
111.555	22
111.59	22
111.625	22
111.655	22
111.69	22
111.725	22
111.755	22
111.79	22
111.825	22
111.855	22
111.89	22
111.925	22
111.955	22
111.99	22
112.026	23
112.056	23
112.091	23
112.126	23
112.156	23
112.191	23
112.226	23
112.256	23
112.292	24
112.327	24
112.357	24
112.392	24
112.427	24
112.457	24
112.492	24
112.525	22
112.555	22
112.59	22
112.655	22
112.69	22
112.725	22
112.755	22
112.79	22
112.825	22
112.855	22
112.89	22
112.925	22
112.99	22
113.024	21
113.054	21
113.089	21
113.124	21
113.154	21
113.224	21
113.254	21
113.289	21
113.324	21
113.354	21
113.389	21
113.424	21
113.454	21
113.489	21
113.526	23
113.556	23
113.591	23
113.626	23
113.656	23
113.691	23
113.726	23
113.756	23
113.791	23
113.826	23
113.856	23
113.891	23
113.926	23
113.956	23
113.991	23
114.025	22
114.055	22
114.09	22
114.125	22
114.155	22
114.19	22
114.225	22
114.255	22
114.29	22
114.325	22
114.355	22
114.39	22
114.425	22
114.455	22
114.49	22
114.526	23
114.556	23
114.591	23
114.626	23
114.656	23
114.691	23
114.726	23
114.756	23
114.791	23
114.826	23
114.856	23
114.891	23
114.926	23
114.956	23
114.991	23
115.026	23
115.056	23
115.091	23
115.126	23
115.156	23
115.191	23
115.226	23
115.256	23
115.291	23
115.326	23
115.356	23
115.391	23
115.426	23
115.456	23
115.491	23
115.525	22
115.555	22
115.59	22
115.625	22
115.655	22
115.69	22
115.725	22
115.755	22
115.79	22
115.825	22
115.855	22
115.89	22
115.925	22
115.955	22
115.99	22
116.025	22
116.055	22
116.09	22
116.125	22
116.155	22
116.19	22
116.225	22
116.255	22
116.29	22
116.325	22
116.355	22
116.39	22
116.425	22
116.455	22
116.49	22
116.525	22
116.555	22
116.59	22
116.625	22
116.69	22
116.725	22
116.755	22
116.79	22
116.825	22
116.855	22
116.89	22
116.925	22
116.955	22
116.99	22
117.025	22
117.055	22
117.09	22
117.125	22
117.155	22
117.19	22
117.225	22
117.255	22
117.29	22
117.325	22
117.355	22
117.39	22
117.425	22
117.455	22
117.49	22
117.525	22
117.555	22
117.59	22
117.655	22
117.69	22
117.725	22
117.79	22
117.825	22
117.855	22
117.89	22
117.925	22
117.955	22
117.99	22
118.027	24
118.057	24
118.092	24
118.127	24
118.192	24
118.227	24
118.257	24
118.292	24
118.327	24
118.392	24
118.427	24
118.457	24
118.492	24
118.526	23
118.556	23
118.591	23
118.626	23
118.656	23
118.691	23
118.726	23
118.756	23
118.791	23
118.826	23
118.856	23
118.891	23
118.926	23
118.956	23
118.991	23
119.025	22
119.055	22
119.09	22
119.125	22
119.155	22
119.19	22
119.225	22
119.255	22
119.29	22
119.325	22
119.355	22
119.39	22
119.425	22
119.455	22
119.49	22
119.524	21
119.554	21
119.589	21
119.624	21
119.654	21
119.689	21
119.724	21
119.789	21
119.824	21
119.854	21
119.889	21
119.924	21
119.954	21
119.989	21
120.025	22
120.055	22
120.09	22
120.125	22
120.155	22
120.19	22
120.225	22
120.255	22
120.29	22
120.325	22
120.355	22
120.39	22
120.425	22
120.455	22
120.49	22
120.524	21
120.554	21
120.589	21
120.624	21
120.654	21
120.689	21
120.724	21
120.754	21
120.789	21
120.824	21
120.854	21
120.889	21
120.924	21
120.954	21
120.989	21
121.026	23
121.056	23
121.091	23
121.126	23
121.156	23
121.191	23
121.226	23
121.256	23
121.291	23
121.326	23
121.356	23
121.39	22
121.425	22
121.455	22
121.49	22
121.525	22
121.555	22
121.59	22
121.625	22
121.655	22
121.69	22
121.725	22
121.755	22
121.79	22
121.825	22
121.855	22
121.89	22
121.925	22
121.955	22
121.99	22
122.024	21
122.054	21
122.089	21
122.124	21
122.154	21
122.189	21
122.224	21
122.254	21
122.289	21
122.324	21
122.354	21
122.389	21
122.424	21
122.454	21
122.489	21
122.527	24
122.557	24
122.592	24
122.627	24
122.657	24
122.692	24
122.727	24
122.757	24
122.792	24
122.827	24
122.857	24
122.892	24
122.927	24
122.957	24
122.992	24
123.026	23
123.056	23
123.091	23
123.126	23
123.156	23
123.191	23
123.226	23
123.256	23
123.291	23
123.326	23
123.356	23
123.391	23
123.426	23
123.456	23
123.491	23
123.524	21
123.554	21
123.589	21
123.624	21
123.654	21
123.689	21
123.724	21
123.754	21
123.789	21
123.824	21
123.854	21
123.889	21
123.924	21
123.954	21
124.026	23
124.056	23
124.091	23
124.126	23
124.156	23
124.191	23
124.226	23
124.257	24
124.292	24
124.327	24
124.357	24
124.392	24
124.427	24
124.457	24
124.492	24
124.525	22
124.555	22
124.59	22
124.625	22
124.655	22
124.69	22
124.725	22
124.79	22
124.825	22
124.855	22
124.89	22
124.925	22
124.955	22
124.99	22
125.024	21
125.054	21
125.089	21
125.125	22
125.154	21
125.19	22
125.225	22
125.255	22
125.29	22
125.325	22
125.355	22
125.39	22
125.425	22
125.454	21
125.489	21
125.531	28
125.561	28
125.596	28
125.631	28
125.661	28
125.696	28
125.731	28
125.761	28
125.796	28
125.831	28
125.861	28
125.896	28
125.931	28
125.961	28
125.996	28
126.025	22
126.055	22
126.09	22
126.125	22
126.155	22
126.19	22
126.225	22
126.255	22
126.29	22
126.325	22
126.355	22
126.39	22
126.425	22
126.455	22
126.49	22
126.55	47
126.58	47
126.615	47
126.65	47
126.68	47
126.715	47
126.75	47
126.781	48
126.817	49
126.852	49
126.884	51
126.917	49
126.952	49
126.982	49
127.017	49
127.056	23
127.091	23
127.125	22
127.155	22
127.19	22
127.225	22
127.255	22
127.29	22
127.325	22
127.356	23
127.39	22
127.425	22
127.455	22
127.49	22
127.526	23
127.556	23
127.591	23
127.626	23
127.656	23
127.691	23
127.726	23
127.756	23
127.791	23
127.826	23
127.856	23
127.891	23
127.926	23
127.956	23
127.991	23
128.026	23
128.056	23
128.091	23
128.126	23
128.191	23
128.226	23
128.291	23
128.326	23
128.356	23
128.391	23
128.426	23
128.456	23
128.491	23
128.526	23
128.556	23
128.591	23
128.626	23
128.656	23
128.691	23
128.726	23
128.756	23
128.791	23
128.826	23
128.856	23
128.891	23
128.926	23
128.956	23
128.991	23
129.024	21
129.054	21
129.089	21
129.124	21
129.154	21
129.189	21
129.224	21
129.254	21
129.289	21
129.324	21
129.354	21
129.389	21
129.424	21
129.454	21
129.489	21
129.525	22
129.555	22
129.59	22
129.625	22
129.655	22
129.69	22
129.725	22
129.755	22
129.79	22
129.825	22
129.855	22
129.89	22
129.925	22
129.955	22
129.99	22
130.025	22
130.055	22
130.09	22
130.125	22
130.155	22
130.19	22
130.225	22
130.255	22
130.29	22
130.325	22
130.355	22
130.39	22
130.425	22
130.455	22
130.49	22
130.526	23
130.556	23
130.591	23
130.626	23
130.656	23
130.691	23
130.726	23
130.756	23
130.791	23
130.826	23
130.856	23
130.891	23
130.926	23
130.956	23
130.991	23
131.027	24
131.057	24
131.092	24
131.127	24
131.192	24
131.227	24
131.257	24
131.292	24
131.327	24
131.357	24
131.391	23
131.426	23
131.456	23
131.491	23
131.525	22
131.555	22
131.59	22
131.625	22
131.655	22
131.69	22
131.725	22
131.755	22
131.79	22
131.825	22
131.855	22
131.89	22
131.925	22
131.955	22
131.99	22
132.024	21
132.054	21
132.089	21
132.124	21
132.154	21
132.189	21
132.224	21
132.289	21
132.324	21
132.354	21
132.389	21
132.424	21
132.454	21
132.489	21
132.525	22
132.555	22
132.59	22
132.625	22
132.655	22
132.69	22
132.725	22
132.755	22
132.79	22
132.825	22
132.855	22
132.89	22
132.925	22
132.955	22
132.99	22
133.025	22
133.055	22
133.09	22
133.125	22
133.155	22
133.19	22
133.225	22
133.255	22
133.29	22
133.325	22
133.355	22
133.39	22
133.425	22
133.455	22
133.49	22
133.525	22
133.555	22
133.59	22
133.625	22
133.655	22
133.69	22
133.725	22
133.755	22
133.79	22
133.825	22
133.855	22
133.89	22
133.925	22
133.955	22
133.99	22
134.028	25
134.058	25
134.093	25
134.128	25
134.158	25
134.228	25
134.258	25
134.293	25
134.328	25
134.358	25
134.393	25
134.428	25
134.458	25
134.493	25
134.525	22
134.555	22
134.59	22
134.625	22
134.655	22
134.69	22
134.725	22
134.755	22
134.79	22
134.825	22
134.855	22
134.89	22
134.925	22
134.955	22
134.99	22
135.027	24
135.057	24
135.092	24
135.127	24
135.157	24
135.192	24
135.227	24
135.257	24
135.292	24
135.327	24
135.357	24
135.392	24
135.427	24
135.457	24
135.492	24
135.525	22
135.555	22
135.59	22
135.625	22
135.655	22
135.69	22
135.725	22
135.755	22
135.79	22
135.825	22
135.855	22
135.89	22
135.925	22
135.955	22
135.99	22
136.026	23
136.056	23
136.091	23
136.126	23
136.156	23
136.191	23
136.226	23
136.256	23
136.291	23
136.326	23
136.356	23
136.391	23
136.426	23
136.456	23
136.491	23
136.526	23
136.556	23
136.591	23
136.626	23
136.656	23
136.691	23
136.726	23
136.756	23
136.791	23
136.826	23
136.856	23
136.891	23
136.926	23
136.956	23
136.991	23
137.025	22
137.055	22
137.09	22
137.125	22
137.155	22
137.19	22
137.225	22
137.255	22
137.29	22
137.325	22
137.355	22
137.39	22
137.425	22
137.455	22
137.49	22
137.525	22
137.555	22
137.59	22
137.625	22
137.654	21
137.69	22
137.725	22
137.755	22
137.79	22
137.825	22
137.855	22
137.89	22
137.925	22
137.955	22
137.99	22
138.026	23
138.056	23
138.091	23
138.126	23
138.156	23
138.191	23
138.226	23
138.256	23
138.291	23
138.326	23
138.356	23
138.391	23
138.426	23
138.456	23
138.491	23
138.526	23
138.556	23
138.591	23
138.626	23
138.656	23
138.691	23
138.726	23
138.756	23
138.791	23
138.826	23
138.856	23
138.891	23
138.926	23
138.956	23
138.991	23
139.025	22
139.055	22
139.09	22
139.125	22
139.155	22
139.19	22
139.225	22
139.255	22
139.29	22
139.325	22
139.355	22
139.39	22
139.425	22
139.455	22
139.49	22
139.557	24
139.592	24
139.627	24
139.657	24
139.692	24
139.727	24
139.757	24
139.792	24
139.827	24
139.857	24
139.892	24
139.927	24
139.957	24
139.992	24
140.029	26
140.059	26
140.094	26
140.129	26
140.158	25
140.194	26
140.229	26
140.259	26
140.294	26
140.329	26
140.359	26
140.394	26
140.429	26
140.458	25
140.493	25
140.527	24
140.557	24
140.592	24
140.627	24
140.657	24
140.692	24
140.727	24
140.757	24
140.792	24
140.827	24
140.857	24
140.892	24
140.927	24
140.957	24
140.992	24
141.028	25
141.058	25
141.093	25
141.127	24
141.157	24
141.192	24
141.227	24
141.257	24
141.292	24
141.327	24
141.357	24
141.393	25
141.428	25
141.458	25
141.493	25
141.528	25
141.558	25
141.593	25
141.628	25
141.658	25
141.728	25
141.758	25
141.793	25
141.828	25
141.858	25
141.893	25
141.928	25
141.958	25
141.993	25
142.029	26
142.059	26
142.094	26
142.129	26
142.159	26
142.194	26
142.229	26
142.259	26
142.294	26
142.329	26
142.36	27
142.395	27
142.43	27
142.46	27
142.495	27
142.527	24
142.557	24
142.592	24
142.627	24
142.657	24
142.692	24
142.727	24
142.757	24
142.792	24
142.827	24
142.857	24
142.892	24
142.927	24
142.957	24
142.992	24
143.027	24
143.057	24
143.092	24
143.127	24
143.157	24
143.192	24
143.227	24
143.257	24
143.292	24
143.327	24
143.357	24
143.392	24
143.427	24
143.457	24
143.492	24
143.53	27
143.56	27
143.595	27
143.629	26
143.659	26
143.694	26
143.729	26
143.759	26
143.794	26
143.829	26
143.859	26
143.894	26
143.929	26
143.959	26
143.994	26
144.03	27
144.06	27
144.095	27
144.13	27
144.16	27
144.195	27
144.23	27
144.26	27
144.295	27
144.33	27
144.36	27
144.395	27
144.43	27
144.46	27
144.495	27
144.529	26
144.559	26
144.594	26
144.629	26
144.659	26
144.694	26
144.729	26
144.759	26
144.794	26
144.829	26
144.859	26
144.894	26
144.959	26
145.009	26
145.059	26
145.094	26
145.128	25
145.158	25
145.193	25
145.228	25
145.258	25
145.293	25
145.328	25
145.358	25
145.393	25
145.428	25
145.458	25
145.493	25
145.529	26
145.559	26
145.594	26
145.629	26
145.659	26
145.694	26
145.729	26
145.759	26
145.795	27
145.83	27
145.86	27
145.895	27
145.93	27
145.96	27
145.995	27
146.027	24
146.057	24
146.092	24
146.127	24
146.157	24
146.192	24
146.227	24
146.257	24
146.292	24
146.327	24
146.392	24
146.427	24
146.457	24
146.492	24
146.535	32
146.565	32
146.6	32
146.635	32
146.665	32
146.7	32
146.735	32
146.765	32
146.8	32
146.834	31
146.864	31
146.899	31
146.934	31
146.964	31
146.999	31
147.027	24
147.057	24
147.092	24
147.127	24
147.157	24
147.192	24
147.227	24
147.257	24
147.292	24
147.327	24
147.357	24
147.392	24
147.427	24
147.457	24
147.492	24
147.526	23
147.556	23
147.591	23
147.626	23
147.691	23
147.726	23
147.756	23
147.791	23
147.826	23
147.856	23
147.891	23
147.926	23
147.956	23
147.991	23
148.024	21
148.054	21
148.089	21
148.124	21
148.154	21
148.189	21
148.224	21
148.254	21
148.289	21
148.324	21
148.354	21
148.389	21
148.424	21
148.454	21
148.489	21
148.524	21
148.554	21
148.589	21
148.624	21
148.654	21
148.689	21
148.724	21
148.754	21
148.789	21
148.824	21
148.854	21
148.889	21
148.924	21
148.954	21
148.989	21
149.028	25
149.058	25
149.093	25
149.128	25
149.158	25
149.193	25
149.228	25
149.258	25
149.293	25
149.328	25
149.358	25
149.393	25
149.428	25
149.458	25
149.493	25
149.525	22
149.555	22
149.59	22
149.625	22
149.655	22
149.69	22
149.725	22
149.755	22
149.79	22
149.825	22
149.855	22
149.89	22
149.925	22
149.955	22
149.99	22
150.024	21
150.054	21
150.089	21
150.124	21
150.154	21
150.189	21
150.224	21
150.254	21
150.289	21
150.324	21
150.354	21
150.389	21
150.424	21
150.454	21
150.489	21
150.527	24
150.557	24
150.592	24
150.627	24
150.657	24
150.692	24
150.727	24
150.757	24
150.792	24
150.827	24
150.857	24
150.892	24
150.927	24
150.957	24
150.992	24
151.026	23
151.056	23
151.091	23
151.126	23
151.156	23
151.226	23
151.256	23
151.291	23
151.326	23
151.356	23
151.391	23
151.426	23
151.456	23
151.491	23
151.525	22
151.555	22
151.59	22
151.625	22
151.655	22
151.69	22
151.725	22
151.755	22
151.79	22
151.825	22
151.855	22
151.89	22
151.925	22
151.955	22
151.99	22
152.024	21
152.054	21
152.089	21
152.124	21
152.154	21
152.189	21
152.224	21
152.254	21
152.289	21
152.324	21
152.354	21
152.389	21
152.424	21
152.489	21
152.525	22
152.555	22
152.59	22
152.625	22
152.655	22
152.69	22
152.725	22
152.755	22
152.79	22
152.825	22
152.855	22
152.89	22
152.925	22
152.955	22
152.99	22
153.026	23
153.056	23
153.091	23
153.126	23
153.156	23
153.191	23
153.226	23
153.256	23
153.291	23
153.325	22
153.356	23
153.391	23
153.426	23
153.456	23
153.491	23
153.525	22
153.555	22
153.59	22
153.626	23
153.655	22
153.69	22
153.755	22
153.79	22
153.84	20
153.89	22
153.925	22
153.955	22
153.99	22
154.026	23
154.056	23
154.091	23
154.126	23
154.156	23
154.191	23
154.226	23
154.291	23
154.326	23
154.356	23
154.391	23
154.426	23
154.456	23
154.491	23
154.524	21
154.554	21
154.589	21
154.624	21
154.654	21
154.689	21
154.724	21
154.754	21
154.789	21
154.824	21
154.854	21
154.924	21
154.954	21
154.989	21
155.027	24
155.057	24
155.092	24
155.127	24
155.157	24
155.192	24
155.227	24
155.257	24
155.292	24
155.327	24
155.357	24
155.392	24
155.427	24
155.457	24
155.492	24
155.525	22
155.555	22
155.59	22
155.625	22
155.655	22
155.69	22
155.725	22
155.755	22
155.79	22
155.825	22
155.855	22
155.89	22
155.925	22
155.955	22
155.99	22
156.025	22
156.055	22
156.09	22
156.125	22
156.155	22
156.19	22
156.225	22
156.255	22
156.29	22
156.325	22
156.355	22
156.39	22
156.425	22
156.455	22
156.49	22
156.525	22
156.555	22
156.59	22
156.625	22
156.655	22
156.69	22
156.725	22
156.755	22
156.79	22
156.825	22
156.855	22
156.89	22
156.925	22
156.955	22
156.99	22
157.025	22
157.055	22
157.09	22
157.125	22
157.155	22
157.19	22
157.225	22
157.255	22
157.29	22
157.325	22
157.355	22
157.39	22
157.425	22
157.455	22
157.49	22
157.525	22
157.555	22
157.59	22
157.625	22
157.655	22
157.725	22
157.755	22
157.79	22
157.825	22
157.855	22
157.89	22
157.925	22
157.955	22
157.99	22
158.025	22
158.055	22
158.09	22
158.125	22
158.155	22
158.19	22
158.225	22
158.255	22
158.29	22
158.325	22
158.355	22
158.39	22
158.425	22
158.455	22
158.49	22
158.526	23
158.556	23
158.591	23
158.626	23
158.656	23
158.691	23
158.726	23
158.756	23
158.791	23
158.826	23
158.856	23
158.891	23
158.926	23
158.956	23
158.991	23
159.024	21
159.054	21
159.089	21
159.124	21
159.154	21
159.189	21
159.224	21
159.254	21
159.289	21
159.324	21
159.354	21
159.389	21
159.424	21
159.454	21
159.489	21
159.525	22
159.555	22
159.59	22
159.625	22
159.655	22
159.69	22
159.725	22
159.755	22
159.79	22
159.825	22
159.855	22
159.89	22
159.925	22
159.955	22
159.99	22
160.054	21
160.089	21
160.124	21
160.154	21
160.189	21
160.224	21
160.254	21
160.289	21
160.324	21
160.354	21
160.389	21
160.424	21
160.454	21
160.489	21
160.524	21
160.554	21
160.589	21
160.624	21
160.654	21
160.689	21
160.724	21
160.754	21
160.789	21
160.824	21
160.855	22
160.89	22
160.925	22
160.955	22
160.99	22
161.025	22
161.055	22
161.09	22
161.125	22
161.155	22
161.19	22
161.225	22
161.255	22
161.29	22
161.325	22
161.355	22
161.39	22
161.425	22
161.455	22
161.49	22
161.525	22
161.555	22
161.59	22
161.625	22
161.655	22
161.69	22
161.725	22
161.755	22
161.79	22
161.825	22
161.855	22
161.89	22
161.925	22
161.955	22
161.99	22
162.027	24
162.057	24
162.092	24
162.127	24
162.157	24
162.192	24
162.227	24
162.257	24
162.292	24
162.327	24
162.357	24
162.392	24
162.427	24
162.457	24
162.492	24
162.525	22
162.555	22
162.59	22
162.625	22
162.655	22
162.69	22
162.725	22
162.755	22
162.79	22
162.825	22
162.855	22
162.89	22
162.925	22
162.99	22
163.029	26
163.059	26
163.094	26
163.129	26
163.159	26
163.194	26
163.229	26
163.259	26
163.294	26
163.329	26
163.359	26
163.394	26
163.429	26
163.459	26
163.494	26
163.524	21
163.554	21
163.589	21
163.654	21
163.689	21
163.724	21
163.754	21
163.789	21
163.824	21
163.854	21
163.889	21
163.924	21
163.954	21
163.989	21
164.025	22
164.055	22
164.09	22
164.125	22
164.155	22
164.19	22
164.225	22
164.255	22
164.29	22
164.325	22
164.355	22
164.39	22
164.425	22
164.455	22
164.49	22
164.525	22
164.555	22
164.59	22
164.625	22
164.655	22
164.69	22
164.725	22
164.755	22
164.79	22
164.825	22
164.855	22
164.89	22
164.925	22
164.955	22
164.99	22
165.024	21
165.054	21
165.089	21
165.124	21
165.154	21
165.189	21
165.225	22
165.255	22
165.29	22
165.325	22
165.355	22
165.39	22
165.425	22
165.455	22
165.489	21
165.526	23
165.556	23
165.591	23
165.626	23
165.656	23
165.691	23
165.726	23
165.756	23
165.791	23
165.825	22
165.856	23
165.891	23
165.926	23
165.956	23
165.991	23
166.024	21
166.054	21
166.089	21
166.124	21
166.154	21
166.189	21
166.224	21
166.254	21
166.289	21
166.324	21
166.354	21
166.389	21
166.424	21
166.454	21
166.489	21
166.525	22
166.555	22
166.59	22
166.625	22
166.655	22
166.69	22
166.725	22
166.755	22
166.79	22
166.825	22
166.855	22
166.89	22
166.925	22
166.955	22
166.99	22
167.049	46
167.079	46
167.115	47
167.151	48
167.181	48
167.216	48
167.251	48
167.281	48
167.316	48
167.351	48
167.381	48
167.415	47
167.45	47
167.48	47
167.515	47
167.556	23
167.591	23
167.626	23
167.656	23
167.691	23
167.726	23
167.756	23
167.791	23
167.826	23
167.856	23
167.891	23
167.926	23
167.956	23
167.991	23
168.024	21
168.054	21
168.089	21
168.124	21
168.154	21
168.189	21
168.224	21
168.254	21
168.289	21
168.324	21
168.354	21
168.389	21
168.424	21
168.454	21
168.489	21
168.524	21
168.554	21
168.589	21
168.624	21
168.654	21
168.689	21
168.724	21
168.754	21
168.789	21
168.824	21
168.854	21
168.889	21
168.924	21
168.954	21
168.989	21
169.024	21
169.054	21
169.089	21
169.124	21
169.154	21
169.189	21
169.224	21
169.254	21
169.289	21
169.324	21
169.354	21
169.389	21
169.424	21
169.454	21
169.489	21
169.524	21
169.554	21
169.589	21
169.624	21
169.654	21
169.689	21
169.724	21
169.754	21
169.789	21
169.824	21
169.854	21
169.889	21
169.924	21
169.954	21
169.989	21
170.026	23
170.056	23
170.091	23
170.126	23
170.156	23
170.191	23
170.226	23
170.256	23
170.291	23
170.326	23
170.356	23
170.391	23
170.426	23
170.456	23
170.491	23
170.524	21
170.554	21
170.589	21
170.624	21
170.654	21
170.689	21
170.724	21
170.754	21
170.789	21
170.824	21
170.854	21
170.889	21
170.924	21
170.954	21
170.989	21
171.025	22
171.055	22
171.09	22
171.124	21
171.155	22
171.19	22
171.225	22
171.255	22
171.29	22
171.325	22
171.355	22
171.39	22
171.424	21
171.454	21
171.489	21
171.527	24
171.557	24
171.592	24
171.627	24
171.657	24
171.692	24
171.727	24
171.757	24
171.792	24
171.827	24
171.857	24
171.892	24
171.927	24
171.957	24
171.992	24
172.026	23
172.056	23
172.091	23
172.126	23
172.156	23
172.191	23
172.226	23
172.256	23
172.291	23
172.326	23
172.356	23
172.391	23
172.426	23
172.456	23
172.491	23
172.525	22
172.555	22
172.59	22
172.625	22
172.655	22
172.69	22
172.725	22
172.755	22
172.79	22
172.825	22
172.855	22
172.89	22
172.925	22
172.955	22
172.99	22
173.025	22
173.055	22
173.09	22
173.125	22
173.155	22
173.19	22
173.225	22
173.255	22
173.29	22
173.325	22
173.356	23
173.391	23
173.426	23
173.456	23
173.491	23
173.527	24
173.557	24
173.592	24
173.627	24
173.657	24
173.692	24
173.727	24
173.757	24
173.792	24
173.827	24
173.857	24
173.892	24
173.927	24
173.957	24
173.992	24
174.026	23
174.056	23
174.091	23
174.126	23
174.156	23
174.191	23
174.226	23
174.256	23
174.291	23
174.326	23
174.356	23
174.391	23
174.426	23
174.456	23
174.491	23
174.526	23
174.556	23
174.59	22
174.625	22
174.655	22
174.69	22
174.725	22
174.755	22
174.79	22
174.825	22
174.855	22
174.891	23
174.926	23
174.956	23
174.991	23
175.025	22
175.055	22
175.09	22
175.125	22
175.155	22
175.19	22
175.225	22
175.255	22
175.29	22
175.34	20
175.39	22
175.425	22
175.455	22
175.49	22
175.524	21
175.554	21
175.589	21
175.624	21
175.654	21
175.689	21
175.724	21
175.754	21
175.789	21
175.824	21
175.854	21
175.889	21
175.924	21
175.954	21
175.989	21
176.025	22
176.055	22
176.09	22
176.125	22
176.155	22
176.19	22
176.225	22
176.255	22
176.29	22
176.325	22
176.355	22
176.39	22
176.425	22
176.455	22
176.49	22
176.525	22
176.555	22
176.59	22
176.625	22
176.655	22
176.69	22
176.725	22
176.755	22
176.79	22
176.825	22
176.855	22
176.89	22
176.925	22
176.955	22
177.025	22
177.055	22
177.09	22
177.125	22
177.155	22
177.19	22
177.225	22
177.255	22
177.29	22
177.325	22
177.355	22
177.39	22
177.425	22
177.455	22
177.49	22
177.524	21
177.554	21
177.589	21
177.654	21
177.689	21
177.724	21
177.754	21
177.789	21
177.824	21
177.854	21
177.889	21
177.924	21
177.954	21
177.989	21
178.024	21
178.054	21
178.089	21
178.124	21
178.154	21
178.189	21
178.224	21
178.254	21
178.289	21
178.324	21
178.354	21
178.389	21
178.424	21
178.454	21
178.489	21
178.524	21
178.554	21
178.589	21
178.624	21
178.654	21
178.689	21
178.724	21
178.754	21
178.789	21
178.824	21
178.854	21
178.889	21
178.924	21
178.954	21
178.989	21
179.028	25
179.058	25
179.093	25
179.128	25
179.158	25
179.193	25
179.228	25
179.258	25
179.293	25
179.328	25
179.358	25
179.393	25
179.428	25
179.458	25
179.493	25
179.539	36
179.569	36
179.605	37
179.639	36
179.669	36
179.704	36
179.739	36
179.769	36
179.804	36
179.839	36
179.869	36
179.904	36
179.939	36
179.969	36
180.024	21
180.054	21
180.089	21
180.124	21
180.154	21
180.189	21
180.224	21
180.254	21
180.289	21
180.324	21
180.354	21
180.389	21
180.424	21
180.454	21
180.489	21
180.525	22
180.59	22
180.625	22
180.655	22
180.69	22
180.725	22
180.755	22
180.79	22
180.825	22
180.855	22
180.89	22
180.925	22
180.955	22
180.99	22
181.024	21
181.054	21
181.089	21
181.124	21
181.155	22
181.19	22
181.225	22
181.255	22
181.29	22
181.325	22
181.355	22
181.39	22
181.425	22
181.454	21
181.489	21
181.525	22
181.555	22
181.59	22
181.625	22
181.655	22
181.725	22
181.755	22
181.79	22
181.825	22
181.855	22
181.89	22
181.925	22
181.955	22
181.99	22
182.024	21
182.054	21
182.089	21
182.124	21
182.154	21
182.189	21
182.224	21
182.254	21
182.289	21
182.324	21
182.354	21
182.389	21
182.424	21
182.454	21
182.489	21
182.524	21
182.554	21
182.589	21
182.624	21
182.654	21
182.689	21
182.724	21
182.754	21
182.789	21
182.824	21
182.854	21
182.889	21
182.924	21
182.954	21
182.989	21
183.024	21
183.054	21
183.089	21
183.124	21
183.154	21
183.189	21
183.224	21
183.254	21
183.289	21
183.324	21
183.354	21
183.389	21
183.424	21
183.454	21
183.489	21
183.524	21
183.554	21
183.589	21
183.624	21
183.654	21
183.689	21
183.724	21
183.754	21
183.789	21
183.824	21
183.854	21
183.889	21
183.924	21
183.954	21
183.989	21
184.057	24
184.092	24
184.127	24
184.157	24
184.192	24
184.227	24
184.257	24
184.292	24
184.327	24
184.357	24
184.392	24
184.427	24
184.457	24
184.492	24
184.53	27
184.595	27
184.63	27
184.66	27
184.695	27
184.73	27
184.76	27
184.795	27
184.83	27
184.86	27
184.895	27
184.93	27
184.96	27
184.995	27
185.027	24
185.057	24
185.092	24
185.157	24
185.192	24
185.227	24
185.257	24
185.327	24
185.357	24
185.392	24
185.427	24
185.457	24
185.492	24
185.526	23
185.556	23
185.591	23
185.626	23
185.656	23
185.691	23
185.726	23
185.756	23
185.791	23
185.826	23
185.856	23
185.891	23
185.926	23
185.956	23
185.991	23
186.026	23
186.056	23
186.091	23
186.126	23
186.156	23
186.191	23
186.226	23
186.256	23
186.291	23
186.326	23
186.356	23
186.391	23
186.426	23
186.456	23
186.491	23
186.525	22
186.555	22
186.59	22
186.625	22
186.655	22
186.69	22
186.725	22
186.755	22
186.79	22
186.825	22
186.855	22
186.89	22
186.925	22
186.955	22
186.99	22
187.027	24
187.057	24
187.092	24
187.127	24
187.157	24
187.192	24
187.227	24
187.257	24
187.292	24
187.327	24
187.357	24
187.392	24
187.427	24
187.457	24
187.492	24
187.524	21
187.554	21
187.589	21
187.624	21
187.654	21
187.724	21
187.754	21
187.789	21
187.824	21
187.854	21
187.889	21
187.924	21
187.954	21
187.989	21
188.025	22
188.055	22
188.089	21
188.124	21
188.154	21
188.189	21
188.224	21
188.254	21
188.289	21
188.324	21
188.354	21
188.39	22
188.425	22
188.455	22
188.49	22
188.526	23
188.591	23
188.626	23
188.655	22
188.69	22
188.725	22
188.755	22
188.79	22
188.826	23
188.856	23
188.891	23
188.926	23
188.956	23
188.99	22
189.024	21
189.054	21
189.089	21
189.124	21
189.154	21
189.189	21
189.224	21
189.254	21
189.289	21
189.324	21
189.354	21
189.389	21
189.424	21
189.454	21
189.489	21
189.524	21
189.554	21
189.589	21
189.624	21
189.655	22
189.69	22
189.725	22
189.755	22
189.79	22
189.825	22
189.855	22
189.89	22
189.925	22
189.955	22
189.99	22
190.025	22
190.055	22
190.09	22
190.125	22
190.155	22
190.19	22
190.225	22
190.255	22
190.29	22
190.325	22
190.355	22
190.39	22
190.425	22
190.455	22
190.49	22
190.524	21
190.554	21
190.589	21
190.624	21
190.654	21
190.689	21
190.724	21
190.754	21
190.789	21
190.824	21
190.854	21
190.889	21
190.954	21
190.989	21
191.025	22
191.055	22
191.09	22
191.125	22
191.155	22
191.19	22
191.225	22
191.255	22
191.29	22
191.325	22
191.355	22
191.39	22
191.425	22
191.455	22
191.49	22
191.527	24
191.557	24
191.592	24
191.627	24
191.657	24
191.692	24
191.727	24
191.757	24
191.792	24
191.827	24
191.857	24
191.892	24
191.927	24
191.957	24
191.992	24
192.032	29
192.062	29
192.097	29
192.132	29
192.162	29
192.197	29
192.232	29
192.262	29
192.297	29
192.332	29
192.362	29
192.397	29
192.432	29
192.461	28
192.496	28
192.527	24
192.557	24
192.592	24
192.627	24
192.657	24
192.692	24
192.727	24
192.757	24
192.827	24
192.857	24
192.892	24
192.926	23
192.956	23
192.991	23
193.027	24
193.057	24
193.092	24
193.127	24
193.157	24
193.192	24
193.227	24
193.257	24
193.292	24
193.327	24
193.357	24
193.392	24
193.427	24
193.457	24
193.492	24
193.527	24
193.557	24
193.592	24
193.627	24
193.657	24
193.692	24
193.727	24
193.757	24
193.792	24
193.827	24
193.857	24
193.892	24
193.927	24
193.957	24
193.992	24
194.026	23
194.056	23
194.091	23
194.126	23
194.156	23
194.191	23
194.226	23
194.256	23
194.291	23
194.327	24
194.357	24
194.392	24
194.427	24
194.457	24
194.492	24
194.528	25
194.558	25
194.593	25
194.628	25
194.658	25
194.693	25
194.728	25
194.758	25
194.793	25
194.828	25
194.858	25
194.893	25
194.928	25
194.958	25
194.993	25
195.027	24
195.057	24
195.092	24
195.127	24
195.157	24
195.192	24
195.227	24
195.257	24
195.292	24
195.327	24
195.357	24
195.392	24
195.427	24
195.457	24
195.492	24
195.526	23
195.556	23
195.591	23
195.626	23
195.656	23
195.691	23
195.726	23
195.756	23
195.791	23
195.826	23
195.856	23
195.891	23
195.926	23
195.956	23
195.991	23
196.026	23
196.056	23
196.091	23
196.126	23
196.156	23
196.191	23
196.226	23
196.256	23
196.291	23
196.326	23
196.356	23
196.391	23
196.426	23
196.456	23
196.491	23
196.525	22
196.555	22
196.59	22
196.625	22
196.655	22
196.69	22
196.725	22
196.755	22
196.79	22
196.84	20
196.89	22
196.925	22
196.95	22
196.99	22
197.027	24
197.057	24
197.092	24
197.127	24
197.157	24
197.192	24
197.227	24
197.257	24
197.292	24
197.327	24
197.357	24
197.392	24
197.427	24
197.457	24
197.492	24
197.528	25
197.558	25
197.593	25
197.628	25
197.658	25
197.693	25
197.728	25
197.758	25
197.793	25
197.828	25
197.858	25
197.893	25
197.928	25
197.958	25
197.993	25
198.03	27
198.06	27
198.095	27
198.13	27
198.16	27
198.195	27
198.23	27
198.26	27
198.295	27
198.33	27
198.36	27
198.395	27
198.43	27
198.46	27
198.495	27
198.527	24
198.557	24
198.592	24
198.627	24
198.657	24
198.692	24
198.727	24
198.757	24
198.792	24
198.827	24
198.857	24
198.892	24
198.927	24
198.957	24
198.991	23
199.029	26
199.059	26
199.094	26
199.129	26
199.159	26
199.194	26
199.229	26
199.259	26
199.294	26
199.341	21
199.395	27
199.43	27
199.46	27
199.495	27
199.527	24
199.557	24
199.592	24
199.627	24
199.657	24
199.692	24
199.727	24
199.757	24
199.792	24
199.827	24
199.857	24
199.892	24
199.927	24
199.957	24
199.992	24
200.028	25
200.058	25
200.093	25
200.128	25
200.158	25
200.193	25
200.228	25
200.258	25
200.293	25
200.328	25
200.358	25
200.428	25
200.458	25
200.493	25
200.525	22
200.555	22
200.59	22
200.626	23
200.656	23
200.691	23
200.726	23
200.756	23
200.791	23
200.826	23
200.856	23
200.891	23
200.926	23
200.956	23
200.991	23
201.026	23
201.056	23
201.091	23
201.126	23
201.156	23
201.191	23
201.226	23
201.257	24
201.292	24
201.327	24
201.357	24
201.392	24
201.427	24
201.457	24
201.492	24
201.526	23
201.556	23
201.591	23
201.626	23
201.656	23
201.691	23
201.726	23
201.756	23
201.791	23
201.826	23
201.856	23
201.891	23
201.926	23
201.956	23
201.991	23
202.028	25
202.058	25
202.093	25
202.128	25
202.158	25
202.193	25
202.228	25
202.258	25
202.293	25
202.328	25
202.358	25
202.393	25
202.428	25
202.458	25
202.493	25
202.528	25
202.558	25
202.593	25
202.628	25
202.658	25
202.693	25
202.728	25
202.758	25
202.793	25
202.828	25
202.858	25
202.893	25
202.928	25
202.958	25
202.993	25
203.027	24
203.057	24
203.092	24
203.127	24
203.157	24
203.192	24
203.227	24
203.292	24
203.327	24
203.357	24
203.392	24
203.426	23
203.456	23
203.491	23
203.528	25
203.558	25
203.593	25
203.628	25
203.658	25
203.693	25
203.728	25
203.758	25
203.793	25
203.828	25
203.858	25
203.893	25
203.928	25
203.958	25
203.993	25
204.028	25
204.058	25
204.093	25
204.128	25
204.158	25
204.193	25
204.228	25
204.258	25
204.293	25
204.328	25
204.358	25
204.428	25
204.458	25
204.493	25
204.525	22
204.555	22
204.59	22
204.625	22
204.655	22
204.69	22
204.725	22
204.755	22
204.79	22
204.825	22
204.855	22
204.89	22
204.925	22
204.955	22
204.99	22
205.026	23
205.056	23
205.091	23
205.126	23
205.156	23
205.191	23
205.226	23
205.256	23
205.291	23
205.326	23
205.356	23
205.391	23
205.426	23
205.456	23
205.491	23
205.526	23
205.556	23
205.591	23
205.626	23
205.656	23
205.691	23
205.726	23
205.756	23
205.791	23
205.826	23
205.856	23
205.891	23
205.926	23
205.956	23
205.991	23
206.031	28
206.061	28
206.096	28
206.131	28
206.161	28
206.196	28
206.231	28
206.261	28
206.296	28
206.331	28
206.361	28
206.396	28
206.431	28
206.461	28
206.496	28
206.529	26
206.558	25
206.594	26
206.629	26
206.659	26
206.694	26
206.729	26
206.759	26
206.794	26
206.829	26
206.859	26
206.893	25
206.928	25
206.958	25
206.993	25
207.027	24
207.057	24
207.092	24
207.127	24
207.157	24
207.192	24
207.227	24
207.257	24
207.292	24
207.327	24
207.357	24
207.392	24
207.427	24
207.457	24
207.491	23
207.526	23
207.556	23
207.626	23
207.656	23
207.691	23
207.726	23
207.756	23
207.786	23
207.826	23
207.856	23
207.891	23
207.926	23
207.956	23
207.991	23
208.034	31
208.064	31
208.099	31
208.134	31
208.163	30
208.198	30
208.233	30
208.263	30
208.298	30
208.333	30
208.363	30
208.398	30
208.433	30
208.463	30
208.527	24
208.557	24
208.592	24
208.656	23
208.691	23
208.726	23
208.756	23
208.791	23
208.827	24
208.857	24
208.892	24
208.927	24
208.957	24
208.992	24
209.027	24
209.057	24
209.091	23
209.126	23
209.156	23
209.191	23
209.226	23
209.256	23
209.291	23
209.326	23
209.356	23
209.391	23
209.426	23
209.456	23
209.491	23
209.527	24
209.557	24
209.592	24
209.627	24
209.657	24
209.692	24
209.727	24
209.757	24
209.792	24
209.827	24
209.857	24
209.892	24
209.927	24
209.957	24
209.992	24
210.025	22
210.055	22
210.09	22
210.125	22
210.155	22
210.19	22
210.225	22
210.255	22
210.29	22
210.326	23
210.356	23
210.391	23
210.426	23
210.456	23
210.528	25
210.558	25
210.593	25
210.628	25
210.658	25
210.693	25
210.728	25
210.758	25
210.793	25
210.828	25
210.858	25
210.893	25
210.927	24
210.957	24
210.992	24
211.025	22
211.055	22
211.09	22
211.125	22
211.155	22
211.19	22
211.225	22
211.255	22
211.29	22
211.325	22
211.355	22
211.39	22
211.425	22
211.455	22
211.49	22
211.525	22
211.555	22
211.59	22
211.625	22
211.655	22
211.69	22
211.725	22
211.755	22
211.79	22
211.825	22
211.855	22
211.89	22
211.925	22
211.955	22
211.99	22
212.026	23
212.056	23
212.091	23
212.126	23
212.156	23
212.191	23
212.226	23
212.256	23
212.291	23
212.326	23
212.356	23
212.391	23
212.426	23
212.456	23
212.491	23
212.527	24
212.557	24
212.592	24
212.627	24
212.657	24
212.692	24
212.727	24
212.757	24
212.792	24
212.827	24
212.857	24
212.892	24
212.927	24
212.957	24
212.992	24
213.027	24
213.057	24
213.092	24
213.127	24
213.157	24
213.192	24
213.227	24
213.257	24
213.292	24
213.327	24
213.392	24
213.427	24
213.457	24
213.492	24
213.526	23
213.556	23
213.591	23
213.626	23
213.656	23
213.691	23
213.726	23
213.756	23
213.791	23
213.826	23
213.856	23
213.891	23
213.926	23
213.956	23
213.991	23
214.028	25
214.093	25
214.128	25
214.158	25
214.193	25
214.228	25
214.258	25
214.293	25
214.328	25
214.358	25
214.393	25
214.428	25
214.458	25
214.493	25
214.525	22
214.555	22
214.59	22
214.625	22
214.655	22
214.691	23
214.726	23
214.756	23
214.791	23
214.826	23
214.856	23
214.891	23
214.926	23
214.956	23
214.991	23
215.026	23
215.056	23
215.091	23
215.126	23
215.156	23
215.191	23
215.226	23
215.256	23
215.291	23
215.326	23
215.356	23
215.391	23
215.426	23
215.456	23
215.491	23
215.527	24
215.557	24
215.592	24
215.627	24
215.657	24
215.692	24
215.727	24
215.757	24
215.792	24
215.827	24
215.857	24
215.892	24
215.927	24
215.957	24
215.992	24
216.025	22
216.055	22
216.09	22
216.125	22
216.155	22
216.19	22
216.225	22
216.256	23
216.29	22
216.325	22
216.355	22
216.39	22
216.425	22
216.455	22
216.49	22
216.524	21
216.554	21
216.624	21
216.654	21
216.689	21
216.724	21
216.754	21
216.789	21
216.824	21
216.854	21
216.889	21
216.924	21
216.954	21
216.989	21
217.024	21
217.054	21
217.089	21
217.124	21
217.154	21
217.189	21
217.224	21
217.254	21
217.289	21
217.324	21
217.354	21
217.389	21
217.424	21
217.454	21
217.489	21
217.525	22
217.555	22
217.59	22
217.625	22
217.655	22
217.69	22
217.725	22
217.755	22
217.79	22
217.825	22
217.855	22
217.89	22
217.925	22
217.955	22
217.99	22
218.024	21
218.054	21
218.089	21
218.124	21
218.154	21
218.189	21
218.224	21
218.254	21
218.289	21
218.324	21
218.354	21
218.389	21
218.424	21
218.454	21
218.489	21
218.526	23
218.556	23
218.591	23
218.626	23
218.656	23
218.691	23
218.726	23
218.756	23
218.791	23
218.826	23
218.856	23
218.891	23
218.926	23
218.956	23
218.991	23
219.024	21
219.054	21
219.089	21
219.124	21
219.154	21
219.189	21
219.224	21
219.254	21
219.289	21
219.324	21
219.354	21
219.389	21
219.424	21
219.454	21
219.489	21
219.524	21
219.554	21
219.589	21
219.624	21
219.654	21
219.689	21
219.724	21
219.754	21
219.789	21
219.824	21
219.854	21
219.889	21
219.924	21
219.954	21
219.989	21
220.023	20
220.053	20
220.088	20
220.123	20
220.153	20
220.188	20
220.223	20
220.253	20
220.288	20
220.323	20
220.353	20
220.388	20
220.423	20
220.453	20
220.488	20
220.524	21
220.554	21
220.589	21
220.624	21
220.654	21
220.689	21
220.724	21
220.754	21
220.789	21
220.824	21
220.854	21
220.889	21
220.924	21
220.954	21
220.989	21
221.031	28
221.061	28
221.096	28
221.131	28
221.161	28
221.196	28
221.231	28
221.261	28
221.296	28
221.331	28
221.361	28
221.396	28
221.431	28
221.461	28
221.496	28
221.526	23
221.556	23
221.591	23
221.626	23
221.656	23
221.691	23
221.726	23
221.756	23
221.791	23
221.826	23
221.856	23
221.891	23
221.926	23
221.956	23
221.991	23
222.025	22
222.055	22
222.09	22
222.125	22
222.155	22
222.19	22
222.225	22
222.255	22
222.29	22
222.34	20
222.39	22
222.425	22
222.455	22
222.49	22
222.526	23
222.556	23
222.591	23
222.626	23
222.656	23
222.691	23
222.726	23
222.756	23
222.791	23
222.826	23
222.856	23
222.891	23
222.926	23
222.956	23
222.991	23
223.024	21
223.054	21
223.089	21
223.125	22
223.154	21
223.189	21
223.224	21
223.254	21
223.289	21
223.324	21
223.354	21
223.389	21
223.425	22
223.455	22
223.49	22
223.524	21
223.554	21
223.589	21
223.624	21
223.654	21
223.689	21
223.724	21
223.754	21
223.789	21
223.824	21
223.854	21
223.889	21
223.924	21
223.954	21
223.989	21
224.025	22
224.055	22
224.089	21
224.124	21
224.154	21
224.189	21
224.224	21
224.254	21
224.289	21
224.324	21
224.354	21
224.389	21
224.424	21
224.454	21
224.489	21
224.524	21
224.554	21
224.589	21
224.654	21
224.689	21
224.724	21
224.754	21
224.789	21
224.824	21
224.854	21
224.889	21
224.924	21
224.954	21
225.034	31
225.064	31
225.089	31
225.134	31
225.164	31
225.199	31
225.234	31
225.264	31
225.299	31
225.334	31
225.365	32
225.399	31
225.434	31
225.464	31
225.499	31
225.524	21
225.554	21
225.589	21
225.624	21
225.654	21
225.689	21
225.724	21
225.754	21
225.789	21
225.824	21
225.854	21
225.889	21
225.924	21
225.954	21
225.989	21
226.024	21
226.054	21
226.089	21
226.124	21
226.154	21
226.189	21
226.224	21
226.255	22
226.289	21
226.324	21
226.354	21
226.389	21
226.424	21
226.454	21
226.489	21
226.54	37
226.57	37
226.605	37
226.641	38
226.671	38
226.741	38
226.771	38
226.806	38
226.842	39
226.87	37
226.905	37
226.94	37
226.97	37
227.005	37
227.03	27
227.06	27
227.095	27
227.13	27
227.16	27
227.195	27
227.23	27
227.26	27
227.295	27
227.33	27
227.36	27
227.43	27
227.46	27
227.495	27
227.524	21
227.554	21
227.585	22
227.624	21
227.654	21
227.689	21
227.724	21
227.754	21
227.789	21
227.84	20
227.889	21
227.924	21
227.954	21
227.989	21
228.024	21
228.054	21
228.089	21
228.124	21
228.189	21
228.224	21
228.254	21
228.289	21
228.324	21
228.354	21
228.389	21
228.424	21
228.454	21
228.489	21
228.524	21
228.554	21
228.589	21
228.624	21
228.654	21
228.689	21
228.724	21
228.754	21
228.789	21
228.824	21
228.854	21
228.889	21
228.924	21
228.954	21
228.989	21
229.024	21
229.054	21
229.089	21
229.124	21
229.154	21
229.189	21
229.224	21
229.289	21
229.324	21
229.354	21
229.389	21
229.454	21
229.489	21
229.526	23
229.556	23
229.591	23
229.626	23
229.656	23
229.691	23
229.726	23
229.756	23
229.791	23
229.826	23
229.856	23
229.891	23
229.926	23
229.956	23
229.991	23
230.024	21
230.054	21
230.089	21
230.124	21
230.154	21
230.189	21
230.224	21
230.254	21
230.289	21
230.324	21
230.354	21
230.389	21
230.424	21
230.454	21
230.489	21
230.525	22
230.555	22
230.59	22
230.625	22
230.655	22
230.69	22
230.725	22
230.755	22
230.79	22
230.825	22
230.855	22
230.925	22
230.955	22
230.99	22
231.025	22
231.055	22
231.09	22
231.125	22
231.155	22
231.19	22
231.225	22
231.29	22
231.325	22
231.355	22
231.39	22
231.425	22
231.455	22
231.49	22
231.525	22
231.555	22
231.59	22
231.625	22
231.655	22
231.69	22
231.725	22
231.755	22
231.79	22
231.825	22
231.855	22
231.89	22
231.925	22
231.955	22
231.99	22
232.028	25
232.058	25
232.093	25
232.128	25
232.158	25
232.193	25
232.228	25
232.258	25
232.293	25
232.328	25
232.358	25
232.393	25
232.428	25
232.458	25
232.493	25
232.525	22
232.555	22
232.59	22
232.625	22
232.655	22
232.69	22
232.725	22
232.755	22
232.79	22
232.825	22
232.855	22
232.89	22
232.925	22
232.955	22
232.99	22
233.033	30
233.063	30
233.098	30
233.133	30
233.163	30
233.198	30
233.233	30
233.263	30
233.298	30
233.333	30
233.363	30
233.398	30
233.433	30
233.463	30
233.498	30
233.525	22
233.555	22
233.59	22
233.625	22
233.655	22
233.69	22
233.725	22
233.755	22
233.79	22
233.825	22
233.855	22
233.89	22
233.925	22
233.955	22
233.99	22
234.025	22
234.055	22
234.125	22
234.155	22
234.19	22
234.225	22
234.255	22
234.29	22
234.34	20
234.39	22
234.425	22
234.455	22
234.49	22
234.524	21
234.554	21
234.589	21
234.624	21
234.654	21
234.689	21
234.724	21
234.754	21
234.789	21
234.824	21
234.854	21
234.889	21
234.924	21
234.954	21
234.989	21
235.024	21
235.054	21
235.089	21
235.124	21
235.154	21
235.189	21
235.224	21
235.254	21
235.289	21
235.324	21
235.354	21
235.389	21
235.424	21
235.489	21
235.526	23
235.555	22
235.59	22
235.625	22
235.655	22
235.69	22
235.725	22
235.755	22
235.79	22
235.825	22
235.855	22
235.89	22
235.925	22
235.99	22
236.024	21
236.054	21
236.089	21
236.124	21
236.154	21
236.224	21
236.254	21
236.289	21
236.324	21
236.354	21
236.389	21
236.424	21
236.454	21
236.489	21
236.525	22
236.555	22
236.625	22
236.655	22
236.69	22
236.755	22
236.79	22
236.825	22
236.855	22
236.89	22
236.925	22
236.955	22
236.99	22
237.025	22
237.055	22
237.09	22
237.125	22
237.155	22
237.19	22
237.225	22
237.255	22
237.29	22
237.325	22
237.355	22
237.39	22
237.425	22
237.455	22
237.49	22
237.525	22
237.555	22
237.59	22
237.625	22
237.655	22
237.69	22
237.725	22
237.755	22
237.825	22
237.855	22
237.925	22
237.955	22
237.99	22
238.025	22
238.055	22
238.09	22
238.125	22
238.155	22
238.225	22
238.255	22
238.29	22
238.325	22
238.355	22
238.39	22
238.425	22
238.455	22
238.49	22
238.525	22
238.59	22
238.625	22
238.655	22
238.725	22
238.755	22
238.79	22
238.825	22
238.855	22
238.89	22
238.925	22
238.955	22
238.99	22
239.025	22
239.055	22
239.09	22
239.125	22
239.155	22
239.19	22
239.225	22
239.255	22
239.29	22
239.325	22
239.355	22
239.39	22
239.425	22
239.455	22
239.49	22
239.525	22
239.555	22
239.59	22
239.625	22
239.655	22
239.69	22
239.725	22
239.755	22
239.79	22
239.825	22
239.855	22
239.89	22
239.925	22
239.955	22
239.99	22
240.024	21
240.054	21
240.089	21
240.124	21
240.154	21
240.189	21
240.224	21
240.254	21
240.289	21
240.324	21
240.354	21
240.389	21
240.424	21
240.454	21
240.489	21
240.525	22
240.555	22
240.59	22
240.625	22
240.655	22
240.69	22
240.725	22
240.755	22
240.79	22
240.825	22
240.855	22
240.89	22
240.925	22
240.955	22
240.99	22
241.025	22
241.055	22
241.09	22
241.125	22
241.155	22
241.19	22
241.225	22
241.255	22
241.29	22
241.325	22
241.355	22
241.39	22
241.425	22
241.455	22
241.49	22
241.529	26
241.559	26
241.594	26
241.629	26
241.659	26
241.694	26
241.729	26
241.759	26
241.794	26
241.829	26
241.859	26
241.894	26
241.929	26
241.959	26
241.994	26
242.024	21
242.054	21
242.089	21
242.124	21
242.154	21
242.189	21
242.224	21
242.254	21
242.289	21
242.324	21
242.354	21
242.389	21
242.424	21
242.454	21
242.489	21
242.526	23
242.556	23
242.626	23
242.656	23
242.691	23
242.726	23
242.756	23
242.791	23
242.826	23
242.857	24
242.892	24
242.927	24
242.957	24
242.992	24
243.028	25
243.058	25
243.093	25
243.128	25
243.158	25
243.193	25
243.228	25
243.258	25
243.293	25
243.328	25
243.358	25
243.393	25
243.428	25
243.458	25
243.493	25
243.528	25
243.558	25
243.593	25
243.628	25
243.658	25
243.693	25
243.728	25
243.758	25
243.793	25
243.828	25
243.858	25
243.893	25
243.928	25
243.958	25
243.993	25
244.023	20
244.053	20
244.088	20
244.123	20
244.153	20
244.188	20
244.223	20
244.253	20
244.288	20
244.34	20
244.388	20
244.423	20
244.453	20
244.488	20
244.524	21
244.554	21
244.589	21
244.624	21
244.654	21
244.689	21
244.724	21
244.754	21
244.789	21
244.824	21
244.854	21
244.889	21
244.924	21
244.954	21
244.989	21
245.025	22
245.055	22
245.09	22
245.125	22
245.155	22
245.19	22
245.225	22
245.255	22
245.29	22
245.325	22
245.355	22
245.39	22
245.425	22
245.455	22
245.49	22
245.527	24
245.557	24
245.592	24
245.628	25
245.658	25
245.693	25
245.728	25
245.758	25
245.793	25
245.828	25
245.858	25
245.893	25
245.928	25
245.958	25
245.993	25
246.028	25
246.058	25
246.093	25
246.128	25
246.193	25
246.228	25
246.258	25
246.293	25
246.328	25
246.358	25
246.393	25
246.428	25
246.458	25
246.493	25
246.526	23
246.556	23
246.591	23
246.626	23
246.656	23
246.691	23
246.726	23
246.756	23
246.791	23
246.826	23
246.856	23
246.891	23
246.926	23
246.956	23
246.991	23
247.026	23
247.056	23
247.091	23
247.126	23
247.156	23
247.191	23
247.226	23
247.256	23
247.291	23
247.326	23
247.356	23
247.391	23
247.426	23
247.456	23
247.491	23
247.526	23
247.556	23
247.591	23
247.626	23
247.656	23
247.691	23
247.726	23
247.756	23
247.791	23
247.827	24
247.857	24
247.892	24
247.927	24
247.957	24
247.992	24
248.025	22
248.055	22
248.09	22
248.125	22
248.155	22
248.19	22
248.225	22
248.255	22
248.29	22
248.325	22
248.355	22
248.39	22
248.425	22
248.455	22
248.49	22
248.526	23
248.556	23
248.591	23
248.626	23
248.656	23
248.691	23
248.726	23
248.757	24
248.791	23
248.826	23
248.856	23
248.891	23
248.926	23
248.956	23
248.991	23
249.026	23
249.056	23
249.091	23
249.126	23
249.156	23
249.191	23
249.226	23
249.256	23
249.291	23
249.326	23
249.356	23
249.391	23
249.426	23
249.456	23
249.491	23
249.524	21
249.554	21
249.589	21
249.624	21
249.654	21
249.689	21
249.724	21
249.754	21
249.789	21
249.824	21
249.854	21
249.889	21
249.924	21
249.954	21
249.989	21
250.025	22
250.055	22
250.09	22
250.12	22
250.155	22
250.19	22
250.22	22
250.255	22
250.29	22
250.32	22
250.355	22
250.39	22
250.42	22
250.455	22
250.49	22
250.52	22
250.554	21
250.589	21
250.619	21
250.654	21
250.719	21
250.754	21
250.789	21
250.819	21
250.854	21
250.889	21
250.919	21
250.954	21
250.989	21
251.019	21
251.055	22
251.09	22
251.12	22
251.155	22
251.19	22
251.219	21
251.255	22
251.289	21
251.319	21
251.354	21
251.389	21
251.419	21
251.454	21
251.489	21
251.519	21
251.559	26
251.594	26
251.624	26
251.659	26
251.694	26
251.724	26
251.759	26
251.794	26
251.824	26
251.859	26
251.894	26
251.959	26
251.994	26
252.024	26
252.054	21
252.089	21
252.119	21
252.154	21
252.189	21
252.219	21
252.254	21
252.289	21
252.319	21
252.389	21
252.419	21
252.489	21
252.519	21
252.555	22
252.59	22
252.62	22
252.655	22
252.69	22
252.72	22
252.755	22
252.79	22
252.82	22
252.855	22
252.89	22
252.92	22
252.955	22
252.99	22
253.02	22
253.054	21
253.089	21
253.12	22
253.154	21
253.189	21
253.219	21
253.289	21
253.319	21
253.354	21
253.389	21
253.419	21
253.455	22
253.49	22
253.52	22
253.555	22
253.59	22
253.62	22
253.655	22
253.69	22
253.72	22
253.755	22
253.79	22
253.82	22
253.855	22
253.89	22
253.92	22
253.955	22
253.99	22
254.057	24
254.092	24
254.121	23
254.156	23
254.191	23
254.221	23
254.256	23
254.291	23
254.321	23
254.391	23
254.421	23
254.456	23
254.491	23
254.521	23
254.555	22
254.59	22
254.62	22
254.655	22
254.69	22
254.72	22
254.755	22
254.79	22
254.82	22
254.855	22
254.89	22
254.92	22
254.955	22
254.99	22
255.02	22
255.055	22
255.09	22
255.155	22
255.19	22
255.22	22
255.255	22
255.29	22
255.32	22
255.355	22
255.39	22
255.42	22
255.455	22
255.49	22
255.52	22
255.555	22
255.59	22
255.62	22
255.655	22
255.69	22
255.72	22
255.755	22
255.79	22
255.82	22
255.855	22
255.89	22
255.92	22
255.955	22
255.99	22
256.02	22
256.054	21
256.089	21
256.119	21
256.154	21
256.189	21
256.219	21
256.254	21
256.289	21
256.319	21
256.354	21
256.389	21
256.419	21
256.454	21
256.489	21
256.519	21
256.555	22
256.59	22
256.62	22
256.655	22
256.69	22
256.72	22
256.755	22
256.79	22
256.82	22
256.855	22
256.89	22
256.92	22
256.955	22
256.99	22
257.02	22
257.054	21
257.089	21
257.119	21
257.154	21
257.189	21
257.219	21
257.254	21
257.289	21
257.319	21
257.354	21
257.389	21
257.419	21
257.454	21
257.489	21
257.519	21
257.555	22
257.59	22
257.62	22
257.655	22
257.69	22
257.72	22
257.755	22
257.79	22
257.82	22
257.855	22
257.89	22
257.92	22
257.955	22
257.99	22
258.02	22
258.055	22
258.09	22
258.12	22
258.155	22
258.19	22
258.22	22
258.255	22
258.29	22
258.32	22
258.355	22
258.39	22
258.42	22
258.455	22
258.49	22
258.52	22
258.556	23
258.591	23
258.621	23
258.656	23
258.691	23
258.721	23
258.756	23
258.791	23
258.821	23
258.856	23
258.891	23
258.921	23
258.956	23
258.991	23
259.021	23
259.056	23
259.09	22
259.12	22
259.155	22
259.19	22
259.22	22
259.255	22
259.29	22
259.32	22
259.355	22
259.391	23
259.421	23
259.456	23
259.491	23
259.521	23
259.554	21
259.589	21
259.619	21
259.654	21
259.719	21
259.754	21
259.789	21
259.819	21
259.854	21
259.889	21
259.919	21
259.954	21
259.989	21
260.019	21
260.056	23
260.091	23
260.121	23
260.156	23
260.191	23
260.221	23
260.256	23
260.291	23
260.321	23
260.356	23
260.391	23
260.421	23
260.456	23
260.491	23
260.521	23
260.556	23
260.591	23
260.621	23
260.656	23
260.691	23
260.721	23
260.756	23
260.791	23
260.821	23
260.856	23
260.891	23
260.921	23
260.956	23
260.991	23
261.021	23
261.054	21
261.089	21
261.119	21
261.154	21
261.189	21
261.219	21
261.254	21
261.289	21
261.319	21
261.354	21
261.389	21
261.419	21
261.454	21
261.489	21
261.519	21
261.554	21
261.589	21
261.619	21
261.654	21
261.689	21
261.719	21
261.754	21
261.789	21
261.819	21
261.854	21
261.889	21
261.919	21
261.954	21
261.989	21
262.019	21
262.055	22
262.09	22
262.12	22
262.155	22
262.19	22
262.22	22
262.255	22
262.29	22
262.32	22
262.355	22
262.39	22
262.42	22
262.455	22
262.489	21
262.519	21
262.555	22
262.59	22
262.62	22
262.655	22
262.69	22
262.72	22
262.755	22
262.79	22
262.82	22
262.855	22
262.89	22
262.92	22
262.955	22
262.99	22
263.02	22
263.054	21
263.089	21
263.119	21
263.154	21
263.189	21
263.219	21
263.254	21
263.289	21
263.319	21
263.354	21
263.389	21
263.419	21
263.454	21
263.489	21
263.519	21
263.554	21
263.589	21
263.619	21
263.654	21
263.689	21
263.719	21
263.755	22
263.789	21
263.819	21
263.854	21
263.889	21
263.919	21
263.954	21
263.989	21
264.019	21
264.055	22
264.09	22
264.12	22
264.155	22
264.19	22
264.22	22
264.255	22
264.29	22
264.32	22
264.355	22
264.39	22
264.455	22
264.49	22
264.52	22
264.554	21
264.589	21
264.619	21
264.654	21
264.689	21
264.719	21
264.754	21
264.789	21
264.819	21
264.854	21
264.889	21
264.919	21
264.954	21
264.989	21
265.019	21
265.056	23
265.091	23
265.121	23
265.156	23
265.191	23
265.221	23
265.256	23
265.291	23
265.321	23
265.356	23
265.391	23
265.421	23
265.456	23
265.491	23
265.521	23
265.557	24
265.592	24
265.622	24
265.657	24
265.722	24
265.757	24
265.792	24
265.822	24
265.857	24
265.892	24
265.922	24
265.957	24
265.992	24
266.022	24
266.054	21
266.089	21
266.119	21
266.154	21
266.189	21
266.219	21
266.254	21
266.289	21
266.319	21
266.354	21
266.389	21
266.419	21
266.454	21
266.489	21
266.519	21
266.554	21
266.589	21
266.619	21
266.689	21
266.719	21
266.754	21
266.789	21
266.819	21
266.854	21
266.889	21
266.919	21
266.954	21
266.989	21
267.019	21
267.055	22
267.09	22
267.12	22
267.155	22
267.19	22
267.22	22
267.255	22
267.29	22
267.32	22
267.355	22
267.39	22
267.42	22
267.455	22
267.49	22
267.52	22
267.554	21
267.589	21
267.619	21
267.689	21
267.719	21
267.754	21
267.789	21
267.819	21
267.854	21
267.889	21
267.919	21
267.954	21
267.989	21
268.019	21
268.056	23
268.091	23
268.121	23
268.191	23
268.221	23
268.256	23
268.291	23
268.321	23
268.356	23
268.391	23
268.421	23
268.456	23
268.491	23
268.521	23
268.556	23
268.591	23
268.621	23
268.656	23
268.691	23
268.721	23
268.756	23
268.791	23
268.821	23
268.856	23
268.891	23
268.921	23
268.956	23
268.991	23
269.021	23
269.054	21
269.089	21
269.119	21
269.154	21
269.189	21
269.219	21
269.254	21
269.289	21
269.319	21
269.354	21
269.389	21
269.419	21
269.454	21
269.489	21
269.519	21
269.555	22
269.59	22
269.62	22
269.655	22
269.69	22
269.72	22
269.755	22
269.79	22
269.82	22
269.855	22
269.89	22
269.92	22
269.955	22
269.99	22
270.02	22
270.055	22
270.09	22
270.12	22
270.155	22
270.19	22
270.22	22
270.255	22
270.29	22
270.32	22
270.355	22
270.39	22
270.42	22
270.455	22
270.49	22
270.52	22
270.557	24
270.592	24
270.622	24
270.657	24
270.692	24
270.722	24
270.757	24
270.792	24
270.822	24
270.857	24
270.892	24
270.922	24
270.957	24
270.992	24
271.022	24
271.055	22
271.09	22
271.12	22
271.155	22
271.19	22
271.22	22
271.255	22
271.29	22
271.32	22
271.355	22
271.39	22
271.42	22
271.49	22
271.554	21
271.589	21
271.619	21
271.644	21
271.719	21
271.754	21
271.789	21
271.819	21
271.854	21
271.889	21
271.919	21
271.954	21
271.989	21
272.019	21
272.054	21
272.089	21
272.119	21
272.154	21
272.189	21
272.219	21
272.254	21
272.289	21
272.319	21
272.354	21
272.389	21
272.419	21
272.454	21
272.489	21
272.519	21
272.554	21
272.589	21
272.619	21
272.654	21
272.689	21
272.719	21
272.754	21
272.789	21
272.819	21
272.854	21
272.889	21
272.919	21
272.989	21
273.019	21
273.054	21
273.089	21
273.119	21
273.154	21
273.189	21
273.219	21
273.254	21
273.289	21
273.319	21
273.354	21
273.389	21
273.419	21
273.454	21
273.489	21
273.519	21
273.555	22
273.59	22
273.62	22
273.655	22
273.69	22
273.72	22
273.755	22
273.79	22
273.82	22
273.855	22
273.89	22
273.92	22
273.955	22
273.99	22
274.02	22
274.056	23
274.091	23
274.121	23
274.156	23
274.191	23
274.221	23
274.256	23
274.291	23
274.321	23
274.356	23
274.391	23
274.421	23
274.456	23
274.491	23
274.521	23
274.555	22
274.59	22
274.62	22
274.655	22
274.69	22
274.72	22
274.755	22
274.79	22
274.82	22
274.855	22
274.89	22
274.92	22
274.955	22
274.99	22
275.02	22
275.055	22
275.09	22
275.12	22
275.155	22
275.19	22
275.22	22
275.255	22
275.29	22
275.32	22
275.355	22
275.39	22
275.42	22
275.455	22
275.49	22
275.555	22
275.59	22
275.62	22
275.655	22
275.69	22
275.72	22
275.755	22
275.79	22
275.82	22
275.855	22
275.89	22
275.92	22
275.955	22
275.99	22
276.02	22
276.055	22
276.09	22
276.12	22
276.155	22
276.19	22
276.22	22
276.255	22
276.29	22
276.32	22
276.355	22
276.39	22
276.42	22
276.455	22
276.49	22
276.52	22
276.555	22
276.59	22
276.62	22
276.655	22
276.69	22
276.72	22
276.755	22
276.79	22
276.82	22
276.855	22
276.89	22
276.92	22
276.955	22
276.99	22
277.02	22
277.055	22
277.09	22
277.12	22
277.19	22
277.22	22
277.255	22
277.29	22
277.32	22
277.355	22
277.39	22
277.42	22
277.455	22
277.49	22
277.52	22
277.556	23
277.591	23
277.621	23
277.656	23
277.691	23
277.721	23
277.756	23
277.791	23
277.821	23
277.856	23
277.891	23
277.921	23
277.956	23
277.991	23
278.021	23
278.054	21
278.089	21
278.119	21
278.154	21
278.189	21
278.219	21
278.254	21
278.289	21
278.319	21
278.354	21
278.389	21
278.419	21
278.454	21
278.489	21
278.519	21
278.554	21
278.589	21
278.619	21
278.654	21
278.689	21
278.719	21
278.754	21
278.789	21
278.819	21
278.854	21
278.889	21
278.919	21
278.954	21
278.989	21
279.019	21
279.056	23
279.091	23
279.121	23
279.156	23
279.191	23
279.221	23
279.256	23
279.291	23
279.321	23
279.356	23
279.391	23
279.421	23
279.456	23
279.491	23
279.521	23
279.555	22
279.59	22
279.62	22
279.655	22
279.69	22
279.72	22
279.755	22
279.79	22
279.82	22
279.855	22
279.89	22
279.92	22
279.955	22
279.99	22
280.02	22
280.056	23
280.091	23
280.121	23
280.156	23
280.191	23
280.221	23
280.256	23
280.291	23
280.321	23
280.356	23
280.391	23
280.421	23
280.456	23
280.491	23
280.521	23
280.555	22
280.59	22
280.62	22
280.655	22
280.69	22
280.72	22
280.755	22
280.79	22
280.82	22
280.855	22
280.89	22
280.92	22
280.955	22
280.99	22
281.02	22
281.055	22
281.09	22
281.12	22
281.155	22
281.19	22
281.22	22
281.255	22
281.29	22
281.32	22
281.355	22
281.39	22
281.42	22
281.455	22
281.49	22
281.52	22
281.555	22
281.59	22
281.62	22
281.655	22
281.69	22
281.72	22
281.755	22
281.79	22
281.82	22
281.855	22
281.89	22
281.92	22
281.955	22
281.99	22
282.02	22
282.055	22
282.09	22
282.12	22
282.155	22
282.19	22
282.22	22
282.255	22
282.29	22
282.32	22
282.355	22
282.39	22
282.455	22
282.49	22
282.52	22
282.555	22
282.59	22
282.62	22
282.655	22
282.69	22
282.72	22
282.755	22
282.79	22
282.82	22
282.855	22
282.89	22
282.92	22
282.955	22
282.99	22
283.02	22
283.056	23
283.091	23
283.121	23
283.156	23
283.191	23
283.221	23
283.256	23
283.291	23
283.321	23
283.356	23
283.391	23
283.421	23
283.456	23
283.491	23
283.521	23
283.555	22
283.59	22
283.62	22
283.655	22
283.69	22
283.72	22
283.755	22
283.79	22
283.82	22
283.855	22
283.89	22
283.92	22
283.955	22
283.99	22
284.056	23
284.091	23
284.121	23
284.156	23
284.191	23
284.221	23
284.256	23
284.291	23
284.321	23
284.356	23
284.391	23
284.421	23
284.456	23
284.491	23
284.521	23
284.555	22
284.59	22
284.62	22
284.655	22
284.69	22
284.72	22
284.755	22
284.79	22
284.82	22
284.855	22
284.89	22
284.92	22
284.955	22
284.99	22
285.02	22
285.054	21
285.089	21
285.119	21
285.154	21
285.189	21
285.219	21
285.254	21
285.289	21
285.319	21
285.354	21
285.389	21
285.419	21
285.454	21
285.489	21
285.519	21
285.555	22
285.59	22
285.62	22
285.655	22
285.69	22
285.79	22
285.82	22
285.85	22
285.89	22
285.92	22
285.955	22
285.99	22
286.02	22
286.055	22
286.09	22
286.12	22
286.155	22
286.19	22
286.22	22
286.255	22
286.29	22
286.32	22
286.355	22
286.39	22
286.42	22
286.455	22
286.49	22
286.52	22
286.554	21
286.589	21
286.619	21
286.689	21
286.719	21
286.754	21
286.789	21
286.819	21
286.889	21
286.919	21
286.954	21
286.989	21
287.056	23
287.091	23
287.121	23
287.156	23
287.191	23
287.221	23
287.256	23
287.291	23
287.321	23
287.356	23
287.391	23
287.421	23
287.456	23
287.491	23
287.521	23
287.555	22
287.59	22
287.62	22
287.655	22
287.69	22
287.72	22
287.755	22
287.79	22
287.82	22
287.855	22
287.89	22
287.92	22
287.955	22
287.99	22
288.02	22
288.054	21
288.089	21
288.119	21
288.154	21
288.189	21
288.219	21
288.254	21
288.289	21
288.319	21
288.354	21
288.389	21
288.419	21
288.454	21
288.489	21
288.519	21
288.555	22
288.59	22
288.62	22
288.655	22
288.69	22
288.72	22
288.755	22
288.79	22
288.82	22
288.855	22
288.89	22
288.92	22
288.955	22
288.99	22
289.02	22
289.055	22
289.09	22
289.12	22
289.155	22
289.19	22
289.22	22
289.255	22
289.29	22
289.32	22
289.355	22
289.39	22
289.42	22
289.455	22
289.49	22
289.52	22
289.556	23
289.591	23
289.621	23
289.656	23
289.721	23
289.756	23
289.791	23
289.821	23
289.856	23
289.891	23
289.921	23
289.956	23
289.991	23
290.021	23
290.09	22
290.12	22
290.155	22
290.19	22
290.22	22
290.255	22
290.29	22
290.32	22
290.355	22
290.39	22
290.42	22
290.455	22
290.49	22
290.52	22
290.556	23
290.591	23
290.621	23
290.656	23
290.691	23
290.721	23
290.756	23
290.791	23
290.821	23
290.856	23
290.891	23
290.921	23
290.956	23
290.991	23
291.021	23
291.055	22
291.09	22
291.12	22
291.155	22
291.19	22
291.22	22
291.255	22
291.29	22
291.32	22
291.355	22
291.39	22
291.42	22
291.455	22
291.49	22
291.52	22
291.555	22
291.59	22
291.62	22
291.655	22
291.69	22
291.72	22
291.755	22
291.79	22
291.82	22
291.855	22
291.89	22
291.92	22
291.955	22
291.99	22
292.02	22
292.054	21
292.119	21
292.154	21
292.189	21
292.219	21
292.254	21
292.289	21
292.319	21
292.354	21
292.389	21
292.419	21
292.454	21
292.489	21
292.519	21
292.555	22
292.59	22
292.62	22
292.655	22
292.69	22
292.72	22
292.755	22
292.79	22
292.82	22
292.855	22
292.89	22
292.92	22
292.955	22
292.99	22
293.02	22
293.054	21
293.089	21
293.119	21
293.154	21
293.189	21
293.219	21
293.254	21
293.289	21
293.319	21
293.354	21
293.389	21
293.419	21
293.454	21
293.489	21
293.519	21
293.556	23
293.591	23
293.621	23
293.656	23
293.721	23
293.756	23
293.821	23
293.856	23
293.891	23
293.921	23
293.956	23
293.991	23
294.021	23
294.055	22
294.09	22
294.12	22
294.155	22
294.19	22
294.22	22
294.255	22
294.29	22
294.32	22
294.355	22
294.39	22
294.42	22
294.455	22
294.49	22
294.52	22
294.554	21
294.589	21
294.619	21
294.654	21
294.689	21
294.719	21
294.789	21
294.819	21
294.854	21
294.889	21
294.919	21
294.954	21
294.989	21
295.019	21
295.056	23
295.091	23
295.121	23
295.156	23
295.191	23
295.221	23
295.256	23
295.291	23
295.321	23
295.356	23
295.391	23
295.421	23
295.456	23
295.491	23
295.521	23
295.555	22
295.59	22
295.62	22
295.655	22
295.69	22
295.72	22
295.755	22
295.79	22
295.82	22
295.855	22
295.89	22
295.92	22
295.955	22
295.99	22
296.02	22
296.054	21
296.089	21
296.154	21
296.189	21
296.219	21
296.254	21
296.289	21
296.319	21
296.354	21
296.389	21
296.419	21
296.454	21
296.489	21
296.519	21
296.554	21
296.589	21
296.619	21
296.654	21
296.689	21
296.719	21
296.754	21
296.789	21
296.819	21
296.854	21
296.889	21
296.919	21
296.954	21
296.989	21
297.019	21
297.054	21
297.089	21
297.119	21
297.154	21
297.189	21
297.219	21
297.254	21
297.289	21
297.319	21
297.354	21
297.389	21
297.419	21
297.454	21
297.489	21
297.519	21
297.554	21
297.589	21
297.619	21
297.654	21
297.689	21
297.719	21
297.754	21
297.789	21
297.819	21
297.854	21
297.889	21
297.919	21
297.954	21
297.989	21
298.019	21
298.056	23
298.091	23
298.121	23
298.156	23
298.191	23
298.221	23
298.256	23
298.291	23
298.321	23
298.356	23
298.391	23
298.421	23
298.456	23
298.491	23
298.521	23
298.555	22
298.59	22
298.62	22
298.655	22
298.69	22
298.72	22
298.755	22
298.79	22
298.82	22
298.855	22
298.89	22
298.92	22
298.955	22
298.99	22
299.02	22
299.055	22
299.09	22
299.12	22
299.155	22
299.19	22
299.22	22
299.255	22
299.29	22
299.32	22
299.355	22
299.39	22
299.42	22
299.455	22
299.49	22
299.52	22
299.555	22
299.59	22
299.62	22
299.655	22
299.69	22
299.72	22
299.755	22
299.79	22
299.82	22
299.855	22
299.89	22
299.92	22
299.955	22
299.99	22
300.02	22
300.055	22
300.09	22
300.12	22
300.155	22
300.19	22
300.22	22
300.255	22
300.29	22
300.32	22
300.355	22
300.39	22
300.42	22
300.455	22
300.49	22
300.52	22
300.555	22
300.59	22
300.62	22
300.655	22
300.69	22
300.72	22
300.755	22
300.79	22
300.82	22
300.855	22
300.89	22
300.92	22
300.955	22
300.99	22
301.02	22
301.055	22
301.09	22
301.12	22
301.155	22
301.19	22
301.22	22
301.255	22
301.29	22
301.32	22
301.355	22
301.39	22
301.42	22
301.455	22
301.49	22
301.52	22
301.555	22
301.59	22
301.62	22
301.655	22
301.69	22
301.72	22
301.755	22
301.82	22
301.87	22
301.92	22
301.955	22
301.99	22
302.02	22
302.055	22
302.09	22
302.12	22
302.155	22
302.19	22
302.22	22
302.255	22
302.29	22
302.32	22
302.355	22
302.39	22
302.42	22
302.455	22
302.49	22
302.52	22
302.555	22
302.59	22
302.62	22
302.655	22
302.69	22
302.72	22
302.755	22
302.79	22
302.82	22
302.855	22
302.89	22
302.92	22
302.955	22
302.99	22
303.02	22
303.055	22
303.09	22
303.12	22
303.155	22
303.19	22
303.22	22
303.255	22
303.32	22
303.355	22
303.39	22
303.42	22
303.455	22
303.49	22
303.52	22
303.555	22
303.59	22
303.62	22
303.655	22
303.69	22
303.72	22
303.755	22
303.79	22
303.82	22
303.855	22
303.89	22
303.92	22
303.955	22
303.99	22
304.02	22
304.055	22
304.09	22
304.12	22
304.155	22
304.19	22
304.22	22
304.255	22
304.29	22
304.32	22
304.355	22
304.39	22
304.42	22
304.455	22
304.49	22
304.52	22
304.555	22
304.59	22
304.62	22
304.655	22
304.69	22
304.72	22
304.755	22
304.79	22
304.82	22
304.855	22
304.89	22
304.92	22
304.955	22
304.99	22
305.02	22
305.055	22
305.09	22
305.12	22
305.155	22
305.19	22
305.22	22
305.255	22
305.29	22
305.32	22
305.355	22
305.39	22
305.42	22
305.455	22
305.49	22
305.52	22
305.555	22
305.59	22
305.62	22
305.655	22
305.69	22
305.72	22
305.755	22
305.79	22
305.82	22
305.855	22
305.89	22
305.92	22
305.955	22
305.99	22
306.02	22
306.055	22
306.09	22
306.12	22
306.155	22
306.19	22
306.22	22
306.255	22
306.29	22
306.32	22
306.355	22
306.39	22
306.42	22
306.455	22
306.49	22
306.52	22
306.555	22
306.59	22
306.62	22
306.655	22
306.69	22
306.72	22
306.755	22
306.79	22
306.82	22
306.855	22
306.89	22
306.92	22
306.955	22
306.99	22
307.02	22
307.055	22
307.09	22
307.12	22
307.155	22
307.19	22
307.22	22
307.255	22
307.29	22
307.32	22
307.355	22
307.39	22
307.42	22
307.455	22
307.49	22
307.52	22
307.555	22
307.59	22
307.62	22
307.655	22
307.69	22
307.72	22
307.755	22
307.79	22
307.82	22
307.855	22
307.89	22
307.92	22
307.955	22
307.99	22
308.02	22
308.055	22
308.09	22
308.12	22
308.155	22
308.19	22
308.22	22
308.255	22
308.32	22
308.355	22
308.39	22
308.42	22
308.455	22
308.49	22
308.52	22
308.555	22
308.59	22
308.62	22
308.655	22
308.69	22
308.72	22
308.79	22
308.82	22
308.855	22
308.89	22
308.92	22
308.955	22
308.99	22
309.02	22
309.055	22
309.09	22
309.12	22
309.155	22
309.19	22
309.22	22
309.255	22
309.29	22
309.32	22
309.355	22
309.39	22
309.42	22
309.455	22
309.49	22
309.52	22
