0.00000000000	45000	1
0.03333333333	45000	0
0.06666666667	45000	0
0.10000000000	45000	0
0.13333333333	45000	0
0.16666666667	45000	0
0.20000000000	45000	0
0.23333333333	45000	0
0.26666666667	45000	0
0.30000000000	45000	0
0.33333333333	45000	0
0.36666666667	45000	0
0.40000000000	45000	0
0.43333333333	45000	0
0.46666666667	45000	0
0.50000000000	45000	0
0.53333333333	45000	0
0.56666666667	45000	0
0.60000000000	45000	0
0.63333333333	45000	0
0.66666666667	45000	0
0.70000000000	45000	0
0.73333333333	45000	0
0.76666666667	45000	0
0.80000000000	45000	0
0.83333333333	45000	0
0.86666666667	45000	0
0.90000000000	45000	0
0.93333333333	45000	0
0.96666666667	45000	0
1.00000000000	45000	1
1.03333333333	45000	0
1.06666666667	45000	0
1.10000000000	45000	0
1.13333333333	45000	0
1.16666666667	45000	0
1.20000000000	45000	0
1.23333333333	45000	0
1.26666666667	45000	0
1.30000000000	45000	0
1.33333333333	45000	0
1.36666666667	45000	0
1.40000000000	45000	0
1.43333333333	45000	0
1.46666666667	45000	0
1.50000000000	45000	0
1.53333333333	45000	0
1.56666666667	45000	0
1.60000000000	45000	0
1.63333333333	45000	0
1.66666666667	45000	0
1.70000000000	45000	0
1.73333333333	45000	0
1.76666666667	45000	0
1.80000000000	45000	0
1.83333333333	45000	0
1.86666666667	45000	0
1.90000000000	45000	0
1.93333333333	45000	0
1.96666666667	45000	0
2.00000000000	45000	1
2.03333333333	45000	0
2.06666666667	45000	0
2.10000000000	45000	0
2.13333333333	45000	0
2.16666666667	45000	0
2.20000000000	45000	0
2.23333333333	45000	0
2.26666666667	45000	0
2.30000000000	45000	0
2.33333333333	45000	0
2.36666666667	45000	0
2.40000000000	45000	0
2.43333333333	45000	0
2.46666666667	45000	0
2.50000000000	45000	0
2.53333333333	45000	0
2.56666666667	45000	0
2.60000000000	45000	0
2.63333333333	45000	0
2.66666666667	45000	0
2.70000000000	45000	0
2.73333333333	45000	0
2.76666666667	45000	0
2.80000000000	45000	0
2.83333333333	45000	0
2.86666666667	45000	0
2.90000000000	45000	0
2.93333333333	45000	0
2.96666666667	45000	0
3.00000000000	45000	1
3.03333333333	45000	0
3.06666666667	45000	0
3.10000000000	45000	0
3.13333333333	45000	0
3.16666666667	45000	0
3.20000000000	45000	0
3.23333333333	45000	0
3.26666666667	45000	0
3.30000000000	45000	0
3.33333333333	45000	0
3.36666666667	45000	0
3.40000000000	45000	0
3.43333333333	45000	0
3.46666666667	45000	0
3.50000000000	45000	0
3.53333333333	45000	0
3.56666666667	45000	0
3.60000000000	45000	0
3.63333333333	45000	0
3.66666666667	45000	0
3.70000000000	45000	0
3.73333333333	45000	0
3.76666666667	45000	0
3.80000000000	45000	0
3.83333333333	45000	0
3.86666666667	45000	0
3.90000000000	45000	0
3.93333333333	45000	0
3.96666666667	45000	0
4.00000000000	45000	1
4.03333333333	45000	0
4.06666666667	45000	0
4.10000000000	45000	0
4.13333333333	45000	0
4.16666666667	45000	0
4.20000000000	45000	0
4.23333333333	45000	0
4.26666666667	45000	0
4.30000000000	45000	0
4.33333333333	45000	0
4.36666666667	45000	0
4.40000000000	45000	0
4.43333333333	45000	0
4.46666666667	45000	0
4.50000000000	45000	0
4.53333333333	45000	0
4.56666666667	45000	0
4.60000000000	45000	0
4.63333333333	45000	0
4.66666666667	45000	0
4.70000000000	45000	0
4.73333333333	45000	0
4.76666666667	45000	0
4.80000000000	45000	0
4.83333333333	45000	0
4.86666666667	45000	0
4.90000000000	45000	0
4.93333333333	45000	0
4.96666666667	45000	0
5.00000000000	45000	1
5.03333333333	45000	0
5.06666666667	45000	0
5.10000000000	45000	0
5.13333333333	45000	0
5.16666666667	45000	0
5.20000000000	45000	0
5.23333333333	45000	0
5.26666666667	45000	0
5.30000000000	45000	0
5.33333333333	45000	0
5.36666666667	45000	0
5.40000000000	45000	0
5.43333333333	45000	0
5.46666666667	45000	0
5.50000000000	45000	0
5.53333333333	45000	0
5.56666666667	45000	0
5.60000000000	45000	0
5.63333333333	45000	0
5.66666666667	45000	0
5.70000000000	45000	0
5.73333333333	45000	0
5.76666666667	45000	0
5.80000000000	45000	0
5.83333333333	45000	0
5.86666666667	45000	0
5.90000000000	45000	0
5.93333333333	45000	0
5.96666666667	45000	0
6.00000000000	45000	1
6.03333333333	45000	0
6.06666666667	45000	0
6.10000000000	45000	0
6.13333333333	45000	0
6.16666666667	45000	0
6.20000000000	45000	0
6.23333333333	45000	0
6.26666666667	45000	0
6.30000000000	45000	0
6.33333333333	45000	0
6.36666666667	45000	0
6.40000000000	45000	0
6.43333333333	45000	0
6.46666666667	45000	0
6.50000000000	45000	0
6.53333333333	45000	0
6.56666666667	45000	0
6.60000000000	45000	0
6.63333333333	45000	0
6.66666666667	45000	0
6.70000000000	45000	0
6.73333333333	45000	0
6.76666666667	45000	0
6.80000000000	45000	0
6.83333333333	45000	0
6.86666666667	45000	0
6.90000000000	45000	0
6.93333333333	45000	0
6.96666666667	45000	0
7.00000000000	45000	1
7.03333333333	45000	0
7.06666666667	45000	0
7.10000000000	45000	0
7.13333333333	45000	0
7.16666666667	45000	0
7.20000000000	45000	0
7.23333333333	45000	0
7.26666666667	45000	0
7.30000000000	45000	0
7.33333333333	45000	0
7.36666666667	45000	0
7.40000000000	45000	0
7.43333333333	45000	0
7.46666666667	45000	0
7.50000000000	45000	0
7.53333333333	45000	0
7.56666666667	45000	0
7.60000000000	45000	0
7.63333333333	45000	0
7.66666666667	45000	0
7.70000000000	45000	0
7.73333333333	45000	0
7.76666666667	45000	0
7.80000000000	45000	0
7.83333333333	45000	0
7.86666666667	45000	0
7.90000000000	45000	0
7.93333333333	45000	0
7.96666666667	45000	0
8.00000000000	45000	1
8.03333333333	45000	0
8.06666666667	45000	0
8.10000000000	45000	0
8.13333333333	45000	0
8.16666666667	45000	0
8.20000000000	45000	0
8.23333333333	45000	0
8.26666666667	45000	0
8.30000000000	45000	0
8.33333333333	45000	0
8.36666666667	45000	0
8.40000000000	45000	0
8.43333333333	45000	0
8.46666666667	45000	0
8.50000000000	45000	0
8.53333333333	45000	0
8.56666666667	45000	0
8.60000000000	45000	0
8.63333333333	45000	0
8.66666666667	45000	0
8.70000000000	45000	0
8.73333333333	45000	0
8.76666666667	45000	0
8.80000000000	45000	0
8.83333333333	45000	0
8.86666666667	45000	0
8.90000000000	45000	0
8.93333333333	45000	0
8.96666666667	45000	0
9.00000000000	45000	1
9.03333333333	45000	0
9.06666666667	45000	0
9.10000000000	45000	0
9.13333333333	45000	0
9.16666666667	45000	0
9.20000000000	45000	0
9.23333333333	45000	0
9.26666666667	45000	0
9.30000000000	45000	0
9.33333333333	45000	0
9.36666666667	45000	0
9.40000000000	45000	0
9.43333333333	45000	0
9.46666666667	45000	0
9.50000000000	45000	0
9.53333333333	45000	0
9.56666666667	45000	0
9.60000000000	45000	0
9.63333333333	45000	0
9.66666666667	45000	0
9.70000000000	45000	0
9.73333333333	45000	0
9.76666666667	45000	0
9.80000000000	45000	0
9.83333333333	45000	0
9.86666666667	45000	0
9.90000000000	45000	0
9.93333333333	45000	0
9.96666666667	45000	0
10.00000000000	45000	1
10.03333333333	45000	0
10.06666666667	45000	0
10.10000000000	45000	0
10.13333333333	45000	0
10.16666666667	45000	0
10.20000000000	45000	0
10.23333333333	45000	0
10.26666666667	45000	0
10.30000000000	45000	0
10.33333333333	45000	0
10.36666666667	45000	0
10.40000000000	45000	0
10.43333333333	45000	0
10.46666666667	45000	0
10.50000000000	45000	0
10.53333333333	45000	0
10.56666666667	45000	0
10.60000000000	45000	0
10.63333333333	45000	0
10.66666666667	45000	0
10.70000000000	45000	0
10.73333333333	45000	0
10.76666666667	45000	0
10.80000000000	45000	0
10.83333333333	45000	0
10.86666666667	45000	0
10.90000000000	45000	0
10.93333333333	45000	0
10.96666666667	45000	0
11.00000000000	45000	1
11.03333333333	45000	0
11.06666666667	45000	0
11.10000000000	45000	0
11.13333333333	45000	0
11.16666666667	45000	0
11.20000000000	45000	0
11.23333333333	45000	0
11.26666666667	45000	0
11.30000000000	45000	0
11.33333333333	45000	0
11.36666666667	45000	0
11.40000000000	45000	0
11.43333333333	45000	0
11.46666666667	45000	0
11.50000000000	45000	0
11.53333333333	45000	0
11.56666666667	45000	0
11.60000000000	45000	0
11.63333333333	45000	0
11.66666666667	45000	0
11.70000000000	45000	0
11.73333333333	45000	0
11.76666666667	45000	0
11.80000000000	45000	0
11.83333333333	45000	0
11.86666666667	45000	0
11.90000000000	45000	0
11.93333333333	45000	0
11.96666666667	45000	0
12.00000000000	45000	1
12.03333333333	45000	0
12.06666666667	45000	0
12.10000000000	45000	0
12.13333333333	45000	0
12.16666666667	45000	0
12.20000000000	45000	0
12.23333333333	45000	0
12.26666666667	45000	0
12.30000000000	45000	0
12.33333333333	45000	0
12.36666666667	45000	0
12.40000000000	45000	0
12.43333333333	45000	0
12.46666666667	45000	0
12.50000000000	45000	0
12.53333333333	45000	0
12.56666666667	45000	0
12.60000000000	45000	0
12.63333333333	45000	0
12.66666666667	45000	0
12.70000000000	45000	0
12.73333333333	45000	0
12.76666666667	45000	0
12.80000000000	45000	0
12.83333333333	45000	0
12.86666666667	45000	0
12.90000000000	45000	0
12.93333333333	45000	0
12.96666666667	45000	0
13.00000000000	45000	1
13.03333333333	45000	0
13.06666666667	45000	0
13.10000000000	45000	0
13.13333333333	45000	0
13.16666666667	45000	0
13.20000000000	45000	0
13.23333333333	45000	0
13.26666666667	45000	0
13.30000000000	45000	0
13.33333333333	45000	0
13.36666666667	45000	0
13.40000000000	45000	0
13.43333333333	45000	0
13.46666666667	45000	0
13.50000000000	45000	0
13.53333333333	45000	0
13.56666666667	45000	0
13.60000000000	45000	0
13.63333333333	45000	0
13.66666666667	45000	0
13.70000000000	45000	0
13.73333333333	45000	0
13.76666666667	45000	0
13.80000000000	45000	0
13.83333333333	45000	0
13.86666666667	45000	0
13.90000000000	45000	0
13.93333333333	45000	0
13.96666666667	45000	0
14.00000000000	45000	1
14.03333333333	45000	0
14.06666666667	45000	0
14.10000000000	45000	0
14.13333333333	45000	0
14.16666666667	45000	0
14.20000000000	45000	0
14.23333333333	45000	0
14.26666666667	45000	0
14.30000000000	45000	0
14.33333333333	45000	0
14.36666666667	45000	0
14.40000000000	45000	0
14.43333333333	45000	0
14.46666666667	45000	0
14.50000000000	45000	0
14.53333333333	45000	0
14.56666666667	45000	0
14.60000000000	45000	0
14.63333333333	45000	0
14.66666666667	45000	0
14.70000000000	45000	0
14.73333333333	45000	0
14.76666666667	45000	0
14.80000000000	45000	0
14.83333333333	45000	0
14.86666666667	45000	0
14.90000000000	45000	0
14.93333333333	45000	0
14.96666666667	45000	0
15.00000000000	45000	1
15.03333333333	45000	0
15.06666666667	45000	0
15.10000000000	45000	0
15.13333333333	45000	0
15.16666666667	45000	0
15.20000000000	45000	0
15.23333333333	45000	0
15.26666666667	45000	0
15.30000000000	45000	0
15.33333333333	45000	0
15.36666666667	45000	0
15.40000000000	45000	0
15.43333333333	45000	0
15.46666666667	45000	0
15.50000000000	45000	0
15.53333333333	45000	0
15.56666666667	45000	0
15.60000000000	45000	0
15.63333333333	45000	0
15.66666666667	45000	0
15.70000000000	45000	0
15.73333333333	45000	0
15.76666666667	45000	0
15.80000000000	45000	0
15.83333333333	45000	0
15.86666666667	45000	0
15.90000000000	45000	0
15.93333333333	45000	0
15.96666666667	45000	0
16.00000000000	45000	1
16.03333333333	45000	0
16.06666666667	45000	0
16.10000000000	45000	0
16.13333333333	45000	0
16.16666666667	45000	0
16.20000000000	45000	0
16.23333333333	45000	0
16.26666666667	45000	0
16.30000000000	45000	0
16.33333333333	45000	0
16.36666666667	45000	0
16.40000000000	45000	0
16.43333333333	45000	0
16.46666666667	45000	0
16.50000000000	45000	0
16.53333333333	45000	0
16.56666666667	45000	0
16.60000000000	45000	0
16.63333333333	45000	0
16.66666666667	45000	0
16.70000000000	45000	0
16.73333333333	45000	0
16.76666666667	45000	0
16.80000000000	45000	0
16.83333333333	45000	0
16.86666666667	45000	0
16.90000000000	45000	0
16.93333333333	45000	0
16.96666666667	45000	0
17.00000000000	45000	1
17.03333333333	45000	0
17.06666666667	45000	0
17.10000000000	45000	0
17.13333333333	45000	0
17.16666666667	45000	0
17.20000000000	45000	0
17.23333333333	45000	0
17.26666666667	45000	0
17.30000000000	45000	0
17.33333333333	45000	0
17.36666666667	45000	0
17.40000000000	45000	0
17.43333333333	45000	0
17.46666666667	45000	0
17.50000000000	45000	0
17.53333333333	45000	0
17.56666666667	45000	0
17.60000000000	45000	0
17.63333333333	45000	0
17.66666666667	45000	0
17.70000000000	45000	0
17.73333333333	45000	0
17.76666666667	45000	0
17.80000000000	45000	0
17.83333333333	45000	0
17.86666666667	45000	0
17.90000000000	45000	0
17.93333333333	45000	0
17.96666666667	45000	0
18.00000000000	45000	1
18.03333333333	45000	0
18.06666666667	45000	0
18.10000000000	45000	0
18.13333333333	45000	0
18.16666666667	45000	0
18.20000000000	45000	0
18.23333333333	45000	0
18.26666666667	45000	0
18.30000000000	45000	0
18.33333333333	45000	0
18.36666666667	45000	0
18.40000000000	45000	0
18.43333333333	45000	0
18.46666666667	45000	0
18.50000000000	45000	0
18.53333333333	45000	0
18.56666666667	45000	0
18.60000000000	45000	0
18.63333333333	45000	0
18.66666666667	45000	0
18.70000000000	45000	0
18.73333333333	45000	0
18.76666666667	45000	0
18.80000000000	45000	0
18.83333333333	45000	0
18.86666666667	45000	0
18.90000000000	45000	0
18.93333333333	45000	0
18.96666666667	45000	0
19.00000000000	45000	1
19.03333333333	45000	0
19.06666666667	45000	0
19.10000000000	45000	0
19.13333333333	45000	0
19.16666666667	45000	0
19.20000000000	45000	0
19.23333333333	45000	0
19.26666666667	45000	0
19.30000000000	45000	0
19.33333333333	45000	0
19.36666666667	45000	0
19.40000000000	45000	0
19.43333333333	45000	0
19.46666666667	45000	0
19.50000000000	45000	0
19.53333333333	45000	0
19.56666666667	45000	0
19.60000000000	45000	0
19.63333333333	45000	0
19.66666666667	45000	0
19.70000000000	45000	0
19.73333333333	45000	0
19.76666666667	45000	0
19.80000000000	45000	0
19.83333333333	45000	0
19.86666666667	45000	0
19.90000000000	45000	0
19.93333333333	45000	0
19.96666666667	45000	0
20.00000000000	45000	1
20.03333333333	45000	0
20.06666666667	45000	0
20.10000000000	45000	0
20.13333333333	45000	0
20.16666666667	45000	0
20.20000000000	45000	0
20.23333333333	45000	0
20.26666666667	45000	0
20.30000000000	45000	0
20.33333333333	45000	0
20.36666666667	45000	0
20.40000000000	45000	0
20.43333333333	45000	0
20.46666666667	45000	0
20.50000000000	45000	0
20.53333333333	45000	0
20.56666666667	45000	0
20.60000000000	45000	0
20.63333333333	45000	0
20.66666666667	45000	0
20.70000000000	45000	0
20.73333333333	45000	0
20.76666666667	45000	0
20.80000000000	45000	0
20.83333333333	45000	0
20.86666666667	45000	0
20.90000000000	45000	0
20.93333333333	45000	0
20.96666666667	45000	0
21.00000000000	45000	1
21.03333333333	45000	0
21.06666666667	45000	0
21.10000000000	45000	0
21.13333333333	45000	0
21.16666666667	45000	0
21.20000000000	45000	0
21.23333333333	45000	0
21.26666666667	45000	0
21.30000000000	45000	0
21.33333333333	45000	0
21.36666666667	45000	0
21.40000000000	45000	0
21.43333333333	45000	0
21.46666666667	45000	0
21.50000000000	45000	0
21.53333333333	45000	0
21.56666666667	45000	0
21.60000000000	45000	0
21.63333333333	45000	0
21.66666666667	45000	0
21.70000000000	45000	0
21.73333333333	45000	0
21.76666666667	45000	0
21.80000000000	45000	0
21.83333333333	45000	0
21.86666666667	45000	0
21.90000000000	45000	0
21.93333333333	45000	0
21.96666666667	45000	0
22.00000000000	45000	1
22.03333333333	45000	0
22.06666666667	45000	0
22.10000000000	45000	0
22.13333333333	45000	0
22.16666666667	45000	0
22.20000000000	45000	0
22.23333333333	45000	0
22.26666666667	45000	0
22.30000000000	45000	0
22.33333333333	45000	0
22.36666666667	45000	0
22.40000000000	45000	0
22.43333333333	45000	0
22.46666666667	45000	0
22.50000000000	45000	0
22.53333333333	45000	0
22.56666666667	45000	0
22.60000000000	45000	0
22.63333333333	45000	0
22.66666666667	45000	0
22.70000000000	45000	0
22.73333333333	45000	0
22.76666666667	45000	0
22.80000000000	45000	0
22.83333333333	45000	0
22.86666666667	45000	0
22.90000000000	45000	0
22.93333333333	45000	0
22.96666666667	45000	0
23.00000000000	45000	1
23.03333333333	45000	0
23.06666666667	45000	0
23.10000000000	45000	0
23.13333333333	45000	0
23.16666666667	45000	0
23.20000000000	45000	0
23.23333333333	45000	0
23.26666666667	45000	0
23.30000000000	45000	0
23.33333333333	45000	0
23.36666666667	45000	0
23.40000000000	45000	0
23.43333333333	45000	0
23.46666666667	45000	0
23.50000000000	45000	0
23.53333333333	45000	0
23.56666666667	45000	0
23.60000000000	45000	0
23.63333333333	45000	0
23.66666666667	45000	0
23.70000000000	45000	0
23.73333333333	45000	0
23.76666666667	45000	0
23.80000000000	45000	0
23.83333333333	45000	0
23.86666666667	45000	0
23.90000000000	45000	0
23.93333333333	45000	0
23.96666666667	45000	0
24.00000000000	45000	1
24.03333333333	45000	0
24.06666666667	45000	0
24.10000000000	45000	0
24.13333333333	45000	0
24.16666666667	45000	0
24.20000000000	45000	0
24.23333333333	45000	0
24.26666666667	45000	0
24.30000000000	45000	0
24.33333333333	45000	0
24.36666666667	45000	0
24.40000000000	45000	0
24.43333333333	45000	0
24.46666666667	45000	0
24.50000000000	45000	0
24.53333333333	45000	0
24.56666666667	45000	0
24.60000000000	45000	0
24.63333333333	45000	0
24.66666666667	45000	0
24.70000000000	45000	0
24.73333333333	45000	0
24.76666666667	45000	0
24.80000000000	45000	0
24.83333333333	45000	0
24.86666666667	45000	0
24.90000000000	45000	0
24.93333333333	45000	0
24.96666666667	45000	0
25.00000000000	45000	1
25.03333333333	45000	0
25.06666666667	45000	0
25.10000000000	45000	0
25.13333333333	45000	0
25.16666666667	45000	0
25.20000000000	45000	0
25.23333333333	45000	0
25.26666666667	45000	0
25.30000000000	45000	0
25.33333333333	45000	0
25.36666666667	45000	0
25.40000000000	45000	0
25.43333333333	45000	0
25.46666666667	45000	0
25.50000000000	45000	0
25.53333333333	45000	0
25.56666666667	45000	0
25.60000000000	45000	0
25.63333333333	45000	0
25.66666666667	45000	0
25.70000000000	45000	0
25.73333333333	45000	0
25.76666666667	45000	0
25.80000000000	45000	0
25.83333333333	45000	0
25.86666666667	45000	0
25.90000000000	45000	0
25.93333333333	45000	0
25.96666666667	45000	0
26.00000000000	45000	1
26.03333333333	45000	0
26.06666666667	45000	0
26.10000000000	45000	0
26.13333333333	45000	0
26.16666666667	45000	0
26.20000000000	45000	0
26.23333333333	45000	0
26.26666666667	45000	0
26.30000000000	45000	0
26.33333333333	45000	0
26.36666666667	45000	0
26.40000000000	45000	0
26.43333333333	45000	0
26.46666666667	45000	0
26.50000000000	45000	0
26.53333333333	45000	0
26.56666666667	45000	0
26.60000000000	45000	0
26.63333333333	45000	0
26.66666666667	45000	0
26.70000000000	45000	0
26.73333333333	45000	0
26.76666666667	45000	0
26.80000000000	45000	0
26.83333333333	45000	0
26.86666666667	45000	0
26.90000000000	45000	0
26.93333333333	45000	0
26.96666666667	45000	0
27.00000000000	45000	1
27.03333333333	45000	0
27.06666666667	45000	0
27.10000000000	45000	0
27.13333333333	45000	0
27.16666666667	45000	0
27.20000000000	45000	0
27.23333333333	45000	0
27.26666666667	45000	0
27.30000000000	45000	0
27.33333333333	45000	0
27.36666666667	45000	0
27.40000000000	45000	0
27.43333333333	45000	0
27.46666666667	45000	0
27.50000000000	45000	0
27.53333333333	45000	0
27.56666666667	45000	0
27.60000000000	45000	0
27.63333333333	45000	0
27.66666666667	45000	0
27.70000000000	45000	0
27.73333333333	45000	0
27.76666666667	45000	0
27.80000000000	45000	0
27.83333333333	45000	0
27.86666666667	45000	0
27.90000000000	45000	0
27.93333333333	45000	0
27.96666666667	45000	0
28.00000000000	45000	1
28.03333333333	45000	0
28.06666666667	45000	0
28.10000000000	45000	0
28.13333333333	45000	0
28.16666666667	45000	0
28.20000000000	45000	0
28.23333333333	45000	0
28.26666666667	45000	0
28.30000000000	45000	0
28.33333333333	45000	0
28.36666666667	45000	0
28.40000000000	45000	0
28.43333333333	45000	0
28.46666666667	45000	0
28.50000000000	45000	0
28.53333333333	45000	0
28.56666666667	45000	0
28.60000000000	45000	0
28.63333333333	45000	0
28.66666666667	45000	0
28.70000000000	45000	0
28.73333333333	45000	0
28.76666666667	45000	0
28.80000000000	45000	0
28.83333333333	45000	0
28.86666666667	45000	0
28.90000000000	45000	0
28.93333333333	45000	0
28.96666666667	45000	0
29.00000000000	45000	1
29.03333333333	45000	0
29.06666666667	45000	0
29.10000000000	45000	0
29.13333333333	45000	0
29.16666666667	45000	0
29.20000000000	45000	0
29.23333333333	45000	0
29.26666666667	45000	0
29.30000000000	45000	0
29.33333333333	45000	0
29.36666666667	45000	0
29.40000000000	45000	0
29.43333333333	45000	0
29.46666666667	45000	0
29.50000000000	45000	0
29.53333333333	45000	0
29.56666666667	45000	0
29.60000000000	45000	0
29.63333333333	45000	0
29.66666666667	45000	0
29.70000000000	45000	0
29.73333333333	45000	0
29.76666666667	45000	0
29.80000000000	45000	0
29.83333333333	45000	0
29.86666666667	45000	0
29.90000000000	45000	0
29.93333333333	45000	0
29.96666666667	45000	0
30.00000000000	45000	1
30.03333333333	45000	0
30.06666666667	45000	0
30.10000000000	45000	0
30.13333333333	45000	0
30.16666666667	45000	0
30.20000000000	45000	0
30.23333333333	45000	0
30.26666666667	45000	0
30.30000000000	45000	0
30.33333333333	45000	0
30.36666666667	45000	0
30.40000000000	45000	0
30.43333333333	45000	0
30.46666666667	45000	0
30.50000000000	45000	0
30.53333333333	45000	0
30.56666666667	45000	0
30.60000000000	45000	0
30.63333333333	45000	0
30.66666666667	45000	0
30.70000000000	45000	0
30.73333333333	45000	0
30.76666666667	45000	0
30.80000000000	45000	0
30.83333333333	45000	0
30.86666666667	45000	0
30.90000000000	45000	0
30.93333333333	45000	0
30.96666666667	45000	0
31.00000000000	45000	1
31.03333333333	45000	0
31.06666666667	45000	0
31.10000000000	45000	0
31.13333333333	45000	0
31.16666666667	45000	0
31.20000000000	45000	0
31.23333333333	45000	0
31.26666666667	45000	0
31.30000000000	45000	0
31.33333333333	45000	0
31.36666666667	45000	0
31.40000000000	45000	0
31.43333333333	45000	0
31.46666666667	45000	0
31.50000000000	45000	0
31.53333333333	45000	0
31.56666666667	45000	0
31.60000000000	45000	0
31.63333333333	45000	0
31.66666666667	45000	0
31.70000000000	45000	0
31.73333333333	45000	0
31.76666666667	45000	0
31.80000000000	45000	0
31.83333333333	45000	0
31.86666666667	45000	0
31.90000000000	45000	0
31.93333333333	45000	0
31.96666666667	45000	0
32.00000000000	45000	1
32.03333333333	45000	0
32.06666666667	45000	0
32.10000000000	45000	0
32.13333333333	45000	0
32.16666666667	45000	0
32.20000000000	45000	0
32.23333333333	45000	0
32.26666666667	45000	0
32.30000000000	45000	0
32.33333333333	45000	0
32.36666666667	45000	0
32.40000000000	45000	0
32.43333333333	45000	0
32.46666666667	45000	0
32.50000000000	45000	0
32.53333333333	45000	0
32.56666666667	45000	0
32.60000000000	45000	0
32.63333333333	45000	0
32.66666666667	45000	0
32.70000000000	45000	0
32.73333333333	45000	0
32.76666666667	45000	0
32.80000000000	45000	0
32.83333333333	45000	0
32.86666666667	45000	0
32.90000000000	45000	0
32.93333333333	45000	0
32.96666666667	45000	0
33.00000000000	45000	1
33.03333333333	45000	0
33.06666666667	45000	0
33.10000000000	45000	0
33.13333333333	45000	0
33.16666666667	45000	0
33.20000000000	45000	0
33.23333333333	45000	0
33.26666666667	45000	0
33.30000000000	45000	0
33.33333333333	45000	0
33.36666666667	45000	0
33.40000000000	45000	0
33.43333333333	45000	0
33.46666666667	45000	0
33.50000000000	45000	0
33.53333333333	45000	0
33.56666666667	45000	0
33.60000000000	45000	0
33.63333333333	45000	0
33.66666666667	45000	0
33.70000000000	45000	0
33.73333333333	45000	0
33.76666666667	45000	0
33.80000000000	45000	0
33.83333333333	45000	0
33.86666666667	45000	0
33.90000000000	45000	0
33.93333333333	45000	0
33.96666666667	45000	0
34.00000000000	45000	1
34.03333333333	45000	0
34.06666666667	45000	0
34.10000000000	45000	0
34.13333333333	45000	0
34.16666666667	45000	0
34.20000000000	45000	0
34.23333333333	45000	0
34.26666666667	45000	0
34.30000000000	45000	0
34.33333333333	45000	0
34.36666666667	45000	0
34.40000000000	45000	0
34.43333333333	45000	0
34.46666666667	45000	0
34.50000000000	45000	0
34.53333333333	45000	0
34.56666666667	45000	0
34.60000000000	45000	0
34.63333333333	45000	0
34.66666666667	45000	0
34.70000000000	45000	0
34.73333333333	45000	0
34.76666666667	45000	0
34.80000000000	45000	0
34.83333333333	45000	0
34.86666666667	45000	0
34.90000000000	45000	0
34.93333333333	45000	0
34.96666666667	45000	0
35.00000000000	45000	1
35.03333333333	45000	0
35.06666666667	45000	0
35.10000000000	45000	0
35.13333333333	45000	0
35.16666666667	45000	0
35.20000000000	45000	0
35.23333333333	45000	0
35.26666666667	45000	0
35.30000000000	45000	0
35.33333333333	45000	0
35.36666666667	45000	0
35.40000000000	45000	0
35.43333333333	45000	0
35.46666666667	45000	0
35.50000000000	45000	0
35.53333333333	45000	0
35.56666666667	45000	0
35.60000000000	45000	0
35.63333333333	45000	0
35.66666666667	45000	0
35.70000000000	45000	0
35.73333333333	45000	0
35.76666666667	45000	0
35.80000000000	45000	0
35.83333333333	45000	0
35.86666666667	45000	0
35.90000000000	45000	0
35.93333333333	45000	0
35.96666666667	45000	0
36.00000000000	45000	1
36.03333333333	45000	0
36.06666666667	45000	0
36.10000000000	45000	0
36.13333333333	45000	0
36.16666666667	45000	0
36.20000000000	45000	0
36.23333333333	45000	0
36.26666666667	45000	0
36.30000000000	45000	0
36.33333333333	45000	0
36.36666666667	45000	0
36.40000000000	45000	0
36.43333333333	45000	0
36.46666666667	45000	0
36.50000000000	45000	0
36.53333333333	45000	0
36.56666666667	45000	0
36.60000000000	45000	0
36.63333333333	45000	0
36.66666666667	45000	0
36.70000000000	45000	0
36.73333333333	45000	0
36.76666666667	45000	0
36.80000000000	45000	0
36.83333333333	45000	0
36.86666666667	45000	0
36.90000000000	45000	0
36.93333333333	45000	0
36.96666666667	45000	0
37.00000000000	45000	1
37.03333333333	45000	0
37.06666666667	45000	0
37.10000000000	45000	0
37.13333333333	45000	0
37.16666666667	45000	0
37.20000000000	45000	0
37.23333333333	45000	0
37.26666666667	45000	0
37.30000000000	45000	0
37.33333333333	45000	0
37.36666666667	45000	0
37.40000000000	45000	0
37.43333333333	45000	0
37.46666666667	45000	0
37.50000000000	45000	0
37.53333333333	45000	0
37.56666666667	45000	0
37.60000000000	45000	0
37.63333333333	45000	0
37.66666666667	45000	0
37.70000000000	45000	0
37.73333333333	45000	0
37.76666666667	45000	0
37.80000000000	45000	0
37.83333333333	45000	0
37.86666666667	45000	0
37.90000000000	45000	0
37.93333333333	45000	0
37.96666666667	45000	0
38.00000000000	45000	1
38.03333333333	45000	0
38.06666666667	45000	0
38.10000000000	45000	0
38.13333333333	45000	0
38.16666666667	45000	0
38.20000000000	45000	0
38.23333333333	45000	0
38.26666666667	45000	0
38.30000000000	45000	0
38.33333333333	45000	0
38.36666666667	45000	0
38.40000000000	45000	0
38.43333333333	45000	0
38.46666666667	45000	0
38.50000000000	45000	0
38.53333333333	45000	0
38.56666666667	45000	0
38.60000000000	45000	0
38.63333333333	45000	0
38.66666666667	45000	0
38.70000000000	45000	0
38.73333333333	45000	0
38.76666666667	45000	0
38.80000000000	45000	0
38.83333333333	45000	0
38.86666666667	45000	0
38.90000000000	45000	0
38.93333333333	45000	0
38.96666666667	45000	0
39.00000000000	45000	1
39.03333333333	45000	0
39.06666666667	45000	0
39.10000000000	45000	0
39.13333333333	45000	0
39.16666666667	45000	0
39.20000000000	45000	0
39.23333333333	45000	0
39.26666666667	45000	0
39.30000000000	45000	0
39.33333333333	45000	0
39.36666666667	45000	0
39.40000000000	45000	0
39.43333333333	45000	0
39.46666666667	45000	0
39.50000000000	45000	0
39.53333333333	45000	0
39.56666666667	45000	0
39.60000000000	45000	0
39.63333333333	45000	0
39.66666666667	45000	0
39.70000000000	45000	0
39.73333333333	45000	0
39.76666666667	45000	0
39.80000000000	45000	0
39.83333333333	45000	0
39.86666666667	45000	0
39.90000000000	45000	0
39.93333333333	45000	0
39.96666666667	45000	0
40.00000000000	45000	1
40.03333333333	45000	0
40.06666666667	45000	0
40.10000000000	45000	0
40.13333333333	45000	0
40.16666666667	45000	0
40.20000000000	45000	0
40.23333333333	45000	0
40.26666666667	45000	0
40.30000000000	45000	0
40.33333333333	45000	0
40.36666666667	45000	0
40.40000000000	45000	0
40.43333333333	45000	0
40.46666666667	45000	0
40.50000000000	45000	0
40.53333333333	45000	0
40.56666666667	45000	0
40.60000000000	45000	0
40.63333333333	45000	0
40.66666666667	45000	0
40.70000000000	45000	0
40.73333333333	45000	0
40.76666666667	45000	0
40.80000000000	45000	0
40.83333333333	45000	0
40.86666666667	45000	0
40.90000000000	45000	0
40.93333333333	45000	0
40.96666666667	45000	0
41.00000000000	45000	1
41.03333333333	45000	0
41.06666666667	45000	0
41.10000000000	45000	0
41.13333333333	45000	0
41.16666666667	45000	0
41.20000000000	45000	0
41.23333333333	45000	0
41.26666666667	45000	0
41.30000000000	45000	0
41.33333333333	45000	0
41.36666666667	45000	0
41.40000000000	45000	0
41.43333333333	45000	0
41.46666666667	45000	0
41.50000000000	45000	0
41.53333333333	45000	0
41.56666666667	45000	0
41.60000000000	45000	0
41.63333333333	45000	0
41.66666666667	45000	0
41.70000000000	45000	0
41.73333333333	45000	0
41.76666666667	45000	0
41.80000000000	45000	0
41.83333333333	45000	0
41.86666666667	45000	0
41.90000000000	45000	0
41.93333333333	45000	0
41.96666666667	45000	0
42.00000000000	45000	1
42.03333333333	45000	0
42.06666666667	45000	0
42.10000000000	45000	0
42.13333333333	45000	0
42.16666666667	45000	0
42.20000000000	45000	0
42.23333333333	45000	0
42.26666666667	45000	0
42.30000000000	45000	0
42.33333333333	45000	0
42.36666666667	45000	0
42.40000000000	45000	0
42.43333333333	45000	0
42.46666666667	45000	0
42.50000000000	45000	0
42.53333333333	45000	0
42.56666666667	45000	0
42.60000000000	45000	0
42.63333333333	45000	0
42.66666666667	45000	0
42.70000000000	45000	0
42.73333333333	45000	0
42.76666666667	45000	0
42.80000000000	45000	0
42.83333333333	45000	0
42.86666666667	45000	0
42.90000000000	45000	0
42.93333333333	45000	0
42.96666666667	45000	0
43.00000000000	45000	1
43.03333333333	45000	0
43.06666666667	45000	0
43.10000000000	45000	0
43.13333333333	45000	0
43.16666666667	45000	0
43.20000000000	45000	0
43.23333333333	45000	0
43.26666666667	45000	0
43.30000000000	45000	0
43.33333333333	45000	0
43.36666666667	45000	0
43.40000000000	45000	0
43.43333333333	45000	0
43.46666666667	45000	0
43.50000000000	45000	0
43.53333333333	45000	0
43.56666666667	45000	0
43.60000000000	45000	0
43.63333333333	45000	0
43.66666666667	45000	0
43.70000000000	45000	0
43.73333333333	45000	0
43.76666666667	45000	0
43.80000000000	45000	0
43.83333333333	45000	0
43.86666666667	45000	0
43.90000000000	45000	0
43.93333333333	45000	0
43.96666666667	45000	0
44.00000000000	45000	1
44.03333333333	45000	0
44.06666666667	45000	0
44.10000000000	45000	0
44.13333333333	45000	0
44.16666666667	45000	0
44.20000000000	45000	0
44.23333333333	45000	0
44.26666666667	45000	0
44.30000000000	45000	0
44.33333333333	45000	0
44.36666666667	45000	0
44.40000000000	45000	0
44.43333333333	45000	0
44.46666666667	45000	0
44.50000000000	45000	0
44.53333333333	45000	0
44.56666666667	45000	0
44.60000000000	45000	0
44.63333333333	45000	0
44.66666666667	45000	0
44.70000000000	45000	0
44.73333333333	45000	0
44.76666666667	45000	0
44.80000000000	45000	0
44.83333333333	45000	0
44.86666666667	45000	0
44.90000000000	45000	0
44.93333333333	45000	0
44.96666666667	45000	0
45.00000000000	45000	1
45.03333333333	45000	0
45.06666666667	45000	0
45.10000000000	45000	0
45.13333333333	45000	0
45.16666666667	45000	0
45.20000000000	45000	0
45.23333333333	45000	0
45.26666666667	45000	0
45.30000000000	45000	0
45.33333333333	45000	0
45.36666666667	45000	0
45.40000000000	45000	0
45.43333333333	45000	0
45.46666666667	45000	0
45.50000000000	45000	0
45.53333333333	45000	0
45.56666666667	45000	0
45.60000000000	45000	0
45.63333333333	45000	0
45.66666666667	45000	0
45.70000000000	45000	0
45.73333333333	45000	0
45.76666666667	45000	0
45.80000000000	45000	0
45.83333333333	45000	0
45.86666666667	45000	0
45.90000000000	45000	0
45.93333333333	45000	0
45.96666666667	45000	0
46.00000000000	45000	1
46.03333333333	45000	0
46.06666666667	45000	0
46.10000000000	45000	0
46.13333333333	45000	0
46.16666666667	45000	0
46.20000000000	45000	0
46.23333333333	45000	0
46.26666666667	45000	0
46.30000000000	45000	0
46.33333333333	45000	0
46.36666666667	45000	0
46.40000000000	45000	0
46.43333333333	45000	0
46.46666666667	45000	0
46.50000000000	45000	0
46.53333333333	45000	0
46.56666666667	45000	0
46.60000000000	45000	0
46.63333333333	45000	0
46.66666666667	45000	0
46.70000000000	45000	0
46.73333333333	45000	0
46.76666666667	45000	0
46.80000000000	45000	0
46.83333333333	45000	0
46.86666666667	45000	0
46.90000000000	45000	0
46.93333333333	45000	0
46.96666666667	45000	0
47.00000000000	45000	1
47.03333333333	45000	0
47.06666666667	45000	0
47.10000000000	45000	0
47.13333333333	45000	0
47.16666666667	45000	0
47.20000000000	45000	0
47.23333333333	45000	0
47.26666666667	45000	0
47.30000000000	45000	0
47.33333333333	45000	0
47.36666666667	45000	0
47.40000000000	45000	0
47.43333333333	45000	0
47.46666666667	45000	0
47.50000000000	45000	0
47.53333333333	45000	0
47.56666666667	45000	0
47.60000000000	45000	0
47.63333333333	45000	0
47.66666666667	45000	0
47.70000000000	45000	0
47.73333333333	45000	0
47.76666666667	45000	0
47.80000000000	45000	0
47.83333333333	45000	0
47.86666666667	45000	0
47.90000000000	45000	0
47.93333333333	45000	0
47.96666666667	45000	0
48.00000000000	45000	1
48.03333333333	45000	0
48.06666666667	45000	0
48.10000000000	45000	0
48.13333333333	45000	0
48.16666666667	45000	0
48.20000000000	45000	0
48.23333333333	45000	0
48.26666666667	45000	0
48.30000000000	45000	0
48.33333333333	45000	0
48.36666666667	45000	0
48.40000000000	45000	0
48.43333333333	45000	0
48.46666666667	45000	0
48.50000000000	45000	0
48.53333333333	45000	0
48.56666666667	45000	0
48.60000000000	45000	0
48.63333333333	45000	0
48.66666666667	45000	0
48.70000000000	45000	0
48.73333333333	45000	0
48.76666666667	45000	0
48.80000000000	45000	0
48.83333333333	45000	0
48.86666666667	45000	0
48.90000000000	45000	0
48.93333333333	45000	0
48.96666666667	45000	0
49.00000000000	45000	1
49.03333333333	45000	0
49.06666666667	45000	0
49.10000000000	45000	0
49.13333333333	45000	0
49.16666666667	45000	0
49.20000000000	45000	0
49.23333333333	45000	0
49.26666666667	45000	0
49.30000000000	45000	0
49.33333333333	45000	0
49.36666666667	45000	0
49.40000000000	45000	0
49.43333333333	45000	0
49.46666666667	45000	0
49.50000000000	45000	0
49.53333333333	45000	0
49.56666666667	45000	0
49.60000000000	45000	0
49.63333333333	45000	0
49.66666666667	45000	0
49.70000000000	45000	0
49.73333333333	45000	0
49.76666666667	45000	0
49.80000000000	45000	0
49.83333333333	45000	0
49.86666666667	45000	0
49.90000000000	45000	0
49.93333333333	45000	0
49.96666666667	45000	0
50.00000000000	45000	1
50.03333333333	45000	0
50.06666666667	45000	0
50.10000000000	45000	0
50.13333333333	45000	0
50.16666666667	45000	0
50.20000000000	45000	0
50.23333333333	45000	0
50.26666666667	45000	0
50.30000000000	45000	0
50.33333333333	45000	0
50.36666666667	45000	0
50.40000000000	45000	0
50.43333333333	45000	0
50.46666666667	45000	0
50.50000000000	45000	0
50.53333333333	45000	0
50.56666666667	45000	0
50.60000000000	45000	0
50.63333333333	45000	0
50.66666666667	45000	0
50.70000000000	45000	0
50.73333333333	45000	0
50.76666666667	45000	0
50.80000000000	45000	0
50.83333333333	45000	0
50.86666666667	45000	0
50.90000000000	45000	0
50.93333333333	45000	0
50.96666666667	45000	0
51.00000000000	45000	1
51.03333333333	45000	0
51.06666666667	45000	0
51.10000000000	45000	0
51.13333333333	45000	0
51.16666666667	45000	0
51.20000000000	45000	0
51.23333333333	45000	0
51.26666666667	45000	0
51.30000000000	45000	0
51.33333333333	45000	0
51.36666666667	45000	0
51.40000000000	45000	0
51.43333333333	45000	0
51.46666666667	45000	0
51.50000000000	45000	0
51.53333333333	45000	0
51.56666666667	45000	0
51.60000000000	45000	0
51.63333333333	45000	0
51.66666666667	45000	0
51.70000000000	45000	0
51.73333333333	45000	0
51.76666666667	45000	0
51.80000000000	45000	0
51.83333333333	45000	0
51.86666666667	45000	0
51.90000000000	45000	0
51.93333333333	45000	0
51.96666666667	45000	0
52.00000000000	45000	1
52.03333333333	45000	0
52.06666666667	45000	0
52.10000000000	45000	0
52.13333333333	45000	0
52.16666666667	45000	0
52.20000000000	45000	0
52.23333333333	45000	0
52.26666666667	45000	0
52.30000000000	45000	0
52.33333333333	45000	0
52.36666666667	45000	0
52.40000000000	45000	0
52.43333333333	45000	0
52.46666666667	45000	0
52.50000000000	45000	0
52.53333333333	45000	0
52.56666666667	45000	0
52.60000000000	45000	0
52.63333333333	45000	0
52.66666666667	45000	0
52.70000000000	45000	0
52.73333333333	45000	0
52.76666666667	45000	0
52.80000000000	45000	0
52.83333333333	45000	0
52.86666666667	45000	0
52.90000000000	45000	0
52.93333333333	45000	0
52.96666666667	45000	0
53.00000000000	45000	1
53.03333333333	45000	0
53.06666666667	45000	0
53.10000000000	45000	0
53.13333333333	45000	0
53.16666666667	45000	0
53.20000000000	45000	0
53.23333333333	45000	0
53.26666666667	45000	0
53.30000000000	45000	0
53.33333333333	45000	0
53.36666666667	45000	0
53.40000000000	45000	0
53.43333333333	45000	0
53.46666666667	45000	0
53.50000000000	45000	0
53.53333333333	45000	0
53.56666666667	45000	0
53.60000000000	45000	0
53.63333333333	45000	0
53.66666666667	45000	0
53.70000000000	45000	0
53.73333333333	45000	0
53.76666666667	45000	0
53.80000000000	45000	0
53.83333333333	45000	0
53.86666666667	45000	0
53.90000000000	45000	0
53.93333333333	45000	0
53.96666666667	45000	0
54.00000000000	45000	1
54.03333333333	45000	0
54.06666666667	45000	0
54.10000000000	45000	0
54.13333333333	45000	0
54.16666666667	45000	0
54.20000000000	45000	0
54.23333333333	45000	0
54.26666666667	45000	0
54.30000000000	45000	0
54.33333333333	45000	0
54.36666666667	45000	0
54.40000000000	45000	0
54.43333333333	45000	0
54.46666666667	45000	0
54.50000000000	45000	0
54.53333333333	45000	0
54.56666666667	45000	0
54.60000000000	45000	0
54.63333333333	45000	0
54.66666666667	45000	0
54.70000000000	45000	0
54.73333333333	45000	0
54.76666666667	45000	0
54.80000000000	45000	0
54.83333333333	45000	0
54.86666666667	45000	0
54.90000000000	45000	0
54.93333333333	45000	0
54.96666666667	45000	0
55.00000000000	45000	1
55.03333333333	45000	0
55.06666666667	45000	0
55.10000000000	45000	0
55.13333333333	45000	0
55.16666666667	45000	0
55.20000000000	45000	0
55.23333333333	45000	0
55.26666666667	45000	0
55.30000000000	45000	0
55.33333333333	45000	0
55.36666666667	45000	0
55.40000000000	45000	0
55.43333333333	45000	0
55.46666666667	45000	0
55.50000000000	45000	0
55.53333333333	45000	0
55.56666666667	45000	0
55.60000000000	45000	0
55.63333333333	45000	0
55.66666666667	45000	0
55.70000000000	45000	0
55.73333333333	45000	0
55.76666666667	45000	0
55.80000000000	45000	0
55.83333333333	45000	0
55.86666666667	45000	0
55.90000000000	45000	0
55.93333333333	45000	0
55.96666666667	45000	0
56.00000000000	45000	1
56.03333333333	45000	0
56.06666666667	45000	0
56.10000000000	45000	0
56.13333333333	45000	0
56.16666666667	45000	0
56.20000000000	45000	0
56.23333333333	45000	0
56.26666666667	45000	0
56.30000000000	45000	0
56.33333333333	45000	0
56.36666666667	45000	0
56.40000000000	45000	0
56.43333333333	45000	0
56.46666666667	45000	0
56.50000000000	45000	0
56.53333333333	45000	0
56.56666666667	45000	0
56.60000000000	45000	0
56.63333333333	45000	0
56.66666666667	45000	0
56.70000000000	45000	0
56.73333333333	45000	0
56.76666666667	45000	0
56.80000000000	45000	0
56.83333333333	45000	0
56.86666666667	45000	0
56.90000000000	45000	0
56.93333333333	45000	0
56.96666666667	45000	0
57.00000000000	45000	1
57.03333333333	45000	0
57.06666666667	45000	0
57.10000000000	45000	0
57.13333333333	45000	0
57.16666666667	45000	0
57.20000000000	45000	0
57.23333333333	45000	0
57.26666666667	45000	0
57.30000000000	45000	0
57.33333333333	45000	0
57.36666666667	45000	0
57.40000000000	45000	0
57.43333333333	45000	0
57.46666666667	45000	0
57.50000000000	45000	0
57.53333333333	45000	0
57.56666666667	45000	0
57.60000000000	45000	0
57.63333333333	45000	0
57.66666666667	45000	0
57.70000000000	45000	0
57.73333333333	45000	0
57.76666666667	45000	0
57.80000000000	45000	0
57.83333333333	45000	0
57.86666666667	45000	0
57.90000000000	45000	0
57.93333333333	45000	0
57.96666666667	45000	0
58.00000000000	45000	1
58.03333333333	45000	0
58.06666666667	45000	0
58.10000000000	45000	0
58.13333333333	45000	0
58.16666666667	45000	0
58.20000000000	45000	0
58.23333333333	45000	0
58.26666666667	45000	0
58.30000000000	45000	0
58.33333333333	45000	0
58.36666666667	45000	0
58.40000000000	45000	0
58.43333333333	45000	0
58.46666666667	45000	0
58.50000000000	45000	0
58.53333333333	45000	0
58.56666666667	45000	0
58.60000000000	45000	0
58.63333333333	45000	0
58.66666666667	45000	0
58.70000000000	45000	0
58.73333333333	45000	0
58.76666666667	45000	0
58.80000000000	45000	0
58.83333333333	45000	0
58.86666666667	45000	0
58.90000000000	45000	0
58.93333333333	45000	0
58.96666666667	45000	0
59.00000000000	45000	1
59.03333333333	45000	0
59.06666666667	45000	0
59.10000000000	45000	0
59.13333333333	45000	0
59.16666666667	45000	0
59.20000000000	45000	0
59.23333333333	45000	0
59.26666666667	45000	0
59.30000000000	45000	0
59.33333333333	45000	0
59.36666666667	45000	0
59.40000000000	45000	0
59.43333333333	45000	0
59.46666666667	45000	0
59.50000000000	45000	0
59.53333333333	45000	0
59.56666666667	45000	0
59.60000000000	45000	0
59.63333333333	45000	0
59.66666666667	45000	0
59.70000000000	45000	0
59.73333333333	45000	0
59.76666666667	45000	0
59.80000000000	45000	0
59.83333333333	45000	0
59.86666666667	45000	0
59.90000000000	45000	0
59.93333333333	45000	0
59.96666666667	45000	0
60.00000000000	45000	1
60.03333333333	45000	0
60.06666666667	45000	0
60.10000000000	45000	0
60.13333333333	45000	0
60.16666666667	45000	0
60.20000000000	45000	0
60.23333333333	45000	0
60.26666666667	45000	0
60.30000000000	45000	0
60.33333333333	45000	0
60.36666666667	45000	0
60.40000000000	45000	0
60.43333333333	45000	0
60.46666666667	45000	0
60.50000000000	45000	0
60.53333333333	45000	0
60.56666666667	45000	0
60.60000000000	45000	0
60.63333333333	45000	0
60.66666666667	45000	0
60.70000000000	45000	0
60.73333333333	45000	0
60.76666666667	45000	0
60.80000000000	45000	0
60.83333333333	45000	0
60.86666666667	45000	0
60.90000000000	45000	0
60.93333333333	45000	0
60.96666666667	45000	0
61.00000000000	45000	1
61.03333333333	45000	0
61.06666666667	45000	0
61.10000000000	45000	0
61.13333333333	45000	0
61.16666666667	45000	0
61.20000000000	45000	0
61.23333333333	45000	0
61.26666666667	45000	0
61.30000000000	45000	0
61.33333333333	45000	0
61.36666666667	45000	0
61.40000000000	45000	0
61.43333333333	45000	0
61.46666666667	45000	0
61.50000000000	45000	0
61.53333333333	45000	0
61.56666666667	45000	0
61.60000000000	45000	0
61.63333333333	45000	0
61.66666666667	45000	0
61.70000000000	45000	0
61.73333333333	45000	0
61.76666666667	45000	0
61.80000000000	45000	0
61.83333333333	45000	0
61.86666666667	45000	0
61.90000000000	45000	0
61.93333333333	45000	0
61.96666666667	45000	0
62.00000000000	45000	1
62.03333333333	45000	0
62.06666666667	45000	0
62.10000000000	45000	0
62.13333333333	45000	0
62.16666666667	45000	0
62.20000000000	45000	0
62.23333333333	45000	0
62.26666666667	45000	0
62.30000000000	45000	0
62.33333333333	45000	0
62.36666666667	45000	0
62.40000000000	45000	0
62.43333333333	45000	0
62.46666666667	45000	0
62.50000000000	45000	0
62.53333333333	45000	0
62.56666666667	45000	0
62.60000000000	45000	0
62.63333333333	45000	0
62.66666666667	45000	0
62.70000000000	45000	0
62.73333333333	45000	0
62.76666666667	45000	0
62.80000000000	45000	0
62.83333333333	45000	0
62.86666666667	45000	0
62.90000000000	45000	0
62.93333333333	45000	0
62.96666666667	45000	0
63.00000000000	45000	1
63.03333333333	45000	0
63.06666666667	45000	0
63.10000000000	45000	0
63.13333333333	45000	0
63.16666666667	45000	0
63.20000000000	45000	0
63.23333333333	45000	0
63.26666666667	45000	0
63.30000000000	45000	0
63.33333333333	45000	0
63.36666666667	45000	0
63.40000000000	45000	0
63.43333333333	45000	0
63.46666666667	45000	0
63.50000000000	45000	0
63.53333333333	45000	0
63.56666666667	45000	0
63.60000000000	45000	0
63.63333333333	45000	0
63.66666666667	45000	0
63.70000000000	45000	0
63.73333333333	45000	0
63.76666666667	45000	0
63.80000000000	45000	0
63.83333333333	45000	0
63.86666666667	45000	0
63.90000000000	45000	0
63.93333333333	45000	0
63.96666666667	45000	0
64.00000000000	45000	1
64.03333333333	45000	0
64.06666666667	45000	0
64.10000000000	45000	0
64.13333333333	45000	0
64.16666666667	45000	0
64.20000000000	45000	0
64.23333333333	45000	0
64.26666666667	45000	0
64.30000000000	45000	0
64.33333333333	45000	0
64.36666666667	45000	0
64.40000000000	45000	0
64.43333333333	45000	0
64.46666666667	45000	0
64.50000000000	45000	0
64.53333333333	45000	0
64.56666666667	45000	0
64.60000000000	45000	0
64.63333333333	45000	0
64.66666666667	45000	0
64.70000000000	45000	0
64.73333333333	45000	0
64.76666666667	45000	0
64.80000000000	45000	0
64.83333333333	45000	0
64.86666666667	45000	0
64.90000000000	45000	0
64.93333333333	45000	0
64.96666666667	45000	0
65.00000000000	45000	1
65.03333333333	45000	0
65.06666666667	45000	0
65.10000000000	45000	0
65.13333333333	45000	0
65.16666666667	45000	0
65.20000000000	45000	0
65.23333333333	45000	0
65.26666666667	45000	0
65.30000000000	45000	0
65.33333333333	45000	0
65.36666666667	45000	0
65.40000000000	45000	0
65.43333333333	45000	0
65.46666666667	45000	0
65.50000000000	45000	0
65.53333333333	45000	0
65.56666666667	45000	0
65.60000000000	45000	0
65.63333333333	45000	0
65.66666666667	45000	0
65.70000000000	45000	0
65.73333333333	45000	0
65.76666666667	45000	0
65.80000000000	45000	0
65.83333333333	45000	0
65.86666666667	45000	0
65.90000000000	45000	0
65.93333333333	45000	0
65.96666666667	45000	0
66.00000000000	45000	1
66.03333333333	45000	0
66.06666666667	45000	0
66.10000000000	45000	0
66.13333333333	45000	0
66.16666666667	45000	0
66.20000000000	45000	0
66.23333333333	45000	0
66.26666666667	45000	0
66.30000000000	45000	0
66.33333333333	45000	0
66.36666666667	45000	0
66.40000000000	45000	0
66.43333333333	45000	0
66.46666666667	45000	0
66.50000000000	45000	0
66.53333333333	45000	0
66.56666666667	45000	0
66.60000000000	45000	0
66.63333333333	45000	0
66.66666666667	45000	0
66.70000000000	45000	0
66.73333333333	45000	0
66.76666666667	45000	0
66.80000000000	45000	0
66.83333333333	45000	0
66.86666666667	45000	0
66.90000000000	45000	0
66.93333333333	45000	0
66.96666666667	45000	0
67.00000000000	45000	1
67.03333333333	45000	0
67.06666666667	45000	0
67.10000000000	45000	0
67.13333333333	45000	0
67.16666666667	45000	0
67.20000000000	45000	0
67.23333333333	45000	0
67.26666666667	45000	0
67.30000000000	45000	0
67.33333333333	45000	0
67.36666666667	45000	0
67.40000000000	45000	0
67.43333333333	45000	0
67.46666666667	45000	0
67.50000000000	45000	0
67.53333333333	45000	0
67.56666666667	45000	0
67.60000000000	45000	0
67.63333333333	45000	0
67.66666666667	45000	0
67.70000000000	45000	0
67.73333333333	45000	0
67.76666666667	45000	0
67.80000000000	45000	0
67.83333333333	45000	0
67.86666666667	45000	0
67.90000000000	45000	0
67.93333333333	45000	0
67.96666666667	45000	0
68.00000000000	45000	1
68.03333333333	45000	0
68.06666666667	45000	0
68.10000000000	45000	0
68.13333333333	45000	0
68.16666666667	45000	0
68.20000000000	45000	0
68.23333333333	45000	0
68.26666666667	45000	0
68.30000000000	45000	0
68.33333333333	45000	0
68.36666666667	45000	0
68.40000000000	45000	0
68.43333333333	45000	0
68.46666666667	45000	0
68.50000000000	45000	0
68.53333333333	45000	0
68.56666666667	45000	0
68.60000000000	45000	0
68.63333333333	45000	0
68.66666666667	45000	0
68.70000000000	45000	0
68.73333333333	45000	0
68.76666666667	45000	0
68.80000000000	45000	0
68.83333333333	45000	0
68.86666666667	45000	0
68.90000000000	45000	0
68.93333333333	45000	0
68.96666666667	45000	0
69.00000000000	45000	1
69.03333333333	45000	0
69.06666666667	45000	0
69.10000000000	45000	0
69.13333333333	45000	0
69.16666666667	45000	0
69.20000000000	45000	0
69.23333333333	45000	0
69.26666666667	45000	0
69.30000000000	45000	0
69.33333333333	45000	0
69.36666666667	45000	0
69.40000000000	45000	0
69.43333333333	45000	0
69.46666666667	45000	0
69.50000000000	45000	0
69.53333333333	45000	0
69.56666666667	45000	0
69.60000000000	45000	0
69.63333333333	45000	0
69.66666666667	45000	0
69.70000000000	45000	0
69.73333333333	45000	0
69.76666666667	45000	0
69.80000000000	45000	0
69.83333333333	45000	0
69.86666666667	45000	0
69.90000000000	45000	0
69.93333333333	45000	0
69.96666666667	45000	0
70.00000000000	45000	1
70.03333333333	45000	0
70.06666666667	45000	0
70.10000000000	45000	0
70.13333333333	45000	0
70.16666666667	45000	0
70.20000000000	45000	0
70.23333333333	45000	0
70.26666666667	45000	0
70.30000000000	45000	0
70.33333333333	45000	0
70.36666666667	45000	0
70.40000000000	45000	0
70.43333333333	45000	0
70.46666666667	45000	0
70.50000000000	45000	0
70.53333333333	45000	0
70.56666666667	45000	0
70.60000000000	45000	0
70.63333333333	45000	0
70.66666666667	45000	0
70.70000000000	45000	0
70.73333333333	45000	0
70.76666666667	45000	0
70.80000000000	45000	0
70.83333333333	45000	0
70.86666666667	45000	0
70.90000000000	45000	0
70.93333333333	45000	0
70.96666666667	45000	0
71.00000000000	45000	1
71.03333333333	45000	0
71.06666666667	45000	0
71.10000000000	45000	0
71.13333333333	45000	0
71.16666666667	45000	0
71.20000000000	45000	0
71.23333333333	45000	0
71.26666666667	45000	0
71.30000000000	45000	0
71.33333333333	45000	0
71.36666666667	45000	0
71.40000000000	45000	0
71.43333333333	45000	0
71.46666666667	45000	0
71.50000000000	45000	0
71.53333333333	45000	0
71.56666666667	45000	0
71.60000000000	45000	0
71.63333333333	45000	0
71.66666666667	45000	0
71.70000000000	45000	0
71.73333333333	45000	0
71.76666666667	45000	0
71.80000000000	45000	0
71.83333333333	45000	0
71.86666666667	45000	0
71.90000000000	45000	0
71.93333333333	45000	0
71.96666666667	45000	0
72.00000000000	45000	1
72.03333333333	45000	0
72.06666666667	45000	0
72.10000000000	45000	0
72.13333333333	45000	0
72.16666666667	45000	0
72.20000000000	45000	0
72.23333333333	45000	0
72.26666666667	45000	0
72.30000000000	45000	0
72.33333333333	45000	0
72.36666666667	45000	0
72.40000000000	45000	0
72.43333333333	45000	0
72.46666666667	45000	0
72.50000000000	45000	0
72.53333333333	45000	0
72.56666666667	45000	0
72.60000000000	45000	0
72.63333333333	45000	0
72.66666666667	45000	0
72.70000000000	45000	0
72.73333333333	45000	0
72.76666666667	45000	0
72.80000000000	45000	0
72.83333333333	45000	0
72.86666666667	45000	0
72.90000000000	45000	0
72.93333333333	45000	0
72.96666666667	45000	0
73.00000000000	45000	1
73.03333333333	45000	0
73.06666666667	45000	0
73.10000000000	45000	0
73.13333333333	45000	0
73.16666666667	45000	0
73.20000000000	45000	0
73.23333333333	45000	0
73.26666666667	45000	0
73.30000000000	45000	0
73.33333333333	45000	0
73.36666666667	45000	0
73.40000000000	45000	0
73.43333333333	45000	0
73.46666666667	45000	0
73.50000000000	45000	0
73.53333333333	45000	0
73.56666666667	45000	0
73.60000000000	45000	0
73.63333333333	45000	0
73.66666666667	45000	0
73.70000000000	45000	0
73.73333333333	45000	0
73.76666666667	45000	0
73.80000000000	45000	0
73.83333333333	45000	0
73.86666666667	45000	0
73.90000000000	45000	0
73.93333333333	45000	0
73.96666666667	45000	0
74.00000000000	45000	1
74.03333333333	45000	0
74.06666666667	45000	0
74.10000000000	45000	0
74.13333333333	45000	0
74.16666666667	45000	0
74.20000000000	45000	0
74.23333333333	45000	0
74.26666666667	45000	0
74.30000000000	45000	0
74.33333333333	45000	0
74.36666666667	45000	0
74.40000000000	45000	0
74.43333333333	45000	0
74.46666666667	45000	0
74.50000000000	45000	0
74.53333333333	45000	0
74.56666666667	45000	0
74.60000000000	45000	0
74.63333333333	45000	0
74.66666666667	45000	0
74.70000000000	45000	0
74.73333333333	45000	0
74.76666666667	45000	0
74.80000000000	45000	0
74.83333333333	45000	0
74.86666666667	45000	0
74.90000000000	45000	0
74.93333333333	45000	0
74.96666666667	45000	0
75.00000000000	45000	1
75.03333333333	45000	0
75.06666666667	45000	0
75.10000000000	45000	0
75.13333333333	45000	0
75.16666666667	45000	0
75.20000000000	45000	0
75.23333333333	45000	0
75.26666666667	45000	0
75.30000000000	45000	0
75.33333333333	45000	0
75.36666666667	45000	0
75.40000000000	45000	0
75.43333333333	45000	0
75.46666666667	45000	0
75.50000000000	45000	0
75.53333333333	45000	0
75.56666666667	45000	0
75.60000000000	45000	0
75.63333333333	45000	0
75.66666666667	45000	0
75.70000000000	45000	0
75.73333333333	45000	0
75.76666666667	45000	0
75.80000000000	45000	0
75.83333333333	45000	0
75.86666666667	45000	0
75.90000000000	45000	0
75.93333333333	45000	0
75.96666666667	45000	0
76.00000000000	45000	1
76.03333333333	45000	0
76.06666666667	45000	0
76.10000000000	45000	0
76.13333333333	45000	0
76.16666666667	45000	0
76.20000000000	45000	0
76.23333333333	45000	0
76.26666666667	45000	0
76.30000000000	45000	0
76.33333333333	45000	0
76.36666666667	45000	0
76.40000000000	45000	0
76.43333333333	45000	0
76.46666666667	45000	0
76.50000000000	45000	0
76.53333333333	45000	0
76.56666666667	45000	0
76.60000000000	45000	0
76.63333333333	45000	0
76.66666666667	45000	0
76.70000000000	45000	0
76.73333333333	45000	0
76.76666666667	45000	0
76.80000000000	45000	0
76.83333333333	45000	0
76.86666666667	45000	0
76.90000000000	45000	0
76.93333333333	45000	0
76.96666666667	45000	0
77.00000000000	45000	1
77.03333333333	45000	0
77.06666666667	45000	0
77.10000000000	45000	0
77.13333333333	45000	0
77.16666666667	45000	0
77.20000000000	45000	0
77.23333333333	45000	0
77.26666666667	45000	0
77.30000000000	45000	0
77.33333333333	45000	0
77.36666666667	45000	0
77.40000000000	45000	0
77.43333333333	45000	0
77.46666666667	45000	0
77.50000000000	45000	0
77.53333333333	45000	0
77.56666666667	45000	0
77.60000000000	45000	0
77.63333333333	45000	0
77.66666666667	45000	0
77.70000000000	45000	0
77.73333333333	45000	0
77.76666666667	45000	0
77.80000000000	45000	0
77.83333333333	45000	0
77.86666666667	45000	0
77.90000000000	45000	0
77.93333333333	45000	0
77.96666666667	45000	0
78.00000000000	45000	1
78.03333333333	45000	0
78.06666666667	45000	0
78.10000000000	45000	0
78.13333333333	45000	0
78.16666666667	45000	0
78.20000000000	45000	0
78.23333333333	45000	0
78.26666666667	45000	0
78.30000000000	45000	0
78.33333333333	45000	0
78.36666666667	45000	0
78.40000000000	45000	0
78.43333333333	45000	0
78.46666666667	45000	0
78.50000000000	45000	0
78.53333333333	45000	0
78.56666666667	45000	0
78.60000000000	45000	0
78.63333333333	45000	0
78.66666666667	45000	0
78.70000000000	45000	0
78.73333333333	45000	0
78.76666666667	45000	0
78.80000000000	45000	0
78.83333333333	45000	0
78.86666666667	45000	0
78.90000000000	45000	0
78.93333333333	45000	0
78.96666666667	45000	0
79.00000000000	45000	1
79.03333333333	45000	0
79.06666666667	45000	0
79.10000000000	45000	0
79.13333333333	45000	0
79.16666666667	45000	0
79.20000000000	45000	0
79.23333333333	45000	0
79.26666666667	45000	0
79.30000000000	45000	0
79.33333333333	45000	0
79.36666666667	45000	0
79.40000000000	45000	0
79.43333333333	45000	0
79.46666666667	45000	0
79.50000000000	45000	0
79.53333333333	45000	0
79.56666666667	45000	0
79.60000000000	45000	0
79.63333333333	45000	0
79.66666666667	45000	0
79.70000000000	45000	0
79.73333333333	45000	0
79.76666666667	45000	0
79.80000000000	45000	0
79.83333333333	45000	0
79.86666666667	45000	0
79.90000000000	45000	0
79.93333333333	45000	0
79.96666666667	45000	0
80.00000000000	45000	1
80.03333333333	45000	0
80.06666666667	45000	0
80.10000000000	45000	0
80.13333333333	45000	0
80.16666666667	45000	0
80.20000000000	45000	0
80.23333333333	45000	0
80.26666666667	45000	0
80.30000000000	45000	0
80.33333333333	45000	0
80.36666666667	45000	0
80.40000000000	45000	0
80.43333333333	45000	0
80.46666666667	45000	0
80.50000000000	45000	0
80.53333333333	45000	0
80.56666666667	45000	0
80.60000000000	45000	0
80.63333333333	45000	0
80.66666666667	45000	0
80.70000000000	45000	0
80.73333333333	45000	0
80.76666666667	45000	0
80.80000000000	45000	0
80.83333333333	45000	0
80.86666666667	45000	0
80.90000000000	45000	0
80.93333333333	45000	0
80.96666666667	45000	0
81.00000000000	45000	1
81.03333333333	45000	0
81.06666666667	45000	0
81.10000000000	45000	0
81.13333333333	45000	0
81.16666666667	45000	0
81.20000000000	45000	0
81.23333333333	45000	0
81.26666666667	45000	0
81.30000000000	45000	0
81.33333333333	45000	0
81.36666666667	45000	0
81.40000000000	45000	0
81.43333333333	45000	0
81.46666666667	45000	0
81.50000000000	45000	0
81.53333333333	45000	0
81.56666666667	45000	0
81.60000000000	45000	0
81.63333333333	45000	0
81.66666666667	45000	0
81.70000000000	45000	0
81.73333333333	45000	0
81.76666666667	45000	0
81.80000000000	45000	0
81.83333333333	45000	0
81.86666666667	45000	0
81.90000000000	45000	0
81.93333333333	45000	0
81.96666666667	45000	0
82.00000000000	45000	1
82.03333333333	45000	0
82.06666666667	45000	0
82.10000000000	45000	0
82.13333333333	45000	0
82.16666666667	45000	0
82.20000000000	45000	0
82.23333333333	45000	0
82.26666666667	45000	0
82.30000000000	45000	0
82.33333333333	45000	0
82.36666666667	45000	0
82.40000000000	45000	0
82.43333333333	45000	0
82.46666666667	45000	0
82.50000000000	45000	0
82.53333333333	45000	0
82.56666666667	45000	0
82.60000000000	45000	0
82.63333333333	45000	0
82.66666666667	45000	0
82.70000000000	45000	0
82.73333333333	45000	0
82.76666666667	45000	0
82.80000000000	45000	0
82.83333333333	45000	0
82.86666666667	45000	0
82.90000000000	45000	0
82.93333333333	45000	0
82.96666666667	45000	0
83.00000000000	45000	1
83.03333333333	45000	0
83.06666666667	45000	0
83.10000000000	45000	0
83.13333333333	45000	0
83.16666666667	45000	0
83.20000000000	45000	0
83.23333333333	45000	0
83.26666666667	45000	0
83.30000000000	45000	0
83.33333333333	45000	0
83.36666666667	45000	0
83.40000000000	45000	0
83.43333333333	45000	0
83.46666666667	45000	0
83.50000000000	45000	0
83.53333333333	45000	0
83.56666666667	45000	0
83.60000000000	45000	0
83.63333333333	45000	0
83.66666666667	45000	0
83.70000000000	45000	0
83.73333333333	45000	0
83.76666666667	45000	0
83.80000000000	45000	0
83.83333333333	45000	0
83.86666666667	45000	0
83.90000000000	45000	0
83.93333333333	45000	0
83.96666666667	45000	0
84.00000000000	45000	1
84.03333333333	45000	0
84.06666666667	45000	0
84.10000000000	45000	0
84.13333333333	45000	0
84.16666666667	45000	0
84.20000000000	45000	0
84.23333333333	45000	0
84.26666666667	45000	0
84.30000000000	45000	0
84.33333333333	45000	0
84.36666666667	45000	0
84.40000000000	45000	0
84.43333333333	45000	0
84.46666666667	45000	0
84.50000000000	45000	0
84.53333333333	45000	0
84.56666666667	45000	0
84.60000000000	45000	0
84.63333333333	45000	0
84.66666666667	45000	0
84.70000000000	45000	0
84.73333333333	45000	0
84.76666666667	45000	0
84.80000000000	45000	0
84.83333333333	45000	0
84.86666666667	45000	0
84.90000000000	45000	0
84.93333333333	45000	0
84.96666666667	45000	0
85.00000000000	45000	1
85.03333333333	45000	0
85.06666666667	45000	0
85.10000000000	45000	0
85.13333333333	45000	0
85.16666666667	45000	0
85.20000000000	45000	0
85.23333333333	45000	0
85.26666666667	45000	0
85.30000000000	45000	0
85.33333333333	45000	0
85.36666666667	45000	0
85.40000000000	45000	0
85.43333333333	45000	0
85.46666666667	45000	0
85.50000000000	45000	0
85.53333333333	45000	0
85.56666666667	45000	0
85.60000000000	45000	0
85.63333333333	45000	0
85.66666666667	45000	0
85.70000000000	45000	0
85.73333333333	45000	0
85.76666666667	45000	0
85.80000000000	45000	0
85.83333333333	45000	0
85.86666666667	45000	0
85.90000000000	45000	0
85.93333333333	45000	0
85.96666666667	45000	0
86.00000000000	45000	1
86.03333333333	45000	0
86.06666666667	45000	0
86.10000000000	45000	0
86.13333333333	45000	0
86.16666666667	45000	0
86.20000000000	45000	0
86.23333333333	45000	0
86.26666666667	45000	0
86.30000000000	45000	0
86.33333333333	45000	0
86.36666666667	45000	0
86.40000000000	45000	0
86.43333333333	45000	0
86.46666666667	45000	0
86.50000000000	45000	0
86.53333333333	45000	0
86.56666666667	45000	0
86.60000000000	45000	0
86.63333333333	45000	0
86.66666666667	45000	0
86.70000000000	45000	0
86.73333333333	45000	0
86.76666666667	45000	0
86.80000000000	45000	0
86.83333333333	45000	0
86.86666666667	45000	0
86.90000000000	45000	0
86.93333333333	45000	0
86.96666666667	45000	0
87.00000000000	45000	1
87.03333333333	45000	0
87.06666666667	45000	0
87.10000000000	45000	0
87.13333333333	45000	0
87.16666666667	45000	0
87.20000000000	45000	0
87.23333333333	45000	0
87.26666666667	45000	0
87.30000000000	45000	0
87.33333333333	45000	0
87.36666666667	45000	0
87.40000000000	45000	0
87.43333333333	45000	0
87.46666666667	45000	0
87.50000000000	45000	0
87.53333333333	45000	0
87.56666666667	45000	0
87.60000000000	45000	0
87.63333333333	45000	0
87.66666666667	45000	0
87.70000000000	45000	0
87.73333333333	45000	0
87.76666666667	45000	0
87.80000000000	45000	0
87.83333333333	45000	0
87.86666666667	45000	0
87.90000000000	45000	0
87.93333333333	45000	0
87.96666666667	45000	0
88.00000000000	45000	1
88.03333333333	45000	0
88.06666666667	45000	0
88.10000000000	45000	0
88.13333333333	45000	0
88.16666666667	45000	0
88.20000000000	45000	0
88.23333333333	45000	0
88.26666666667	45000	0
88.30000000000	45000	0
88.33333333333	45000	0
88.36666666667	45000	0
88.40000000000	45000	0
88.43333333333	45000	0
88.46666666667	45000	0
88.50000000000	45000	0
88.53333333333	45000	0
88.56666666667	45000	0
88.60000000000	45000	0
88.63333333333	45000	0
88.66666666667	45000	0
88.70000000000	45000	0
88.73333333333	45000	0
88.76666666667	45000	0
88.80000000000	45000	0
88.83333333333	45000	0
88.86666666667	45000	0
88.90000000000	45000	0
88.93333333333	45000	0
88.96666666667	45000	0
89.00000000000	45000	1
89.03333333333	45000	0
89.06666666667	45000	0
89.10000000000	45000	0
89.13333333333	45000	0
89.16666666667	45000	0
89.20000000000	45000	0
89.23333333333	45000	0
89.26666666667	45000	0
89.30000000000	45000	0
89.33333333333	45000	0
89.36666666667	45000	0
89.40000000000	45000	0
89.43333333333	45000	0
89.46666666667	45000	0
89.50000000000	45000	0
89.53333333333	45000	0
89.56666666667	45000	0
89.60000000000	45000	0
89.63333333333	45000	0
89.66666666667	45000	0
89.70000000000	45000	0
89.73333333333	45000	0
89.76666666667	45000	0
89.80000000000	45000	0
89.83333333333	45000	0
89.86666666667	45000	0
89.90000000000	45000	0
89.93333333333	45000	0
89.96666666667	45000	0
90.00000000000	45000	1
90.03333333333	45000	0
90.06666666667	45000	0
90.10000000000	45000	0
90.13333333333	45000	0
90.16666666667	45000	0
90.20000000000	45000	0
90.23333333333	45000	0
90.26666666667	45000	0
90.30000000000	45000	0
90.33333333333	45000	0
90.36666666667	45000	0
90.40000000000	45000	0
90.43333333333	45000	0
90.46666666667	45000	0
90.50000000000	45000	0
90.53333333333	45000	0
90.56666666667	45000	0
90.60000000000	45000	0
90.63333333333	45000	0
90.66666666667	45000	0
90.70000000000	45000	0
90.73333333333	45000	0
90.76666666667	45000	0
90.80000000000	45000	0
90.83333333333	45000	0
90.86666666667	45000	0
90.90000000000	45000	0
90.93333333333	45000	0
90.96666666667	45000	0
91.00000000000	45000	1
91.03333333333	45000	0
91.06666666667	45000	0
91.10000000000	45000	0
91.13333333333	45000	0
91.16666666667	45000	0
91.20000000000	45000	0
91.23333333333	45000	0
91.26666666667	45000	0
91.30000000000	45000	0
91.33333333333	45000	0
91.36666666667	45000	0
91.40000000000	45000	0
91.43333333333	45000	0
91.46666666667	45000	0
91.50000000000	45000	0
91.53333333333	45000	0
91.56666666667	45000	0
91.60000000000	45000	0
91.63333333333	45000	0
91.66666666667	45000	0
91.70000000000	45000	0
91.73333333333	45000	0
91.76666666667	45000	0
91.80000000000	45000	0
91.83333333333	45000	0
91.86666666667	45000	0
91.90000000000	45000	0
91.93333333333	45000	0
91.96666666667	45000	0
92.00000000000	45000	1
92.03333333333	45000	0
92.06666666667	45000	0
92.10000000000	45000	0
92.13333333333	45000	0
92.16666666667	45000	0
92.20000000000	45000	0
92.23333333333	45000	0
92.26666666667	45000	0
92.30000000000	45000	0
92.33333333333	45000	0
92.36666666667	45000	0
92.40000000000	45000	0
92.43333333333	45000	0
92.46666666667	45000	0
92.50000000000	45000	0
92.53333333333	45000	0
92.56666666667	45000	0
92.60000000000	45000	0
92.63333333333	45000	0
92.66666666667	45000	0
92.70000000000	45000	0
92.73333333333	45000	0
92.76666666667	45000	0
92.80000000000	45000	0
92.83333333333	45000	0
92.86666666667	45000	0
92.90000000000	45000	0
92.93333333333	45000	0
92.96666666667	45000	0
93.00000000000	45000	1
93.03333333333	45000	0
93.06666666667	45000	0
93.10000000000	45000	0
93.13333333333	45000	0
93.16666666667	45000	0
93.20000000000	45000	0
93.23333333333	45000	0
93.26666666667	45000	0
93.30000000000	45000	0
93.33333333333	45000	0
93.36666666667	45000	0
93.40000000000	45000	0
93.43333333333	45000	0
93.46666666667	45000	0
93.50000000000	45000	0
93.53333333333	45000	0
93.56666666667	45000	0
93.60000000000	45000	0
93.63333333333	45000	0
93.66666666667	45000	0
93.70000000000	45000	0
93.73333333333	45000	0
93.76666666667	45000	0
93.80000000000	45000	0
93.83333333333	45000	0
93.86666666667	45000	0
93.90000000000	45000	0
93.93333333333	45000	0
93.96666666667	45000	0
94.00000000000	45000	1
94.03333333333	45000	0
94.06666666667	45000	0
94.10000000000	45000	0
94.13333333333	45000	0
94.16666666667	45000	0
94.20000000000	45000	0
94.23333333333	45000	0
94.26666666667	45000	0
94.30000000000	45000	0
94.33333333333	45000	0
94.36666666667	45000	0
94.40000000000	45000	0
94.43333333333	45000	0
94.46666666667	45000	0
94.50000000000	45000	0
94.53333333333	45000	0
94.56666666667	45000	0
94.60000000000	45000	0
94.63333333333	45000	0
94.66666666667	45000	0
94.70000000000	45000	0
94.73333333333	45000	0
94.76666666667	45000	0
94.80000000000	45000	0
94.83333333333	45000	0
94.86666666667	45000	0
94.90000000000	45000	0
94.93333333333	45000	0
94.96666666667	45000	0
95.00000000000	45000	1
95.03333333333	45000	0
95.06666666667	45000	0
95.10000000000	45000	0
95.13333333333	45000	0
95.16666666667	45000	0
95.20000000000	45000	0
95.23333333333	45000	0
95.26666666667	45000	0
95.30000000000	45000	0
95.33333333333	45000	0
95.36666666667	45000	0
95.40000000000	45000	0
95.43333333333	45000	0
95.46666666667	45000	0
95.50000000000	45000	0
95.53333333333	45000	0
95.56666666667	45000	0
95.60000000000	45000	0
95.63333333333	45000	0
95.66666666667	45000	0
95.70000000000	45000	0
95.73333333333	45000	0
95.76666666667	45000	0
95.80000000000	45000	0
95.83333333333	45000	0
95.86666666667	45000	0
95.90000000000	45000	0
95.93333333333	45000	0
95.96666666667	45000	0
96.00000000000	45000	1
96.03333333333	45000	0
96.06666666667	45000	0
96.10000000000	45000	0
96.13333333333	45000	0
96.16666666667	45000	0
96.20000000000	45000	0
96.23333333333	45000	0
96.26666666667	45000	0
96.30000000000	45000	0
96.33333333333	45000	0
96.36666666667	45000	0
96.40000000000	45000	0
96.43333333333	45000	0
96.46666666667	45000	0
96.50000000000	45000	0
96.53333333333	45000	0
96.56666666667	45000	0
96.60000000000	45000	0
96.63333333333	45000	0
96.66666666667	45000	0
96.70000000000	45000	0
96.73333333333	45000	0
96.76666666667	45000	0
96.80000000000	45000	0
96.83333333333	45000	0
96.86666666667	45000	0
96.90000000000	45000	0
96.93333333333	45000	0
96.96666666667	45000	0
97.00000000000	45000	1
97.03333333333	45000	0
97.06666666667	45000	0
97.10000000000	45000	0
97.13333333333	45000	0
97.16666666667	45000	0
97.20000000000	45000	0
97.23333333333	45000	0
97.26666666667	45000	0
97.30000000000	45000	0
97.33333333333	45000	0
97.36666666667	45000	0
97.40000000000	45000	0
97.43333333333	45000	0
97.46666666667	45000	0
97.50000000000	45000	0
97.53333333333	45000	0
97.56666666667	45000	0
97.60000000000	45000	0
97.63333333333	45000	0
97.66666666667	45000	0
97.70000000000	45000	0
97.73333333333	45000	0
97.76666666667	45000	0
97.80000000000	45000	0
97.83333333333	45000	0
97.86666666667	45000	0
97.90000000000	45000	0
97.93333333333	45000	0
97.96666666667	45000	0
98.00000000000	45000	1
98.03333333333	45000	0
98.06666666667	45000	0
98.10000000000	45000	0
98.13333333333	45000	0
98.16666666667	45000	0
98.20000000000	45000	0
98.23333333333	45000	0
98.26666666667	45000	0
98.30000000000	45000	0
98.33333333333	45000	0
98.36666666667	45000	0
98.40000000000	45000	0
98.43333333333	45000	0
98.46666666667	45000	0
98.50000000000	45000	0
98.53333333333	45000	0
98.56666666667	45000	0
98.60000000000	45000	0
98.63333333333	45000	0
98.66666666667	45000	0
98.70000000000	45000	0
98.73333333333	45000	0
98.76666666667	45000	0
98.80000000000	45000	0
98.83333333333	45000	0
98.86666666667	45000	0
98.90000000000	45000	0
98.93333333333	45000	0
98.96666666667	45000	0
99.00000000000	45000	1
99.03333333333	45000	0
99.06666666667	45000	0
99.10000000000	45000	0
99.13333333333	45000	0
99.16666666667	45000	0
99.20000000000	45000	0
99.23333333333	45000	0
99.26666666667	45000	0
99.30000000000	45000	0
99.33333333333	45000	0
99.36666666667	45000	0
99.40000000000	45000	0
99.43333333333	45000	0
99.46666666667	45000	0
99.50000000000	45000	0
99.53333333333	45000	0
99.56666666667	45000	0
99.60000000000	45000	0
99.63333333333	45000	0
99.66666666667	45000	0
99.70000000000	45000	0
99.73333333333	45000	0
99.76666666667	45000	0
99.80000000000	45000	0
99.83333333333	45000	0
99.86666666667	45000	0
99.90000000000	45000	0
99.93333333333	45000	0
99.96666666667	45000	0
