0.058	23
0.087	24
0.129	24
0.171	23
0.21	23
0.24	23
0.268	23
0.299	23
0.333	23
0.361	23
0.391	23
0.426	23
0.461	23
0.491	23
0.52	20
0.56	22
0.593	22
0.627	23
0.66	22
0.695	22
0.727	22
0.761	23
0.796	23
0.829	22
0.862	23
0.896	22
0.93	22
0.964	22
0.998	23
1.032	24
1.066	24
1.099	24
1.133	23
1.166	24
1.2	24
1.233	24
1.268	24
1.301	24
1.335	24
1.368	24
1.402	24
1.435	24
1.469	24
1.503	24
1.54	28
1.574	28
1.608	28
1.643	28
1.677	27
1.71	27
1.745	27
1.779	28
1.829	28
1.863	28
1.898	28
1.931	27
1.964	28
1.997	27
2.033	28
2.067	29
2.099	29
2.144	29
2.182	27
2.215	26
2.249	27
2.281	26
2.316	27
2.349	26
2.383	27
2.418	27
2.452	26
2.486	26
2.52	27
2.553	27
2.586	27
2.621	27
2.653	27
2.686	27
2.721	27
2.755	27
2.788	27
2.821	27
2.855	27
2.888	27
2.921	27
2.955	27
2.988	27
3.022	27
3.059	30
3.093	30
3.127	30
3.162	30
3.196	30
3.23	30
3.265	30
3.298	30
3.333	30
3.366	30
3.4	30
3.435	30
3.468	30
3.502	30
3.533	26
3.566	26
3.601	26
3.634	26
3.669	26
3.703	26
3.737	26
3.77	26
3.805	26
3.839	26
3.872	26
3.906	26
3.94	26
3.975	26
4.009	26
4.044	27
4.079	27
4.112	27
4.147	27
4.181	27
4.214	27
4.247	27
4.281	27
4.315	27
4.347	26
4.381	27
4.414	26
4.447	26
4.479	26
4.517	27
4.56	29
4.6	29
4.641	30
4.699	35
4.732	35
4.768	35
4.803	34
4.839	35
4.873	34
4.905	34
4.942	33
4.98	33
5.018	34
5.053	31
5.089	30
5.154	29
5.185	29
5.219	29
5.251	29
5.284	29
5.317	30
5.35	30
5.383	30
5.416	29
5.449	29
5.482	29
5.515	29
5.548	29
5.58	29
5.612	29
5.644	29
5.677	29
5.708	29
5.741	29
5.772	29
5.804	28
5.836	28
5.871	28
5.907	28
5.943	28
5.98	29
6.017	28
6.052	27
6.092	27
6.127	27
6.163	26
6.199	26
6.235	27
6.269	26
6.306	27
6.336	26
6.367	25
6.4	26
6.431	26
6.464	26
6.494	26
6.527	25
6.56	25
6.593	25
6.626	26
6.66	25
6.693	26
6.727	25
6.76	26
6.793	25
6.827	25
6.861	26
6.894	25
6.928	26
6.962	26
6.996	25
7.028	23
7.062	24
7.096	23
7.129	23
7.163	24
7.197	23
7.23	23
7.264	24
7.298	23
7.331	24
7.364	23
7.398	23
7.433	24
7.465	23
7.5	24
7.534	24
7.567	23
7.601	23
7.635	24
7.668	23
7.703	24
7.735	23
7.769	23
7.803	23
7.837	23
7.87	23
7.903	23
7.938	23
7.971	24
8.005	23
8.039	23
8.073	23
8.106	23
8.141	23
8.174	24
8.208	23
8.242	24
8.274	23
8.309	23
8.342	24
8.375	23
8.41	24
8.442	23
8.476	23
8.51	24
8.546	24
8.578	23
8.613	24
8.645	23
8.679	23
8.713	24
8.746	23
8.78	24
8.814	23
8.848	23
8.88	23
8.915	23
8.948	24
8.981	23
9.016	24
9.05	24
9.084	24
9.118	24
9.151	24
9.186	24
9.219	24
9.252	24
9.286	25
9.32	24
9.354	24
9.387	24
9.421	24
9.454	24
9.488	24
9.521	24
9.557	24
9.59	25
9.624	24
9.658	25
9.691	24
9.724	25
9.758	25
9.792	25
9.826	25
9.858	24
9.893	25
9.927	25
9.96	25
9.993	25
10.032	30
10.068	31
10.1	30
10.134	30
10.168	30
10.201	30
10.234	30
10.268	30
10.303	31
10.335	30
10.369	31
10.402	30
10.436	31
10.469	30
10.504	31
10.533	27
10.568	27
10.603	28
10.636	27
10.669	28
10.702	27
10.736	28
10.77	28
10.804	28
10.836	27
10.87	27
10.905	28
10.938	28
10.971	28
11.004	27
11.033	23
11.068	23
11.101	23
11.136	23
11.168	22
11.202	23
11.236	23
11.269	23
11.302	22
11.337	23
11.37	23
11.403	23
11.438	23
11.47	23
11.505	23
11.552	38
11.587	38
11.621	39
11.655	38
11.688	38
11.722	38
11.756	38
11.788	38
11.822	38
11.855	38
11.889	38
11.923	39
11.956	38
11.99	39
12.023	38
12.049	31
12.084	30
12.118	30
12.151	31
12.184	30
12.218	30
12.264	31
12.309	31
12.352	30
12.397	30
12.442	30
12.487	31
12.534	32
12.577	32
12.622	32
12.653	28
12.689	29
12.721	29
12.756	29
12.79	29
12.822	28
12.862	28
12.901	28
12.939	28
12.979	29
13.019	29
13.073	40
13.117	40
13.16	39
13.203	40
13.249	39
13.297	40
13.342	40
13.379	37
13.418	38
13.458	37
13.498	37
13.529	28
13.569	28
13.605	28
13.644	28
13.683	28
13.722	28
13.762	28
13.801	28
13.841	27
13.883	27
13.922	27
13.964	28
14.003	28
14.051	30
14.094	30
14.138	30
14.181	30
14.225	30
14.269	30
14.312	30
14.353	30
14.392	29
14.432	29
14.473	30
14.517	30
14.552	26
14.594	26
14.633	25
14.675	26
14.714	25
14.756	26
14.799	25
14.84	25
14.88	25
14.92	25
14.96	25
15.001	25
15.041	24
15.082	24
15.126	24
15.166	24
15.208	25
15.249	25
15.289	25
15.329	24
15.37	25
15.41	24
15.452	25
15.488	24
15.528	25
15.565	25
15.604	26
15.64	25
15.679	25
15.717	25
15.788	25
15.824	25
15.858	25
15.893	25
15.928	25
15.962	25
15.997	25
16.029	23
16.065	24
16.098	24
16.134	24
16.167	24
16.203	24
16.24	24
16.275	23
16.309	23
16.345	24
16.379	24
16.413	23
16.45	24
16.484	24
16.519	24
16.554	23
16.588	23
16.624	23
16.659	23
16.727	23
16.765	23
16.799	23
16.834	23
16.869	23
16.902	23
16.937	23
16.97	23
17.005	23
17.038	23
17.072	24
17.107	24
17.14	24
17.207	23
17.241	23
17.275	23
17.312	23
17.346	23
17.38	23
17.414	23
17.448	23
17.482	23
17.516	23
17.551	24
17.585	24
17.62	24
17.652	23
17.685	24
17.718	24
17.75	23
17.783	24
17.816	24
17.852	24
17.887	24
17.919	24
17.951	24
17.983	23
18.016	24
18.049	24
18.082	24
18.115	25
18.147	24
18.18	25
18.213	25
18.245	24
18.278	25
18.31	24
18.343	24
18.377	24
18.413	24
18.446	25
18.478	24
18.51	24
18.541	24
18.573	24
18.605	24
18.636	24
18.668	24
18.701	24
18.736	25
18.768	24
18.8	24
18.831	24
18.863	24
18.895	24
18.93	24
18.961	24
18.994	24
19.026	23
19.059	24
19.092	24
19.124	23
19.157	24
19.19	24
19.222	24
19.256	24
19.288	23
19.32	24
19.355	24
19.387	24
19.419	24
19.453	24
19.484	23
19.516	24
19.549	24
19.581	24
19.613	24
19.645	23
19.677	23
19.709	23
19.741	23
19.774	24
19.808	24
19.842	24
19.875	23
19.909	24
19.946	24
19.979	23
20.013	24
20.048	25
20.081	25
20.115	25
20.149	25
20.181	25
20.215	24
20.249	25
20.314	25
20.347	24
20.381	25
20.415	25
20.453	26
20.487	25
20.521	25
20.554	23
20.588	23
20.622	22
20.655	22
20.689	22
20.724	23
20.758	23
20.792	23
20.826	22
20.86	22
20.894	22
20.928	22
20.965	23
20.999	23
21.033	23
21.065	23
21.1	24
21.133	24
21.166	24
21.199	24
21.232	24
21.265	23
21.299	24
21.331	23
21.365	24
21.398	23
21.432	24
21.469	24
21.503	24
21.536	24
21.569	24
21.602	24
21.636	25
21.669	25
21.703	25
21.735	24
21.767	24
21.8	24
21.834	25
21.867	25
21.9	24
21.933	24
21.966	24
22.002	25
22.034	24
22.069	24
22.104	24
22.139	24
22.174	24
22.208	23
22.243	23
22.278	23
22.313	23
22.348	24
22.384	24
22.42	24
22.454	24
22.489	24
22.527	24
22.562	24
22.597	24
22.632	24
22.668	24
22.704	24
22.738	23
22.774	23
22.81	24
22.847	24
22.883	24
22.919	24
22.955	23
22.992	24
23.029	25
23.068	24
23.105	25
23.141	24
23.177	24
23.214	25
23.25	24
23.286	24
23.323	25
23.359	25
23.393	24
23.428	24
23.463	25
23.497	24
23.532	24
23.567	25
23.605	25
23.64	25
23.674	25
23.709	25
23.743	24
23.778	24
23.813	24
23.848	24
23.883	24
23.919	25
23.953	25
23.989	25
24.022	24
24.055	23
24.091	23
24.127	22
24.162	23
24.197	23
24.23	22
24.264	22
24.298	22
24.332	23
24.366	23
24.401	23
24.434	23
24.468	23
24.502	22
24.537	24
24.57	24
24.603	23
24.64	24
24.673	23
24.708	24
24.741	23
24.774	24
24.808	24
24.841	23
24.874	24
24.907	24
24.94	24
24.973	23
25.007	23
25.039	23
25.072	23
25.105	23
25.142	23
25.174	23
25.208	23
25.24	23
25.272	23
25.306	23
25.339	23
25.371	23
25.405	23
25.437	23
25.47	23
25.504	24
25.536	23
25.568	22
25.602	23
25.638	23
25.67	23
25.703	23
25.737	23
25.768	22
25.836	23
25.868	23
25.902	23
25.933	22
25.966	22
26	23
26.034	24
26.067	24
26.101	24
26.136	24
26.169	25
26.202	25
26.235	25
26.268	25
26.301	25
26.335	25
26.367	25
26.401	25
26.433	25
26.466	25
26.5	25
26.533	26
26.566	25
26.6	25
26.636	25
26.67	26
26.702	26
26.736	25
26.769	25
26.803	25
26.836	25
26.87	25
26.904	26
26.937	25
26.971	26
27.004	25
27.036	24
27.071	24
27.105	25
27.142	25
27.175	24
27.208	24
27.243	24
27.276	25
27.31	25
27.341	24
27.408	24
27.442	25
27.474	24
27.507	24
27.543	26
27.575	26
27.608	25
27.642	25
27.678	26
27.711	25
27.745	26
27.778	25
27.812	25
27.849	26
27.886	26
27.923	26
27.96	26
27.997	26
28.033	25
28.07	25
28.107	25
28.144	25
28.181	25
28.221	25
28.258	25
28.295	25
28.332	25
28.369	25
28.407	25
28.445	25
28.483	25
28.521	25
28.559	25
28.597	25
28.635	25
28.673	25
28.711	25
28.749	25
28.79	25
28.828	25
28.866	25
28.904	25
28.942	25
28.98	25
29.016	24
29.053	23
29.091	23
29.128	23
29.165	23
29.202	23
29.239	23
29.276	23
29.313	23
29.35	23
29.39	23
29.427	23
29.46	23
29.494	23
29.528	23
29.562	24
29.596	24
29.63	24
29.663	24
29.697	24
29.731	24
29.764	24
29.798	24
29.832	24
29.865	24
29.902	24
29.936	24
29.969	24
30.003	24
30.035	23
30.069	24
30.103	24
30.136	24
30.169	23
30.203	23
30.237	23
30.271	23
30.305	23
30.339	24
30.373	24
30.411	24
30.445	24
30.477	23
30.511	24
30.547	25
30.58	25
30.614	25
30.647	25
30.68	25
30.714	25
30.748	25
30.78	25
30.814	25
30.848	25
30.88	25
30.917	25
30.95	25
30.984	26
31.017	25
31.05	26
31.083	26
31.116	26
31.148	26
31.181	26
31.214	26
31.247	26
31.279	26
31.313	26
31.345	26
31.377	26
31.413	26
31.445	26
31.478	26
31.512	27
31.542	24
31.574	24
31.607	24
31.64	24
31.672	24
31.704	24
31.737	24
31.769	24
31.802	24
31.835	24
31.867	24
31.903	25
31.936	24
31.968	25
32	24
32.034	24
32.066	24
32.099	24
32.131	24
32.163	23
32.197	24
32.229	24
32.261	24
32.295	24
32.327	24
32.359	24
32.396	24
32.427	23
32.46	24
32.493	24
32.524	21
32.557	22
32.589	22
32.621	21
32.655	22
32.687	22
32.719	21
32.752	22
32.785	22
32.817	21
32.851	22
32.886	22
32.919	21
32.952	22
32.984	21
33.017	21
33.05	23
33.084	23
33.148	23
33.18	22
33.213	23
33.246	23
33.278	22
33.311	22
33.344	23
33.379	22
33.413	23
33.444	22
33.477	22
33.511	23
33.543	22
33.575	22
33.608	22
33.641	22
33.673	22
33.706	22
33.739	21
33.772	22
33.805	22
33.838	22
33.874	22
33.907	22
33.939	22
33.972	22
34.005	22
34.04	23
34.073	23
34.105	23
34.139	23
34.173	23
34.206	23
34.238	23
34.272	23
34.306	23
34.34	23
34.376	23
34.408	23
34.442	23
34.477	23
34.509	23
34.547	27
34.581	26
34.614	26
34.648	27
34.683	27
34.715	26
34.75	26
34.782	27
34.815	27
34.846	26
34.879	27
34.914	27
34.945	27
34.976	26
35.009	26
35.039	26
35.071	26
35.104	26
35.135	26
35.167	26
35.199	26
35.231	26
35.27	27
35.308	26
35.347	26
35.385	26
35.427	26
35.465	26
35.503	26
35.539	22
35.577	23
35.615	22
35.653	22
35.692	23
35.73	23
35.768	22
35.807	22
35.846	23
35.884	22
35.923	23
36.005	23
36.045	23
36.085	23
36.125	23
36.165	23
36.205	23
36.245	23
36.285	23
36.325	23
36.365	23
36.405	23
36.445	23
36.485	23
36.525	23
36.565	23
36.61	23
36.651	23
36.692	23
36.734	23
36.776	23
36.817	23
36.859	23
36.901	23
36.942	23
36.984	23
37.026	23
37.068	24
37.109	23
37.151	23
37.193	24
37.23	23
37.265	23
37.299	22
37.334	23
37.369	23
37.403	23
37.438	23
37.473	23
37.508	23
37.543	23
37.578	23
37.613	23
37.648	23
37.683	23
37.718	24
37.756	23
37.791	23
37.826	23
37.861	24
37.895	23
37.929	24
37.963	24
37.998	24
38.03	22
38.068	22
38.102	22
38.136	22
38.17	22
38.203	23
38.237	23
38.269	23
38.305	22
38.337	22
38.371	22
38.403	22
38.437	23
38.47	23
38.504	22
38.538	22
38.606	23
38.639	22
38.673	23
38.707	23
38.74	22
38.773	23
38.81	23
38.843	22
38.877	23
38.911	22
38.945	23
38.977	23
39.011	22
39.047	26
39.08	25
39.115	26
39.147	26
39.182	26
39.216	26
39.25	25
39.286	26
39.323	26
39.358	26
39.391	26
39.425	25
39.46	26
39.494	26
39.542	38
39.577	39
39.611	39
39.645	38
39.68	39
39.713	39
39.748	39
39.782	38
39.817	39
39.855	39
39.889	38
39.924	39
39.959	39
39.993	38
40.028	38
40.087	27
40.122	26
40.157	26
40.193	27
40.228	27
40.263	26
40.298	26
40.334	26
40.373	27
40.409	26
40.444	27
40.479	26
40.515	27
40.546	23
40.58	22
40.614	22
40.649	23
40.683	23
40.718	23
40.752	22
40.785	22
40.819	23
40.853	22
40.888	23
40.925	23
40.958	22
40.992	22
41.027	23
41.061	23
41.095	23
41.129	23
41.163	23
41.197	23
41.231	23
41.265	23
41.299	23
41.333	23
41.367	23
41.401	23
41.438	23
41.472	23
41.506	23
41.542	25
41.576	25
41.61	25
41.644	25
41.678	25
41.745	25
41.779	25
41.812	24
41.846	25
41.88	25
41.915	25
41.951	25
41.986	25
42.02	25
42.052	23
42.086	23
42.12	23
42.154	23
42.188	23
42.222	23
42.255	23
42.288	23
42.322	23
42.356	23
42.39	23
42.424	23
42.461	23
42.495	23
42.529	23
42.564	24
42.598	24
42.632	24
42.667	23
42.701	23
42.736	24
42.77	24
42.804	24
42.839	24
42.872	24
42.907	24
42.941	23
42.98	24
43.013	23
43.047	23
43.082	24
43.116	24
43.15	24
43.182	23
43.214	23
43.249	24
43.283	23
43.318	23
43.352	23
43.387	23
43.422	24
43.456	23
43.529	23
43.564	24
43.599	23
43.633	24
43.667	24
43.701	23
43.736	24
43.771	24
43.804	23
43.839	24
43.873	23
43.908	24
43.943	24
43.978	24
44.016	24
44.051	24
44.085	24
44.12	24
44.154	24
44.188	24
44.222	23
44.256	23
44.291	24
44.325	23
44.359	23
44.394	24
44.428	23
44.462	23
44.497	24
44.531	23
44.568	23
44.603	24
44.637	23
44.671	23
44.706	24
44.74	23
44.774	23
44.809	24
44.843	23
44.877	23
44.912	24
44.946	23
44.98	23
45.014	23
45.048	22
45.086	23
45.12	23
45.155	23
45.19	23
45.225	23
45.261	23
45.296	23
45.329	23
45.364	23
45.398	23
45.434	23
45.467	23
45.504	23
45.541	26
45.575	26
45.611	25
45.645	26
45.68	26
45.713	26
45.746	26
45.779	25
45.814	26
45.849	26
45.883	26
45.918	26
45.953	26
45.988	26
46.022	26
46.054	25
46.088	24
46.122	24
46.159	24
46.192	24
46.227	24
46.261	24
46.295	24
46.329	25
46.362	24
46.396	24
46.43	25
46.463	24
46.497	24
46.53	24
46.564	24
46.598	24
46.631	24
46.668	24
46.702	24
46.736	24
46.768	24
46.835	24
46.869	24
46.902	24
46.936	24
46.969	24
47.003	24
47.039	26
47.072	26
47.107	26
47.141	26
47.177	26
47.211	26
47.245	26
47.279	26
47.313	25
47.347	25
47.38	25
47.414	26
47.449	26
47.482	26
47.515	25
47.551	26
47.585	26
47.617	26
47.651	26
47.69	26
47.724	26
47.758	26
47.793	26
47.827	26
47.863	26
47.898	27
47.931	26
47.967	26
48.001	26
48.036	26
48.072	26
48.106	27
48.142	27
48.175	26
48.213	26
48.249	26
48.284	26
48.318	26
48.353	26
48.388	26
48.422	26
48.457	26
48.491	26
48.527	27
48.561	26
48.596	26
48.631	26
48.666	26
48.701	26
48.739	26
48.774	26
48.808	26
48.843	26
48.878	26
48.912	26
48.947	26
48.982	26
49.016	26
49.051	26
49.085	26
49.12	26
49.155	26
49.189	26
49.224	26
49.262	26
49.297	26
49.332	26
49.367	26
49.401	26
49.435	26
49.469	26
49.502	26
49.538	27
49.571	27
49.606	27
49.639	27
49.674	28
49.709	27
49.743	27
49.777	27
49.815	27
49.883	27
49.918	27
49.952	27
49.986	27
50.021	27
50.05	22
50.084	22
50.118	21
50.153	22
50.186	22
50.22	22
50.254	21
50.288	21
50.326	22
50.395	22
50.428	22
50.462	21
50.497	22
50.534	24
50.57	24
50.604	23
50.641	24
50.675	24
50.711	24
50.745	23
50.782	24
50.816	24
50.853	23
50.888	23
50.923	24
50.956	24
50.99	23
51.023	21
51.058	22
51.092	21
51.127	21
51.162	22
51.196	21
51.231	22
51.265	21
51.3	21
51.335	22
51.373	22
51.407	21
51.442	21
51.476	21
51.511	21
51.549	24
51.583	23
51.616	23
51.652	24
51.685	24
51.72	23
51.754	23
51.787	23
51.822	24
51.856	24
51.893	23
51.928	23
51.962	23
51.997	23
52.031	23
52.066	23
52.101	23
52.137	23
52.171	23
52.206	24
52.241	23
52.275	23
52.31	23
52.344	23
52.379	24
52.416	23
52.45	23
52.484	23
52.518	23
52.552	22
52.585	22
52.618	21
52.652	21
52.685	22
52.719	22
52.752	21
52.786	21
52.82	22
52.853	21
52.887	21
52.921	22
52.958	21
52.992	21
53.026	21
53.06	21
53.094	21
53.128	21
53.163	22
53.195	21
53.228	21
53.261	21
53.294	21
53.327	21
53.359	21
53.393	21
53.425	21
53.458	22
53.494	22
53.528	22
53.56	22
53.593	22
53.627	22
53.659	22
53.692	22
53.726	22
53.76	22
53.794	23
53.827	22
53.861	22
53.895	22
53.928	22
53.961	22
53.999	22
54.031	22
54.064	22
54.098	21
54.131	21
54.164	22
54.198	22
54.233	22
54.266	22
54.301	21
54.335	21
54.369	22
54.404	22
54.438	22
54.471	21
54.509	22
54.544	22
54.577	22
54.612	22
54.646	22
54.679	22
54.713	22
54.747	22
54.779	22
54.813	22
54.846	22
54.879	22
54.913	21
54.946	22
54.979	22
55.017	22
55.05	22
55.082	22
55.117	22
55.149	22
55.183	22
55.217	22
55.249	22
55.282	22
55.317	22
55.35	22
55.383	22
55.416	22
55.449	22
55.481	22
55.517	22
55.548	21
55.58	21
55.613	21
55.644	21
55.677	21
55.709	21
55.741	21
55.773	21
55.805	21
55.838	21
55.869	21
55.902	21
55.933	21
55.965	21
56.001	21
56.033	22
56.064	22
56.095	21
56.127	21
56.159	21
56.191	22
56.224	22
56.255	22
56.287	21
56.318	21
56.351	22
56.381	21
56.413	21
56.444	22
56.479	21
56.51	22
56.542	21
56.573	22
56.605	22
56.637	21
56.668	21
56.7	22
56.733	22
56.763	21
56.796	21
56.828	21
56.859	21
56.891	21
56.924	21
56.958	21
56.991	21
57.024	22
57.055	22
57.089	22
57.12	22
57.154	23
57.185	22
57.218	22
57.25	23
57.283	22
57.315	23
57.347	22
57.379	22
57.412	22
57.448	22
57.481	23
57.513	22
57.545	23
57.577	22
57.611	23
57.642	22
57.675	23
57.708	23
57.74	22
57.772	23
57.804	22
57.837	23
57.869	22
57.902	23
57.937	23
57.969	22
58.002	22
58.034	23
58.066	22
58.1	23
58.132	22
58.163	22
58.197	22
58.228	22
58.26	22
58.294	22
58.325	22
58.358	22
58.391	22
58.426	23
58.459	22
58.491	22
58.522	21
58.555	22
58.588	22
58.621	22
58.654	22
58.686	22
58.719	22
58.751	22
58.784	22
58.816	22
58.849	22
58.88	22
58.915	22
58.947	22
58.98	22
59.012	22
59.044	23
59.074	22
59.105	22
59.136	22
59.167	22
59.198	23
59.229	22
59.259	23
59.29	22
59.32	23
59.35	23
59.384	23
59.414	22
59.474	23
59.505	22
59.534	21
59.564	21
59.593	21
59.623	21
59.654	21
59.685	21
59.715	21
59.745	21
59.775	21
59.805	21
59.839	21
59.87	21
59.9	21
59.931	21
59.961	21
59.992	21
60.022	22
60.053	22
60.084	21
60.115	22
60.145	22
60.176	22
60.207	21
60.238	22
60.268	22
60.302	22
60.334	22
60.365	22
60.395	22
60.427	22
60.457	22
60.488	22
60.551	22
60.582	22
60.614	22
60.646	23
60.676	22
60.708	22
60.739	23
60.774	23
60.804	22
60.837	22
60.868	23
60.9	22
60.931	23
60.963	22
60.995	22
61.026	22
61.059	22
61.09	22
61.121	22
61.154	22
61.186	22
61.217	22
61.253	23
61.284	22
61.316	22
61.348	22
61.38	22
61.414	22
61.446	22
61.48	22
61.512	22
61.546	22
61.578	22
61.613	22
61.647	22
61.681	22
61.715	22
61.75	21
61.785	22
61.819	22
61.854	22
61.888	21
61.922	22
61.956	22
61.988	22
62.015	21
62.047	21
62.078	21
62.109	21
62.139	21
62.171	22
62.2	21
62.231	21
62.265	21
62.295	21
62.325	21
62.357	21
62.387	21
62.419	22
62.449	21
62.479	21
62.511	22
62.541	22
62.572	22
62.604	22
62.634	23
62.665	22
62.696	22
62.728	22
62.76	23
62.79	22
62.82	22
62.852	22
62.882	23
62.913	22
62.944	22
62.974	23
63.001	22
63.031	23
63.057	22
63.086	22
63.116	23
63.144	23
63.172	23
63.203	22
63.23	22
63.26	23
63.288	23
63.315	22
63.344	22
63.373	23
63.4	23
63.429	22
63.456	22
63.485	23
63.514	23
63.541	22
63.569	22
63.599	21
63.628	23
63.657	22
63.685	22
63.713	23
63.742	23
63.77	22
63.797	22
63.827	23
63.855	23
63.882	22
63.911	22
63.94	23
63.968	23
63.993	22
64.02	23
64.053	27
64.08	27
64.106	26
64.133	26
64.16	27
64.187	27
64.215	27
64.245	27
64.273	27
64.302	27
64.332	27
64.361	28
64.391	27
64.419	27
64.448	27
64.48	27
64.508	27
64.562	22
64.59	22
64.62	22
64.648	22
64.677	22
64.707	22
64.735	22
64.765	22
64.793	22
64.822	22
64.852	22
64.88	22
64.911	22
64.941	21
64.969	21
64.999	21
65.028	22
65.057	22
65.09	23
65.122	23
65.15	23
65.179	23
65.209	23
65.237	23
65.266	23
65.296	23
65.324	23
65.355	23
65.384	23
65.414	23
65.442	23
65.471	23
65.501	23
65.533	27
65.562	27
65.592	27
65.62	27
65.649	27
65.679	27
65.707	27
65.761	27
65.789	26
65.818	26
65.846	26
65.875	27
65.904	26
65.932	26
65.961	27
65.991	27
66.023	27
66.079	22
66.11	22
66.137	22
66.167	22
66.194	22
66.223	22
66.252	22
66.282	22
66.31	22
66.337	22
66.367	22
66.394	22
66.423	22
66.452	22
66.479	22
66.508	22
66.537	23
66.566	23
66.594	24
66.622	23
66.652	23
66.683	24
66.712	24
66.74	24
66.77	24
66.798	24
66.828	24
66.856	24
66.886	24
66.914	24
66.944	24
66.972	24
67.005	24
67.034	22
67.065	21
67.096	22
67.127	22
67.157	22
67.185	22
67.215	22
67.244	22
67.272	22
67.302	22
67.331	22
67.359	22
67.389	22
67.417	22
67.446	22
67.476	22
67.504	22
67.535	23
67.565	22
67.593	22
67.622	22
67.652	22
67.68	22
67.71	22
67.739	22
67.768	23
67.798	23
67.826	23
67.887	23
67.919	24
67.949	23
67.981	23
68.013	23
68.048	25
68.078	25
68.111	26
68.14	25
68.168	25
68.199	25
68.227	25
68.257	25
68.286	25
68.315	25
68.344	26
68.373	25
68.402	25
68.432	25
68.463	25
68.492	25
68.52	25
68.548	24
68.577	24
68.608	25
68.637	24
68.666	24
68.694	24
68.723	24
68.752	24
68.785	24
68.817	25
68.848	24
68.879	24
68.912	24
68.945	25
68.976	24
69.008	25
69.036	22
69.068	23
69.099	22
69.132	22
69.164	23
69.194	22
69.226	23
69.257	22
69.29	23
69.321	22
69.352	23
69.383	23
69.412	23
69.442	23
69.472	23
69.502	22
69.532	23
69.584	22
69.614	22
69.642	22
69.67	22
69.699	22
69.73	23
69.76	22
69.79	22
69.821	23
69.853	23
69.882	22
69.913	23
69.944	22
69.975	23
70.004	22
70.035	23
70.066	22
70.097	23
70.126	22
70.158	23
70.188	22
70.218	23
70.248	22
70.28	23
70.312	23
70.341	22
70.371	23
70.4	23
70.429	22
70.46	23
70.49	22
70.521	23
70.551	23
70.581	22
70.612	23
70.642	22
70.672	22
70.702	22
70.732	22
70.764	22
70.795	22
70.826	22
70.86	23
70.892	23
70.924	23
70.955	22
70.988	22
71.02	23
71.053	22
71.085	23
71.117	22
71.151	23
71.183	22
71.215	23
71.249	22
71.282	23
71.314	22
71.345	22
71.377	22
71.409	22
71.442	22
71.473	22
71.505	22
71.539	24
71.57	24
71.601	23
71.633	24
71.664	24
71.696	23
71.728	24
71.759	24
71.791	24
71.824	24
71.855	24
71.888	24
71.919	23
71.95	24
71.982	24
72.015	24
72.044	22
72.076	22
72.109	22
72.14	21
72.171	22
72.205	22
72.237	22
72.268	22
72.3	22
72.333	22
72.363	21
72.395	21
72.428	22
72.46	22
72.492	22
72.526	24
72.557	24
72.59	25
72.623	24
72.654	24
72.688	25
72.72	24
72.752	24
72.785	24
72.816	24
72.85	25
72.882	24
72.914	24
72.945	24
72.978	25
73.01	24
73.043	25
73.075	25
73.109	26
73.14	26
73.173	25
73.205	25
73.238	26
73.27	26
73.302	26
73.334	26
73.366	26
73.398	25
73.429	25
73.462	25
73.494	26
73.524	25
73.558	27
73.589	26
73.62	27
73.653	26
73.685	27
73.715	26
73.747	27
73.779	26
73.811	27
73.841	26
73.873	27
73.905	26
73.937	27
73.967	26
74	27
74.027	23
74.06	23
74.091	23
74.125	23
74.157	23
74.189	23
74.22	23
74.253	23
74.285	23
74.318	23
74.349	23
74.382	23
74.416	24
74.447	23
74.48	23
74.513	23
74.547	24
74.58	24
74.615	24
74.647	24
74.68	25
74.713	25
74.747	25
74.779	25
74.813	25
74.845	25
74.878	25
74.911	25
74.944	25
74.976	25
75.008	25
75.049	32
75.08	32
75.114	32
75.146	33
75.178	32
75.211	32
75.242	32
75.274	33
75.306	32
75.337	32
75.37	32
75.4	32
75.433	32
75.463	32
75.496	33
75.527	32
75.553	28
75.586	28
75.617	28
75.647	28
75.678	28
75.709	27
75.77	28
75.802	28
75.832	27
75.862	27
75.893	27
75.924	27
75.956	28
75.987	28
76.018	28
76.061	38
76.092	38
76.125	38
76.156	38
76.187	38
76.22	38
76.251	38
76.283	38
76.316	38
76.347	38
76.379	38
76.412	38
76.444	38
76.476	38
76.509	38
76.565	29
76.596	29
76.629	29
76.66	28
76.694	29
76.725	28
76.759	29
76.791	29
76.824	28
76.857	29
76.889	29
76.922	29
76.955	29
76.989	28
77.022	28
77.073	45
77.101	43
77.135	45
77.167	44
77.198	43
77.232	44
77.263	44
77.296	44
77.327	44
77.36	44
77.391	44
77.425	44
77.456	44
77.489	44
77.52	44
77.546	36
77.577	36
77.611	37
77.642	36
77.674	36
77.704	37
77.735	36
77.773	36
77.811	36
77.849	36
77.888	37
77.927	37
77.964	36
78.002	36
78.031	27
78.07	27
78.109	28
78.147	28
78.186	27
78.225	27
78.265	28
78.305	28
78.343	27
78.382	27
78.421	27
78.461	28
78.501	28
78.545	34
78.585	34
78.623	33
78.67	33
78.715	34
78.759	34
78.804	33
78.854	34
78.905	33
78.955	33
79.005	34
79.053	30
79.104	31
79.154	30
79.205	31
79.26	31
79.313	31
79.357	29
79.403	29
79.46	29
79.517	29
79.57	26
79.627	27
79.684	27
79.742	27
79.799	27
79.857	26
79.917	27
79.977	27
80.05	32
80.117	32
80.184	32
80.251	32
80.32	31
80.386	31
80.457	32
80.525	31
80.59	27
80.678	26
80.767	26
80.857	26
80.947	27
81.129	30
81.208	30
81.286	29
81.364	29
81.442	29
81.524	29
81.602	25
81.674	24
81.747	24
81.82	24
81.893	24
81.966	24
82.04	26
82.112	25
82.185	25
82.258	26
82.33	25
82.403	25
82.476	26
82.549	28
82.622	28
82.693	29
82.763	28
82.833	28
82.904	29
82.958	27
83.013	26
83.068	26
83.123	25
83.179	25
83.235	25
83.29	25
83.346	25
83.402	25
83.457	25
83.516	25
83.572	25
83.625	25
83.678	25
83.731	24
83.784	24
83.838	25
83.891	25
83.986	24
84.032	22
84.08	23
84.127	22
84.175	22
84.223	23
84.274	23
84.321	22
84.369	23
84.417	23
84.464	22
84.511	23
84.557	23
84.603	22
84.649	22
84.696	23
84.742	22
84.778	22
84.814	22
84.85	21
84.887	22
84.926	21
84.963	22
84.999	22
85.035	22
85.071	22
85.107	22
85.143	22
85.179	22
85.215	22
85.251	22
85.287	22
85.323	22
85.359	22
85.455	24
85.488	21
85.524	24
85.561	24
85.594	23
85.628	23
85.662	24
85.695	23
85.729	23
85.763	24
85.796	23
85.828	23
85.86	23
85.892	23
85.924	23
85.956	23
85.988	23
86.02	23
86.053	21
86.085	21
86.117	21
86.149	21
86.181	21
86.213	21
86.245	21
86.277	21
86.309	21
86.341	21
86.373	21
86.405	21
86.437	21
86.469	21
86.504	21
86.543	22
86.577	22
86.612	22
86.647	22
86.681	22
86.716	22
86.751	23
86.785	22
86.82	22
86.855	23
86.889	22
86.924	22
86.958	22
86.993	22
87.027	21
87.065	22
87.1	22
87.135	22
87.169	22
87.204	22
87.238	21
87.273	22
87.308	22
87.342	21
87.377	22
87.412	22
87.446	22
87.481	22
87.516	22
87.55	22
87.587	21
87.622	21
87.657	21
87.691	21
87.726	21
87.761	22
87.795	21
87.83	21
87.864	21
87.899	21
87.934	21
87.968	21
88.003	21
88.039	22
88.073	22
88.108	22
88.146	22
88.18	22
88.215	22
88.25	22
88.284	22
88.319	22
88.354	22
88.441	25
88.487	23
88.571	23
88.605	21
88.64	21
88.675	21
88.713	21
88.742	21
88.776	21
88.809	21
88.842	21
88.876	21
88.909	21
88.942	21
88.976	22
89.009	21
89.042	21
89.076	22
89.109	21
89.142	21
89.175	21
89.212	21
89.245	21
89.279	22
89.312	22
89.345	21
89.378	21
89.412	22
89.445	21
89.478	22
89.511	22
89.555	31
89.589	30
89.624	31
89.659	31
89.693	30
89.731	31
89.766	31
89.8	30
89.835	31
89.87	31
89.904	30
89.939	31
89.974	31
90.008	30
90.035	23
90.07	23
90.104	22
90.139	23
90.174	23
90.208	23
90.246	23
90.281	23
90.315	22
90.35	23
90.385	23
90.419	23
90.454	23
90.489	23
90.523	23
90.558	23
90.593	23
90.627	23
90.662	23
90.697	23
90.731	23
90.769	23
90.804	23
90.838	23
90.873	23
90.908	23
90.942	23
90.977	23
91.012	23
91.045	22
91.08	22
91.114	22
91.149	22
91.184	22
91.218	22
91.253	22
91.291	22
91.325	21
91.36	22
91.395	22
91.429	22
91.464	22
91.499	22
91.533	22
91.568	22
91.603	22
91.637	22
91.672	22
91.706	21
91.741	22
91.776	22
91.814	22
91.848	22
91.883	22
91.918	22
91.952	22
91.987	22
92.022	22
92.056	22
92.091	22
92.126	23
92.16	22
92.195	22
92.229	22
92.264	22
92.299	22
92.337	23
92.371	22
92.406	22
92.441	23
92.475	22
92.51	22
92.546	24
92.58	23
92.615	23
92.649	23
92.684	23
92.719	23
92.753	23
92.788	23
92.823	24
92.861	24
92.895	23
92.93	23
92.964	23
92.999	23
93.033	23
93.068	23
93.102	22
93.137	23
93.172	23
93.206	22
93.241	23
93.276	23
93.31	22
93.345	23
93.383	23
93.417	22
93.452	23
93.487	23
93.521	22
93.556	23
93.591	23
93.626	23
93.66	23
93.695	23
93.73	24
93.764	23
93.799	23
93.834	24
93.868	23
93.906	23
93.941	23
93.975	23
94.01	23
94.043	22
94.078	22
94.112	21
94.147	22
94.182	22
94.216	21
94.251	22
94.286	22
94.32	21
94.355	22
94.39	22
94.427	21
94.462	22
94.497	22
94.532	22
94.567	23
94.602	23
94.636	22
94.671	23
94.706	23
94.74	23
94.775	23
94.809	22
94.844	23
94.879	23
94.913	22
94.951	23
94.986	23
95.021	23
95.058	26
95.093	26
95.128	26
95.162	26
95.197	26
95.232	26
95.301	26
95.336	26
95.37	26
95.405	26
95.439	26
95.477	26
95.512	26
95.544	23
95.579	24
95.614	24
95.648	24
95.683	24
95.717	23
95.752	24
95.787	24
95.821	23
95.856	24
95.891	24
95.925	23
95.96	24
95.998	24
96.031	22
96.065	22
96.1	22
96.134	21
96.169	22
96.204	22
96.238	21
96.273	22
96.308	22
96.342	22
96.377	22
96.412	22
96.446	22
96.481	22
96.519	22
96.556	24
96.59	24
96.625	24
96.659	24
96.694	24
96.729	24
96.763	24
96.798	24
96.833	24
96.867	24
96.902	24
96.937	24
96.971	24
97.006	24
97.051	31
97.086	32
97.121	32
97.155	31
97.19	32
97.224	31
97.259	31
97.294	32
97.328	31
97.363	32
97.398	32
97.432	31
97.467	32
97.502	32
97.528	20
97.564	22
97.599	22
97.633	21
97.668	22
97.703	22
97.737	21
97.772	22
97.806	21
97.841	21
97.876	22
97.91	21
97.945	21
97.98	22
98.014	21
98.049	22
98.087	22
98.122	22
98.157	22
98.191	22
98.226	22
98.26	22
98.295	22
98.33	22
98.364	22
98.399	22
98.434	22
98.468	22
98.503	22
98.538	22
98.572	22
98.61	22
98.645	22
98.679	22
98.714	22
98.749	22
98.783	22
98.818	22
98.853	22
98.887	22
98.922	22
98.956	22
98.991	22
99.026	22
99.06	22
99.095	22
99.133	22
99.167	21
99.202	22
99.237	22
99.271	22
99.306	22
99.341	22
99.375	22
99.41	22
99.445	22
99.479	22
99.514	22
99.55	23
99.585	24
99.619	23
99.657	23
99.692	24
99.726	23
99.761	23
99.796	24
99.83	23
99.865	23
99.9	24
99.969	24
100.004	24
100.038	23
100.072	23
100.107	23
100.142	23
100.179	23
100.214	23
100.249	23
100.284	23
100.318	23
100.353	23
100.386	22
100.42	23
100.454	23
100.487	22
100.521	23
100.554	22
100.588	22
100.621	22
100.655	22
100.689	22
100.725	21
100.759	22
100.793	22
100.826	21
100.86	22
100.894	22
100.928	22
100.961	22
100.995	22
101.028	21
101.062	22
101.096	22
101.129	21
101.163	22
101.197	22
101.234	22
101.267	21
101.301	22
101.335	22
101.369	21
101.404	22
101.439	22
101.473	21
101.508	22
101.544	23
101.578	23
101.613	23
101.648	23
101.682	23
101.717	23
101.755	23
101.789	23
101.824	23
101.859	23
101.893	23
101.928	23
101.963	23
101.997	23
102.031	22
102.065	21
102.1	22
102.135	22
102.169	21
102.204	22
102.239	22
102.277	22
102.311	22
102.346	22
102.38	21
102.415	22
102.45	22
102.484	22
102.519	22
102.554	22
102.588	22
102.623	22
102.658	22
102.692	22
102.727	22
102.762	22
102.8	23
102.834	22
102.869	22
102.903	22
102.938	22
102.973	22
103.007	22
103.042	22
103.077	22
103.112	23
103.146	22
103.181	23
103.216	23
103.25	22
103.285	23
103.323	23
103.41	26
103.495	26
103.527	22
103.563	22
103.599	21
103.636	22
103.671	22
103.706	23
103.741	23
103.775	22
103.81	23
103.848	23
103.882	22
103.917	23
103.952	23
103.986	22
104.021	23
104.055	22
104.09	22
104.125	23
104.159	22
104.194	23
104.228	22
104.263	22
104.298	23
104.332	22
104.37	22
104.405	23
104.439	22
104.474	22
104.509	23
104.542	21
104.577	21
104.612	22
104.646	21
104.681	21
104.716	22
104.75	21
104.785	21
104.82	22
104.854	21
104.892	21
104.927	22
104.961	21
104.996	21
105.031	22
105.066	22
105.101	23
105.135	22
105.17	22
105.204	22
105.237	22
105.271	22
105.305	22
105.338	22
105.372	22
105.406	22
105.443	22
105.476	22
105.51	22
105.544	22
105.578	23
105.612	23
105.645	22
105.679	23
105.713	23
105.746	22
105.78	23
105.814	23
105.847	22
105.881	23
105.915	23
105.952	23
105.985	22
106.019	23
106.054	24
106.087	23
106.121	24
106.155	24
106.188	23
106.223	24
106.258	24
106.292	23
106.327	24
106.362	24
106.396	23
106.431	24
106.469	24
106.503	23
106.536	22
106.571	22
106.605	21
106.64	22
106.674	21
106.709	21
106.744	22
106.778	21
106.813	22
106.848	22
106.882	21
106.917	22
106.952	22
106.989	21
107.026	24
107.06	23
107.095	23
107.13	24
107.164	23
107.199	23
107.234	24
107.268	23
107.303	23
107.338	24
107.372	23
107.407	23
107.441	23
107.476	23
107.514	23
107.547	22
107.581	21
107.616	21
107.651	22
107.685	21
107.72	22
107.755	22
107.789	21
107.824	22
107.859	22
107.893	21
107.928	22
107.963	22
107.997	21
108.036	23
108.07	22
108.105	22
108.14	23
108.174	22
108.209	22
108.244	23
108.278	22
108.313	22
108.347	22
108.382	22
108.417	23
108.451	22
108.486	22
108.521	23
108.558	22
108.645	25
108.729	24
108.762	21
108.798	21
108.835	21
108.871	21
108.907	22
108.941	22
108.976	22
109.011	22
109.045	22
109.083	22
109.117	21
109.152	22
109.221	21
109.256	22
109.291	22
109.325	21
109.36	22
109.394	21
109.429	22
109.464	22
109.498	21
109.533	22
109.568	22
109.605	21
109.64	22
109.675	22
109.709	21
109.744	22
109.779	22
109.813	21
109.848	22
109.883	22
109.917	21
109.952	22
109.986	21
110.022	22
110.056	22
110.091	22
110.129	22
110.163	22
110.198	22
110.233	22
110.267	22
110.302	22
110.337	23
110.371	22
110.406	22
110.441	23
110.475	22
110.51	22
110.544	22
110.579	22
110.614	22
110.651	22
110.686	22
110.721	22
110.755	22
110.79	22
110.825	22
110.859	22
110.894	22
110.928	21
110.963	22
110.998	22
111.041	31
111.075	30
111.11	30
111.145	31
111.182	30
111.217	30
111.252	30
111.286	30
111.321	30
111.356	31
111.39	30
111.425	30
111.46	31
111.494	30
111.529	30
111.555	22
111.589	21
111.624	21
111.659	22
111.697	22
111.731	21
111.766	22
111.801	22
111.835	21
111.87	22
111.904	21
111.939	21
111.974	22
112.008	21
112.044	23
112.079	23
112.113	22
112.148	23
112.183	23
112.221	23
112.255	23
112.29	23
112.325	23
112.359	23
112.394	23
112.428	22
112.463	23
112.498	23
112.532	22
112.566	22
112.601	22
112.635	21
112.67	22
112.705	22
112.743	22
112.777	22
112.812	22
112.846	21
112.881	22
112.916	22
112.95	22
112.985	22
113.02	22
113.054	22
113.088	21
113.123	21
113.158	22
113.192	21
113.227	21
113.265	22
113.299	21
113.334	21
113.369	22
113.403	21
113.438	21
113.473	22
113.507	21
113.543	22
113.577	22
113.612	22
113.646	22
113.681	22
113.716	22
113.75	22
113.788	22
113.823	22
113.858	22
113.892	22
113.927	22
113.961	22
113.996	22
114.03	21
114.065	22
114.1	22
114.134	21
114.169	22
114.203	21
114.238	21
114.273	22
114.311	22
114.345	21
114.38	22
114.415	22
114.449	21
114.484	22
114.518	21
114.554	22
114.588	22
114.623	22
114.658	23
114.692	22
114.727	22
114.762	23
114.796	22
114.834	22
114.869	22
114.902	22
114.936	22
114.97	22
115.003	22
115.037	22
115.071	22
115.104	22
115.138	22
115.172	22
115.205	22
115.239	22
115.273	22
115.306	22
115.34	22
115.377	22
115.411	22
115.444	22
115.478	22
115.512	22
115.545	22
115.579	22
115.612	21
115.646	22
115.68	22
115.714	22
115.747	21
115.781	22
115.815	22
115.848	21
115.885	22
115.92	22
115.954	21
115.989	22
116.024	22
116.058	21
116.093	22
116.128	22
116.162	21
116.197	22
116.232	22
116.266	22
116.301	22
116.336	22
116.37	22
116.408	22
116.443	22
116.477	21
116.512	22
116.547	22
116.581	22
116.616	22
116.651	22
116.685	22
116.72	22
116.754	21
116.789	22
116.824	22
116.858	21
116.893	22
116.931	22
116.965	21
117	22
117.034	21
117.069	21
117.104	22
117.138	21
117.173	21
117.208	22
117.242	21
117.277	22
117.311	21
117.346	21
117.381	22
117.415	21
117.453	21
117.488	22
117.523	22
117.557	21
117.592	22
117.627	22
117.661	21
117.696	22
117.731	22
117.765	21
117.8	22
117.834	21
117.869	21
117.904	22
117.938	21
117.976	21
118.066	27
118.15	27
118.181	22
118.236	22
118.272	22
118.326	23
118.361	23
118.395	23
118.43	23
118.465	23
118.502	23
118.536	22
118.571	22
118.606	23
118.64	22
118.675	22
118.71	23
118.744	22
118.779	22
118.813	22
118.848	22
118.883	23
118.917	22
118.952	22
118.987	23
119.024	22
119.058	21
119.093	21
119.128	22
119.162	21
119.197	22
119.232	22
119.266	21
119.301	22
119.336	22
119.37	21
119.405	22
119.44	22
119.474	21
119.511	21
119.546	21
119.581	21
119.615	21
119.65	21
119.685	21
119.719	21
119.754	21
119.789	21
119.823	21
119.858	21
119.893	22
119.927	21
119.962	21
119.996	21
120.032	22
120.069	21
120.104	22
120.139	22
120.173	21
120.208	22
120.243	22
120.277	21
120.312	22
120.347	22
120.381	21
120.416	22
120.45	21
120.485	21
120.52	22
120.554	21
120.592	21
120.626	21
120.661	21
120.696	21
120.73	21
120.765	21
120.8	22
120.834	21
120.869	21
120.904	22
120.938	21
120.973	21
121.007	21
121.043	22
121.078	22
121.115	22
121.15	22
121.185	22
121.219	22
121.254	22
121.289	22
121.323	22
121.358	22
121.392	21
121.427	22
121.462	22
121.496	22
121.531	22
121.565	21
121.6	22
121.638	22
121.672	21
121.707	21
121.742	22
121.776	21
121.811	22
121.846	22
121.88	21
121.915	22
121.95	22
121.984	21
122.019	22
122.053	21
122.088	21
122.122	21
122.16	21
122.195	21
122.229	21
122.264	21
122.299	21
122.333	21
122.368	21
122.437	21
122.472	21
122.506	21
122.543	23
122.577	22
122.612	23
122.647	23
122.685	23
122.719	23
122.754	23
122.788	22
122.823	23
122.858	23
122.892	22
122.927	23
122.962	23
122.996	22
123.031	23
123.065	22
123.1	22
123.135	23
123.169	22
123.207	22
123.242	23
123.276	22
123.311	22
123.346	23
123.38	22
123.415	23
123.45	23
123.484	22
123.519	23
123.552	21
123.587	21
123.621	21
123.656	21
123.691	21
123.729	22
123.763	21
123.798	21
123.884	23
123.968	23
124.002	20
124.039	21
124.076	22
124.112	22
124.148	23
124.182	22
124.217	23
124.273	22
124.307	22
124.342	23
124.376	22
124.41	22
124.445	23
124.479	23
124.513	22
124.547	22
124.581	22
124.615	21
124.65	22
124.684	22
124.718	21
124.753	22
124.79	21
124.824	21
124.859	22
124.893	21
124.927	21
124.961	21
124.995	21
125.029	21
125.063	21
125.097	21
125.131	21
125.165	21
125.199	21
125.233	21
125.267	21
125.305	21
125.34	22
125.374	21
125.409	21
125.443	21
125.478	21
125.513	21
125.551	25
125.586	25
125.62	25
125.655	25
125.69	25
125.723	24
125.757	25
125.791	25
125.824	24
125.861	25
125.895	25
125.929	25
125.962	24
125.996	25
126.026	21
126.06	21
126.094	22
126.127	21
126.161	21
126.195	22
126.229	22
126.262	21
126.296	22
126.33	22
126.366	21
126.4	21
126.434	22
126.467	21
126.501	21
126.548	35
126.582	35
126.616	35
126.649	35
126.683	35
126.717	35
126.752	36
126.787	36
126.821	35
126.856	36
126.894	36
126.928	35
126.963	36
126.998	36
127.032	35
127.088	22
127.123	22
127.157	22
127.192	22
127.226	22
127.261	22
127.296	22
127.33	22
127.365	22
127.403	22
127.49	25
127.575	26
127.607	21
127.643	21
127.68	22
127.716	21
127.752	23
127.786	22
127.821	22
127.856	23
127.89	22
127.928	22
127.963	23
127.997	22
128.032	22
128.067	23
128.101	22
128.136	22
128.171	23
128.205	22
128.24	23
128.275	23
128.309	22
128.344	23
128.379	23
128.413	22
128.451	23
128.486	23
128.52	22
128.556	24
128.59	23
128.625	23
128.66	24
128.694	23
128.728	23
128.762	24
128.795	23
128.829	23
128.863	23
128.896	23
128.93	23
128.964	23
129.001	24
129.033	22
129.066	21
129.1	22
129.134	22
129.167	21
129.201	21
129.235	22
129.268	21
129.302	21
129.336	22
129.369	21
129.403	21
129.437	22
129.47	21
129.507	21
129.542	22
129.575	22
129.609	22
129.643	22
129.676	22
129.71	22
129.745	22
129.779	22
129.814	22
129.849	23
129.883	22
129.918	22
129.953	23
129.987	22
130.025	22
130.059	21
130.094	22
130.129	22
130.163	22
130.198	22
130.232	21
130.267	22
130.302	22
130.336	21
130.371	22
130.406	22
130.44	21
130.475	22
130.51	22
130.548	22
130.583	23
130.617	22
130.652	22
130.687	23
130.721	22
130.756	22
130.79	22
130.825	22
130.86	23
130.894	22
130.929	22
130.964	23
130.998	22
131.034	23
131.071	23
131.106	23
131.141	23
131.175	23
131.21	23
131.245	23
131.279	23
131.314	23
131.349	23
131.383	23
131.418	23
131.452	22
131.487	23
131.522	23
131.555	22
131.593	22
131.628	22
131.662	21
131.697	22
131.732	22
131.766	22
131.801	22
131.836	22
131.87	22
131.905	22
131.94	22
131.974	22
132.009	22
132.043	21
132.078	22
132.115	21
132.15	21
132.185	22
132.219	21
132.254	21
132.289	22
132.323	21
132.358	21
132.393	22
132.427	21
132.462	22
132.496	21
132.531	21
132.566	22
132.601	22
132.639	22
132.673	21
132.708	22
132.743	22
132.777	22
132.812	22
132.846	21
132.881	22
132.916	22
132.95	21
132.985	22
133.02	22
133.054	21
133.089	22
133.123	21
133.161	21
133.196	22
133.231	22
133.265	21
133.3	22
133.335	22
133.369	21
133.404	22
133.438	21
133.473	22
133.508	22
133.542	21
133.577	22
133.612	22
133.646	21
133.684	22
133.719	22
133.753	21
133.788	22
133.823	22
133.857	21
133.892	22
133.927	22
133.961	21
133.996	22
134.033	24
134.067	23
134.102	24
134.137	24
134.171	24
134.209	24
134.244	24
134.278	23
134.313	24
134.348	24
134.382	24
134.417	24
134.452	24
134.486	24
134.521	24
134.553	21
134.588	22
134.623	22
134.657	21
134.692	22
134.73	22
134.764	21
134.799	22
134.834	22
134.868	21
134.903	22
134.938	22
134.972	21
135.007	22
135.043	23
135.078	24
135.112	23
135.147	23
135.182	24
135.216	23
135.254	23
135.289	23
135.323	23
135.358	23
135.393	24
135.427	23
135.462	23
135.497	24
135.53	22
135.565	22
135.599	22
135.634	22
135.669	22
135.703	22
135.738	22
135.776	22
135.81	22
135.845	22
135.88	22
135.914	22
135.949	22
135.983	21
136.018	22
136.054	23
136.088	23
136.123	23
136.158	23
136.192	23
136.227	23
136.261	22
136.299	23
136.334	23
136.369	23
136.403	23
136.438	23
136.472	22
136.507	23
136.541	22
136.576	22
136.611	23
136.645	22
136.68	22
136.714	22
136.749	22
136.784	23
136.822	23
136.856	22
136.891	22
136.926	23
136.96	22
136.995	23
137.029	22
137.064	22
137.099	23
137.133	22
137.168	22
137.202	22
137.237	22
137.272	22
137.306	22
137.379	22
137.413	22
137.448	22
137.483	22
137.517	22
137.551	21
137.586	21
137.621	22
137.655	21
137.69	22
137.725	22
137.759	21
137.794	22
137.829	22
137.866	21
137.901	21
137.936	22
137.97	21
138.005	22
138.04	22
138.075	22
138.11	23
138.144	22
138.179	22
138.213	22
138.248	22
138.283	22
138.317	22
138.352	22
138.39	22
138.425	23
138.459	22
138.494	22
138.529	23
138.563	22
138.598	22
138.633	23
138.667	22
138.702	23
138.737	23
138.771	22
138.806	23
138.84	22
138.875	22
138.913	23
138.948	23
138.982	22
139.017	23
139.051	22
139.085	21
139.12	22
139.155	22
139.189	21
139.224	22
139.258	21
139.293	21
139.328	22
139.362	21
139.397	22
139.435	22
139.47	22
139.504	21
139.541	24
139.61	24
139.644	23
139.679	23
139.714	24
139.748	23
139.783	23
139.818	24
139.852	23
139.887	23
139.922	24
139.959	23
139.994	23
140.03	25
140.065	25
140.099	24
140.134	25
140.169	25
140.203	24
140.238	25
140.272	24
140.307	25
140.342	25
140.376	24
140.411	25
140.446	25
140.483	24
140.518	24
140.552	24
140.586	23
140.621	24
140.656	24
140.69	23
140.725	24
140.759	23
140.794	23
140.829	24
140.863	23
140.898	23
140.933	24
140.967	23
141.005	23
141.075	24
141.109	23
141.144	24
141.179	24
141.213	23
141.248	24
141.282	23
141.317	24
141.352	24
141.386	23
141.421	24
141.456	24
141.49	23
141.529	25
141.563	24
141.598	24
141.633	25
141.667	24
141.702	24
141.736	24
141.771	24
141.806	24
141.84	24
141.875	24
141.91	24
141.944	24
141.979	24
142.014	25
142.052	25
142.087	25
142.122	25
142.156	25
142.191	25
142.226	26
142.26	25
142.295	25
142.329	25
142.364	25
142.399	25
142.433	25
142.468	25
142.503	25
142.535	23
142.573	23
142.608	23
142.643	24
142.677	23
142.712	23
142.746	23
142.781	23
142.816	23
142.85	23
142.885	23
142.92	24
142.954	23
142.989	23
143.024	24
143.059	24
143.097	24
143.131	23
143.166	24
143.2	23
143.235	24
143.27	24
143.304	23
143.339	24
143.374	24
143.408	23
143.443	24
143.478	24
143.512	23
143.549	26
143.583	25
143.621	25
143.656	26
143.69	25
143.76	26
143.794	25
143.829	25
143.864	26
143.898	25
143.933	26
143.967	25
144.002	25
144.037	26
144.072	26
144.107	26
144.144	26
144.179	26
144.214	26
144.248	26
144.283	26
144.318	26
144.351	25
144.385	26
144.419	26
144.452	25
144.486	26
144.52	26
144.553	25
144.586	25
144.62	25
144.654	25
144.691	25
144.724	25
144.758	25
144.792	25
144.825	25
144.859	25
144.893	25
144.926	25
144.96	25
144.994	25
145.027	25
145.061	25
145.094	24
145.128	25
145.162	25
145.199	25
145.232	24
145.266	25
145.3	25
145.333	24
145.368	25
145.403	25
145.437	24
145.472	25
145.507	25
145.542	26
145.577	26
145.612	26
145.646	26
145.681	26
145.719	26
145.753	25
145.788	26
145.823	26
145.857	26
145.892	26
145.927	26
145.961	26
145.996	26
146.028	23
146.063	24
146.098	24
146.132	23
146.167	24
146.201	23
146.239	23
146.274	24
146.309	24
146.343	23
146.378	24
146.413	24
146.447	23
146.516	23
146.557	30
146.591	29
146.626	29
146.661	29
146.696	30
146.729	29
146.763	29
146.8	30
146.833	29
146.867	29
146.901	30
146.934	29
146.968	29
147.002	30
147.03	24
147.064	24
147.097	23
147.131	24
147.165	24
147.198	23
147.232	24
147.266	24
147.302	23
147.336	24
147.37	24
147.404	24
147.49	28
147.57	26
147.6	21
147.636	22
147.671	21
147.706	21
147.742	22
147.777	23
147.815	23
147.849	22
147.884	23
147.919	23
147.953	22
147.988	23
148.021	21
148.056	21
148.091	22
148.125	21
148.16	21
148.195	22
148.228	21
148.262	21
148.296	22
148.329	21
148.366	21
148.434	22
148.467	21
148.501	21
148.535	22
148.568	21
148.602	21
148.636	22
148.669	21
148.703	21
148.737	22
148.77	21
148.804	21
148.838	22
148.875	22
148.908	21
148.942	21
148.976	22
149.009	21
149.046	24
149.079	24
149.113	24
149.147	24
149.18	24
149.214	24
149.249	24
149.283	24
149.318	24
149.353	24
149.39	24
149.425	24
149.46	24
149.494	24
149.527	22
149.562	22
149.596	22
149.631	22
149.666	22
149.7	22
149.735	22
149.769	21
149.804	22
149.839	22
149.873	22
149.911	22
149.946	22
149.98	21
150.015	22
150.049	21
150.084	22
150.118	21
150.153	21
150.188	22
150.222	21
150.257	21
150.292	22
150.326	21
150.361	21
150.396	22
150.433	21
150.468	21
150.503	22
150.54	24
150.628	28
150.713	29
150.743	22
150.779	22
150.815	22
150.852	22
150.888	24
150.923	24
150.96	23
150.995	23
151.029	23
151.064	23
151.098	22
151.166	23
151.199	22
151.233	23
151.267	23
151.3	22
151.334	23
151.368	23
151.402	23
151.435	23
151.469	23
151.506	23
151.538	21
151.572	22
151.606	22
151.639	21
151.673	22
151.707	22
151.74	21
151.774	22
151.808	22
151.841	21
151.875	22
151.909	22
151.976	22
152.046	21
152.081	21
152.116	22
152.15	21
152.185	21
152.22	22
152.254	21
152.289	21
152.324	22
152.358	21
152.393	22
152.427	21
152.462	21
152.497	22
152.535	22
152.57	22
152.604	22
152.639	22
152.674	22
152.708	22
152.743	22
152.777	21
152.812	22
152.847	22
152.881	21
152.916	22
152.951	22
152.985	21
153.02	22
153.058	22
153.093	22
153.128	23
153.162	22
153.197	22
153.232	23
153.266	22
153.301	23
153.336	23
153.37	22
153.405	23
153.439	22
153.474	22
153.509	23
153.543	22
153.581	22
153.616	23
153.65	22
153.685	22
153.72	23
153.754	22
153.789	22
153.823	22
153.858	22
153.893	22
153.928	23
153.961	22
153.995	22
154.029	23
154.063	23
154.097	23
154.134	23
154.167	23
154.201	23
154.235	23
154.268	23
154.302	23
154.336	23
154.369	23
154.403	23
154.437	23
154.47	23
154.504	23
154.536	21
154.57	22
154.604	22
154.64	21
154.674	21
154.758	23
154.84	24
154.873	21
154.908	21
154.943	21
154.979	21
155.014	22
155.051	24
155.085	23
155.141	24
155.176	24
155.21	24
155.244	23
155.279	24
155.313	24
155.347	23
155.382	24
155.416	24
155.45	23
155.485	24
155.519	24
155.552	22
155.586	22
155.62	22
155.655	22
155.692	22
155.726	22
155.761	22
155.795	22
155.829	22
155.863	22
155.897	22
155.931	22
155.964	22
155.997	22
156.029	21
156.062	21
156.095	21
156.128	21
156.161	21
156.194	21
156.23	21
156.264	22
156.298	22
156.331	21
156.365	22
156.399	22
156.432	21
156.466	22
156.5	22
156.534	22
156.567	21
156.601	22
156.635	22
156.668	21
156.702	22
156.739	22
156.772	21
156.806	22
156.84	22
156.874	22
156.941	22
156.976	22
157.01	22
157.045	22
157.08	22
157.114	22
157.149	22
157.184	22
157.218	22
157.256	22
157.291	22
157.325	22
157.36	22
157.395	22
157.429	22
157.464	22
157.498	21
157.533	22
157.568	22
157.602	21
157.637	22
157.672	22
157.706	22
157.741	22
157.779	22
157.813	21
157.848	22
157.883	22
157.917	21
157.952	22
157.987	22
158.021	22
158.056	22
158.091	22
158.125	22
158.16	22
158.195	22
158.229	22
158.264	22
158.302	22
158.337	23
158.371	22
158.406	22
158.44	22
158.475	22
158.51	22
158.545	23
158.58	23
158.614	22
158.649	23
158.684	23
158.718	23
158.752	23
158.787	23
158.82	22
158.857	23
158.891	23
158.925	23
158.958	22
158.992	23
159.024	21
159.058	21
159.091	21
159.125	21
159.159	21
159.192	21
159.226	21
159.26	21
159.294	22
159.327	21
159.364	21
159.398	21
159.465	21
159.499	21
159.533	22
159.567	22
159.6	21
159.634	22
159.667	22
159.699	21
159.733	21
159.766	22
159.797	21
159.829	21
159.861	22
159.893	21
159.929	21
159.962	22
159.995	22
160.027	21
160.06	22
160.092	21
160.125	21
160.158	22
160.19	21
160.223	21
160.255	21
160.288	21
160.321	22
160.353	21
160.388	20
160.422	21
160.455	22
160.487	21
160.52	22
160.553	22
160.585	21
160.618	22
160.651	22
160.684	21
160.718	22
160.752	22
160.786	21
160.821	22
160.856	22
160.89	21
160.928	22
160.963	22
160.997	21
161.032	22
161.067	22
161.101	21
161.136	22
161.171	22
161.205	21
161.24	22
161.275	22
161.309	21
161.344	22
161.379	22
161.413	22
161.451	22
161.486	22
161.52	21
161.555	22
161.59	22
161.624	22
161.659	22
161.694	22
161.728	22
161.763	22
161.797	21
161.832	22
161.867	22
161.957	25
162.045	28
162.075	22
162.111	22
162.147	21
162.184	22
162.22	23
162.255	24
162.289	23
162.324	24
162.358	23
162.393	23
162.431	23
162.466	24
162.5	23
162.533	21
162.568	22
162.602	21
162.637	22
162.672	22
162.706	21
162.741	22
162.776	22
162.81	21
162.845	22
162.88	22
162.914	21
162.952	22
162.987	22
163.025	25
163.06	26
163.094	25
163.129	25
163.163	25
163.198	25
163.233	25
163.267	25
163.337	26
163.371	25
163.406	25
163.441	26
163.478	25
163.513	25
163.544	22
163.578	21
163.613	21
163.647	21
163.682	21
163.717	21
163.751	21
163.786	21
163.821	21
163.855	21
163.89	21
163.925	21
163.962	21
163.997	21
164.032	21
164.067	22
164.102	22
164.136	21
164.171	22
164.206	22
164.24	22
164.275	22
164.31	22
164.344	22
164.379	22
164.413	21
164.448	22
164.483	22
164.521	22
164.555	22
164.59	22
164.624	21
164.659	22
164.694	22
164.728	21
164.763	22
164.797	22
164.832	22
164.865	22
164.899	22
164.933	22
164.966	22
165	22
165.033	21
165.07	21
165.104	22
165.137	21
165.171	21
165.205	22
165.239	22
165.272	21
165.306	22
165.34	22
165.373	21
165.407	21
165.441	22
165.474	21
165.508	21
165.542	22
165.579	22
165.613	22
165.647	23
165.68	22
165.714	22
165.748	22
165.781	22
165.815	22
165.849	22
165.883	22
165.918	22
165.953	23
165.987	22
166.021	21
166.055	21
166.093	21
166.128	21
166.163	21
166.197	21
166.232	21
166.266	21
166.301	21
166.336	21
166.37	21
166.405	21
166.44	21
166.474	21
166.509	21
166.545	22
166.579	22
166.617	22
166.652	22
166.686	22
166.721	22
166.756	22
166.79	22
166.825	22
166.86	22
166.894	22
166.929	22
166.964	23
166.998	22
167.049	38
167.084	39
167.119	39
167.156	38
167.191	39
167.226	39
167.26	38
167.295	39
167.33	39
167.364	38
167.399	39
167.433	38
167.467	38
167.502	39
167.535	38
167.587	23
167.621	23
167.655	23
167.691	22
167.725	23
167.759	23
167.793	23
167.826	23
167.86	23
167.894	23
167.927	23
167.961	23
168.043	23
168.125	23
168.158	21
168.193	20
168.232	21
168.267	21
168.301	21
168.335	21
168.369	21
168.403	22
168.436	21
168.469	21
168.503	22
168.535	21
168.569	21
168.603	22
168.636	21
168.67	21
168.704	22
168.741	22
168.774	21
168.808	21
168.842	22
168.875	21
168.909	21
168.943	22
168.976	21
169.01	21
169.044	22
169.078	22
169.111	21
169.145	22
169.179	22
169.214	20
169.249	21
169.283	22
169.316	21
169.35	21
169.384	22
169.418	22
169.451	21
169.485	22
169.519	22
169.553	21
169.622	21
169.657	21
169.692	22
169.726	21
169.764	21
169.799	22
169.833	21
169.868	21
169.903	22
169.937	21
169.972	21
170.007	22
170.043	23
170.077	22
170.112	23
170.147	23
170.181	23
170.216	23
170.251	23
170.288	22
170.323	23
170.358	23
170.392	22
170.427	23
170.462	23
170.496	23
170.53	22
170.564	21
170.599	22
170.633	21
170.668	21
170.703	22
170.737	21
170.772	21
170.81	22
170.844	21
170.879	21
170.914	22
170.948	21
170.983	21
171.018	22
171.053	22
171.087	21
171.122	22
171.156	21
171.191	22
171.226	22
171.26	21
171.295	22
171.333	22
171.368	22
171.402	22
171.437	22
171.471	21
171.506	21
171.543	24
171.576	23
171.61	23
171.644	24
171.677	23
171.711	23
171.745	24
171.778	23
171.812	23
171.846	24
171.883	24
171.916	23
171.95	23
171.984	24
172.017	23
172.05	22
172.084	23
172.118	23
172.151	22
172.185	23
172.22	23
172.252	22
172.285	23
172.318	23
172.35	22
172.383	23
172.419	23
172.451	22
172.484	23
172.517	23
172.549	22
172.581	22
172.615	22
172.649	22
172.682	22
172.716	22
172.75	22
172.783	22
172.817	22
172.851	22
172.884	22
172.921	22
172.955	22
172.989	22
173.023	23
173.057	23
173.09	22
173.124	23
173.158	23
173.191	22
173.225	23
173.26	23
173.294	22
173.329	23
173.364	23
173.398	22
173.436	22
173.471	23
173.505	22
173.541	24
173.576	24
173.61	23
173.645	24
173.68	24
173.714	23
173.749	24
173.783	23
173.818	23
173.853	24
173.887	23
173.922	24
173.96	24
173.994	23
174.029	23
174.063	23
174.098	23
174.133	23
174.167	23
174.202	23
174.237	24
174.271	23
174.306	23
174.34	23
174.375	23
174.41	23
174.444	23
174.482	23
174.517	23
174.551	23
174.586	23
174.62	22
174.708	26
174.793	27
174.824	22
174.86	21
174.897	22
174.933	22
174.97	21
175.007	23
175.041	22
175.076	23
175.11	22
175.145	23
175.179	22
175.214	22
175.249	23
175.283	22
175.318	22
175.353	23
175.387	22
175.422	22
175.457	23
175.491	22
175.528	21
175.563	22
175.598	22
175.632	21
175.667	22
175.701	21
175.736	21
175.771	22
175.805	21
175.84	22
175.875	22
175.909	21
175.944	22
175.979	22
176.013	21
176.052	22
176.086	22
176.121	22
176.155	22
176.19	22
176.225	22
176.259	22
176.294	22
176.329	22
176.363	22
176.398	22
176.433	22
176.467	22
176.502	22
176.537	23
176.575	23
176.609	22
176.644	22
176.679	23
176.713	22
176.783	23
176.817	22
176.852	23
176.886	22
176.921	22
176.956	23
176.99	22
177.025	22
177.06	23
177.098	23
177.132	22
177.167	23
177.201	22
177.236	22
177.271	23
177.305	22
177.34	22
177.375	23
177.409	22
177.444	22
177.479	23
177.513	22
177.547	22
177.582	22
177.62	22
177.655	22
177.689	22
177.723	22
177.758	22
177.791	22
177.825	22
177.859	22
177.892	22
177.926	22
177.96	22
177.993	22
178.027	22
178.061	22
178.094	22
178.129	22
178.163	22
178.199	22
178.231	22
178.264	22
178.297	22
178.329	22
178.362	22
178.394	21
178.427	22
178.46	22
178.492	21
178.524	21
178.557	21
178.59	22
178.622	21
178.655	21
178.691	21
178.723	21
178.756	21
178.789	21
178.822	21
178.856	21
178.89	21
178.923	21
178.957	21
178.991	21
179.028	25
179.062	25
179.096	25
179.129	25
179.163	25
179.201	25
179.236	26
179.27	25
179.305	25
179.339	25
179.374	25
179.409	25
179.443	25
179.478	25
179.513	25
179.558	36
179.592	35
179.627	35
179.662	36
179.696	35
179.734	35
179.769	36
179.804	36
179.838	35
179.873	36
179.907	35
179.942	36
179.977	36
180.011	35
180.067	22
180.101	21
180.136	22
180.171	22
180.205	21
180.243	22
180.312	21
180.347	22
180.382	22
180.416	21
180.451	22
180.486	22
180.52	21
180.555	22
180.59	22
180.625	23
180.659	22
180.694	22
180.729	23
180.766	22
180.801	22
180.836	22
180.923	25
181.007	25
181.039	21
181.076	21
181.112	21
181.148	21
181.184	22
181.218	21
181.253	22
181.291	22
181.326	22
181.36	22
181.395	22
181.43	22
181.464	22
181.499	22
181.534	22
181.569	23
181.603	22
181.638	23
181.672	22
181.707	22
181.742	23
181.776	22
181.814	22
181.849	23
181.884	23
181.918	22
181.953	23
181.987	22
182.021	21
182.056	22
182.09	21
182.125	21
182.159	21
182.194	21
182.229	21
182.263	21
182.298	21
182.336	21
182.371	22
182.405	21
182.44	21
182.474	21
182.509	21
182.544	22
182.578	21
182.613	21
182.648	22
182.682	21
182.717	21
182.751	21
182.786	21
182.821	21
182.859	22
182.893	21
182.928	21
182.963	22
182.997	21
183.032	21
183.067	22
183.101	21
183.136	21
183.171	22
183.205	21
183.24	22
183.274	21
183.309	21
183.344	22
183.382	22
183.416	21
183.451	21
183.486	22
183.52	21
183.555	22
183.59	22
183.624	21
183.659	22
183.694	22
183.728	21
183.763	22
183.798	22
183.832	21
183.866	22
183.9	22
183.937	22
183.97	21
184.004	22
184.04	24
184.074	24
184.108	25
184.141	24
184.175	24
184.209	25
184.242	24
184.276	24
184.31	25
184.343	24
184.377	24
184.411	25
184.448	25
184.481	24
184.515	24
184.551	27
184.585	27
184.618	26
184.652	27
184.686	27
184.719	26
184.753	27
184.787	27
184.82	26
184.855	27
184.89	27
184.925	27
184.962	26
184.997	27
185.029	24
185.063	23
185.098	24
185.133	24
185.167	24
185.202	24
185.237	24
185.271	24
185.306	24
185.34	23
185.375	24
185.41	24
185.444	23
185.482	24
185.517	24
185.551	23
185.585	23
185.62	23
185.654	23
185.687	23
185.721	23
185.755	23
185.788	22
185.822	23
185.856	23
185.89	23
185.923	23
185.957	23
185.991	23
186.028	24
186.061	23
186.095	23
186.129	23
186.163	24
186.196	23
186.23	23
186.264	24
186.297	23
186.331	23
186.365	24
186.398	23
186.432	23
186.466	24
186.499	23
186.535	22
186.569	22
186.603	23
186.636	22
186.671	22
186.706	23
186.74	22
186.775	23
186.81	23
186.844	22
186.879	23
186.966	25
187.054	29
187.083	22
187.123	22
187.159	22
187.196	23
187.232	24
187.267	24
187.301	24
187.336	24
187.371	24
187.405	24
187.44	24
187.475	25
187.509	24
187.541	21
187.579	21
187.614	22
187.649	22
187.683	21
187.718	22
187.752	21
187.787	22
187.822	22
187.856	21
187.891	22
187.926	22
187.96	21
187.995	22
188.03	22
188.065	22
188.102	22
188.137	22
188.172	22
188.206	22
188.241	22
188.276	22
188.31	22
188.345	22
188.38	22
188.414	22
188.449	22
188.483	22
188.518	22
188.554	23
188.588	23
188.626	23
188.661	23
188.695	23
188.73	23
188.765	23
188.799	23
188.834	23
188.869	23
188.903	23
188.938	23
188.973	23
189.007	23
189.04	21
189.075	21
189.11	22
189.148	22
189.182	21
189.217	22
189.251	21
189.286	21
189.321	22
189.356	22
189.39	21
189.424	22
189.458	22
189.491	21
189.525	22
189.559	22
189.593	22
189.626	22
189.66	22
189.697	22
189.731	22
189.764	22
189.798	22
189.832	22
189.865	22
189.899	22
189.933	22
189.966	22
190	22
190.034	22
190.067	22
190.101	22
190.135	22
190.169	23
190.205	22
190.239	22
190.273	22
190.306	22
190.34	22
190.374	22
190.408	22
190.443	22
190.478	22
190.512	22
190.546	21
190.581	21
190.616	22
190.65	21
190.685	21
190.723	22
190.757	21
190.792	21
190.827	22
190.861	21
190.896	21
190.965	21
191	22
191.036	23
191.071	23
191.105	23
191.14	23
191.175	23
191.209	23
191.247	23
191.282	23
191.316	23
191.351	23
191.386	23
191.42	23
191.455	23
191.49	23
191.526	25
191.56	24
191.595	24
191.63	25
191.664	24
191.699	25
191.734	25
191.771	24
191.806	24
191.841	25
191.875	24
191.91	24
191.945	25
191.979	24
192.014	25
192.053	29
192.088	29
192.122	29
192.157	29
192.192	29
192.226	29
192.261	29
192.299	29
192.333	29
192.368	29
192.403	29
192.437	29
192.472	29
192.506	28
192.536	24
192.571	24
192.606	24
192.64	24
192.675	24
192.709	24
192.744	24
192.779	24
192.817	24
192.851	24
192.886	24
192.92	24
192.955	24
192.99	24
193.025	25
193.06	25
193.095	25
193.129	25
193.164	25
193.199	25
193.233	25
193.268	25
193.302	24
193.34	25
193.375	25
193.41	25
193.444	25
193.479	25
193.514	25
193.548	25
193.582	24
193.617	25
193.652	25
193.686	24
193.721	25
193.755	24
193.79	24
193.825	25
193.863	25
193.897	24
193.932	25
193.967	25
194.001	24
194.035	24
194.07	24
194.105	24
194.139	24
194.174	24
194.208	23
194.243	24
194.278	24
194.312	24
194.347	24
194.385	24
194.419	23
194.454	24
194.489	24
194.525	25
194.56	26
194.594	25
194.629	26
194.664	26
194.698	25
194.733	26
194.767	25
194.802	25
194.837	26
194.871	25
194.909	25
194.944	26
194.978	25
195.013	25
195.047	25
195.081	24
195.116	24
195.151	25
195.185	24
195.22	24
195.255	25
195.289	24
195.324	25
195.359	25
195.393	24
195.431	24
195.466	25
195.5	24
195.534	24
195.569	24
195.603	23
195.638	24
195.672	23
195.707	23
195.742	24
195.776	23
195.811	23
195.846	24
195.88	23
195.915	23
195.953	24
195.987	23
196.022	23
196.057	24
196.092	24
196.126	23
196.161	24
196.196	24
196.23	24
196.265	24
196.299	23
196.334	24
196.369	24
196.403	23
196.438	24
196.476	24
196.511	24
196.544	23
196.579	23
196.614	23
196.648	23
196.683	23
196.717	22
196.752	23
196.787	23
196.821	22
196.856	23
196.891	23
196.925	23
196.96	23
196.998	23
197.034	24
197.069	25
197.104	25
197.138	24
197.173	25
197.208	25
197.242	25
197.277	25
197.311	24
197.346	25
197.381	25
197.415	24
197.45	25
197.485	25
197.522	24
197.558	26
197.593	26
197.627	25
197.662	26
197.696	25
197.731	25
197.766	26
197.8	25
197.835	25
197.87	26
197.904	25
197.939	26
197.974	26
198.008	25
198.048	27
198.082	27
198.117	27
198.152	28
198.186	27
198.221	27
198.256	28
198.29	27
198.325	27
198.36	28
198.394	27
198.429	27
198.463	27
198.498	27
198.529	23
198.567	24
198.602	24
198.637	24
198.671	24
198.706	24
198.775	24
198.81	24
198.844	24
198.879	24
198.914	24
198.948	24
198.983	24
199.018	24
199.055	27
199.093	27
199.128	27
199.162	27
199.197	27
199.232	27
199.266	27
199.301	27
199.336	27
199.37	27
199.405	27
199.44	27
199.474	27
199.509	27
199.541	25
199.576	25
199.613	24
199.648	24
199.683	25
199.717	24
199.752	24
199.787	25
199.821	24
199.856	25
199.891	25
199.925	24
199.96	25
199.995	25
200.03	25
200.065	26
200.099	25
200.137	25
200.172	26
200.206	25
200.241	25
200.276	26
200.31	25
200.345	25
200.38	26
200.414	25
200.449	25
200.484	26
200.517	25
200.549	23
200.582	23
200.616	23
200.65	23
200.687	23
200.72	23
200.754	23
200.788	23
200.821	23
200.855	23
200.889	23
200.922	23
200.956	23
200.99	23
201.024	24
201.058	24
201.092	24
201.125	24
201.159	24
201.196	24
201.23	24
201.263	24
201.297	24
201.331	24
201.364	24
201.398	24
201.432	24
201.465	24
201.499	24
201.533	23
201.567	23
201.602	23
201.637	23
201.671	23
201.709	23
201.744	23
201.778	23
201.813	23
201.848	23
201.882	23
201.917	23
201.952	23
201.986	23
202.021	23
202.058	25
202.092	25
202.127	25
202.162	26
202.196	25
202.234	25
202.269	25
202.303	25
202.338	25
202.373	25
202.407	25
202.442	25
202.477	26
202.511	25
202.546	25
202.58	25
202.615	25
202.65	25
202.684	25
202.719	25
202.757	25
202.791	25
202.826	25
202.861	25
202.895	25
202.93	25
202.965	25
202.999	25
203.033	24
203.068	24
203.102	24
203.137	24
203.172	25
203.206	24
203.241	24
203.279	24
203.313	24
203.348	24
203.383	25
203.417	24
203.452	24
203.487	25
203.521	24
203.557	25
203.592	26
203.626	25
203.718	33
203.802	33
203.829	23
203.868	23
203.905	23
203.941	23
203.978	25
204.013	26
204.047	25
204.082	26
204.116	25
204.151	25
204.186	26
204.22	25
204.255	25
204.29	26
204.327	25
204.362	25
204.397	26
204.431	25
204.466	25
204.501	26
204.533	23
204.567	22
204.602	23
204.637	23
204.671	22
204.706	23
204.741	23
204.775	23
204.81	23
204.848	23
204.882	22
204.917	23
204.952	23
204.986	22
205.021	23
205.057	24
205.091	24
205.126	24
205.195	24
205.23	24
205.265	24
205.299	24
205.334	24
205.372	24
205.406	24
205.441	24
205.476	24
205.51	24
205.544	23
205.579	23
205.614	24
205.648	23
205.683	23
205.718	24
205.752	23
205.787	24
205.821	23
205.856	23
205.894	23
205.929	24
205.963	23
205.998	24
206.037	28
206.072	28
206.106	28
206.141	28
206.175	27
206.21	28
206.245	28
206.279	27
206.314	28
206.349	28
206.383	27
206.421	28
206.456	28
206.49	27
206.525	28
206.557	25
206.592	25
206.627	26
206.661	25
206.696	26
206.731	26
206.765	25
206.857	33
206.941	33
206.968	23
207.007	23
207.043	23
207.079	22
207.115	24
207.15	24
207.184	23
207.219	24
207.254	24
207.288	23
207.323	24
207.358	24
207.392	24
207.427	24
207.465	24
207.499	23
207.534	24
207.568	23
207.603	23
207.638	24
207.672	23
207.707	24
207.742	24
207.776	23
207.811	24
207.845	23
207.88	23
207.915	24
207.949	23
207.987	23
208.022	24
208.064	31
208.098	30
208.133	31
208.167	30
208.202	30
208.237	31
208.271	30
208.306	30
208.341	31
208.375	30
208.41	31
208.479	30
208.517	30
208.545	24
208.58	24
208.615	24
208.649	24
208.683	24
208.717	24
208.75	24
208.784	24
208.818	24
208.851	24
208.885	24
208.919	24
208.952	24
208.986	24
209.02	24
209.057	24
209.09	24
209.124	24
209.158	24
209.191	24
209.225	24
209.259	24
209.293	25
209.326	24
209.36	24
209.394	25
209.427	24
209.461	24
209.495	25
209.529	25
209.565	24
209.599	24
209.633	25
209.666	24
209.701	24
209.736	25
209.77	24
209.805	24
209.84	25
209.874	24
209.909	24
209.999	30
210.08	27
210.111	22
210.169	22
210.205	22
210.259	23
210.294	23
210.329	24
210.363	23
210.398	23
210.432	23
210.467	23
210.502	23
210.539	26
210.573	25
210.611	25
210.646	26
210.68	25
210.715	25
210.75	26
210.784	25
210.819	25
210.854	26
210.888	25
210.923	25
210.958	26
210.992	25
211.024	23
211.059	23
211.094	23
211.131	22
211.166	23
211.201	23
211.235	23
211.27	23
211.305	23
211.339	23
211.374	23
211.409	23
211.443	23
211.478	23
211.512	22
211.547	23
211.582	23
211.617	23
211.654	23
211.689	23
211.724	23
211.758	23
211.793	23
211.828	23
211.862	23
211.897	23
211.931	23
211.966	23
212.001	23
212.036	24
212.071	24
212.105	23
212.14	24
212.178	24
212.212	23
212.247	24
212.282	24
212.316	23
212.351	24
212.386	24
212.42	23
212.455	24
212.49	24
212.525	24
212.56	25
212.594	24
212.629	25
212.664	25
212.701	24
212.736	24
212.771	25
212.805	24
212.84	24
212.875	25
212.909	24
212.944	25
212.979	25
213.013	24
213.048	25
213.083	25
213.118	25
213.152	25
213.187	25
213.225	25
213.26	26
213.294	25
213.329	25
213.363	25
213.398	25
213.433	25
213.467	25
213.502	25
213.59	29
213.674	29
213.704	22
213.74	22
213.78	22
213.816	22
213.852	24
213.887	24
213.921	23
213.956	24
213.991	24
214.028	26
214.062	26
214.097	26
214.132	26
214.166	26
214.201	26
214.235	25
214.273	26
214.308	26
214.343	26
214.377	26
214.412	26
214.447	26
214.481	26
214.516	26
214.548	24
214.582	23
214.617	23
214.652	24
214.686	23
214.721	23
214.756	24
214.793	23
214.828	23
214.863	24
214.897	23
214.932	23
214.967	24
215.001	23
215.036	23
215.071	24
215.106	24
215.14	23
215.175	24
215.21	24
215.244	24
215.279	24
215.317	24
215.352	24
215.385	24
215.419	24
215.452	23
215.486	24
215.52	24
215.554	24
215.588	24
215.621	24
215.655	24
215.689	24
215.723	25
215.756	24
215.79	24
215.824	25
215.86	24
215.894	24
215.928	24
215.961	24
215.995	24
216.028	23
216.061	23
216.095	23
216.129	23
216.162	23
216.196	23
216.23	23
216.263	23
216.297	23
216.331	23
216.368	23
216.402	23
216.437	23
216.472	24
216.506	23
216.539	21
216.574	22
216.608	21
216.643	21
216.678	22
216.712	21
216.747	21
216.781	21
216.816	21
216.851	21
216.889	22
216.923	21
216.958	21
216.993	22
217.028	22
217.062	21
217.097	22
217.132	22
217.166	22
217.201	22
217.236	22
217.27	22
217.305	22
217.339	21
217.374	22
217.412	22
217.447	22
217.481	22
217.516	22
217.551	22
217.586	23
217.62	22
217.655	22
217.69	23
217.724	22
217.759	22
217.793	22
217.828	22
217.863	23
217.897	22
217.935	22
217.97	22
218.005	23
218.039	22
218.073	21
218.108	22
218.143	22
218.177	22
218.212	22
218.246	21
218.281	22
218.316	22
218.35	21
218.385	22
218.42	22
218.458	22
218.492	22
218.529	24
218.564	24
218.598	24
218.633	24
218.667	23
218.702	24
218.737	24
218.772	24
218.806	24
218.84	24
218.873	23
218.907	24
218.941	24
218.974	23
219.011	23
219.042	21
219.076	21
219.11	21
219.143	21
219.177	21
219.211	21
219.244	21
219.278	21
219.312	21
219.346	22
219.379	21
219.413	21
219.447	22
219.48	21
219.517	21
219.551	21
219.585	22
219.619	22
219.652	21
219.686	22
219.72	22
219.753	21
219.787	22
219.821	22
219.855	21
219.89	22
219.925	22
219.959	21
219.994	22
220.031	21
220.066	21
220.1	21
220.135	21
220.17	21
220.204	21
220.239	21
220.274	21
220.308	21
220.343	21
220.378	21
220.412	21
220.447	21
220.482	22
220.516	21
220.573	22
220.607	21
220.641	21
220.676	22
220.71	21
220.744	21
220.779	22
220.813	21
220.847	21
220.881	21
220.916	22
220.95	21
220.984	21
221.019	22
221.061	29
221.099	30
221.133	29
221.167	29
221.202	30
221.236	29
221.27	29
221.305	30
221.339	29
221.373	29
221.407	29
221.442	30
221.476	29
221.51	29
221.539	24
221.574	24
221.611	24
221.646	24
221.68	23
221.715	24
221.75	24
221.784	24
221.819	24
221.854	24
221.888	24
221.923	24
221.957	23
221.992	24
222.025	22
222.06	22
222.095	23
222.132	22
222.167	22
222.202	23
222.236	22
222.271	22
222.306	23
222.34	22
222.375	22
222.41	23
222.444	22
222.479	23
222.514	23
222.55	24
222.584	24
222.619	24
222.657	24
222.691	23
222.726	24
222.761	24
222.795	24
222.83	24
222.864	23
222.899	24
222.934	24
222.968	23
223.003	24
223.036	22
223.071	22
223.105	22
223.14	22
223.178	22
223.212	22
223.247	22
223.316	22
223.351	22
223.386	22
223.42	22
223.455	22
223.49	23
223.523	21
223.558	21
223.593	22
223.662	21
223.7	22
223.786	23
223.87	23
223.904	21
223.94	20
223.977	21
224.013	21
224.049	22
224.084	22
224.118	22
224.153	22
224.187	22
224.225	22
224.26	22
224.295	22
224.329	22
224.364	22
224.398	22
224.433	22
224.468	22
224.502	22
224.536	21
224.571	21
224.606	22
224.64	21
224.675	21
224.71	22
224.748	22
224.782	21
224.817	22
224.851	21
224.886	21
224.921	22
224.955	21
224.99	21
225.036	33
225.071	33
225.106	34
225.14	33
225.175	33
225.21	34
225.244	33
225.282	33
225.317	33
225.351	33
225.386	33
225.421	34
225.455	33
225.49	33
225.525	34
225.582	21
225.617	22
225.652	22
225.686	21
225.721	22
225.756	22
225.793	21
225.828	22
225.863	22
225.897	21
225.932	22
225.967	22
226.001	21
226.036	22
226.071	22
226.106	23
226.14	22
226.175	22
226.209	22
226.244	22
226.279	22
226.317	23
226.351	22
226.386	22
226.421	23
226.455	22
226.49	22
226.541	39
226.575	38
226.61	38
226.645	39
226.679	38
226.749	39
226.783	38
226.818	39
226.856	39
226.89	38
226.925	38
226.96	39
226.994	38
227.029	39
227.087	27
227.122	28
227.157	28
227.191	27
227.226	28
227.261	28
227.295	27
227.33	28
227.368	28
227.402	27
227.437	28
227.472	28
227.506	27
227.535	22
227.57	22
227.605	22
227.639	22
227.674	22
227.709	23
227.743	22
227.778	22
227.813	23
227.847	22
227.885	22
227.92	22
227.954	22
227.989	22
228.023	22
228.058	22
228.092	21
228.127	22
228.162	22
228.196	21
228.231	22
228.265	21
228.3	21
228.335	22
228.369	21
228.407	21
228.442	22
228.476	21
228.511	21
228.546	22
228.581	22
228.615	21
228.65	22
228.684	21
228.719	22
228.754	22
228.788	21
228.823	22
228.858	22
228.892	21
228.93	22
228.965	22
228.999	21
229.034	22
229.069	22
229.103	21
229.138	22
229.173	22
229.207	21
229.242	22
229.276	21
229.311	21
229.346	22
229.38	21
229.415	22
229.488	22
229.524	23
229.558	23
229.593	23
229.628	24
229.662	23
229.697	23
229.732	24
229.766	23
229.801	23
229.836	24
229.87	23
229.905	23
229.94	24
229.977	23
230.012	23
230.045	22
230.08	22
230.114	21
230.149	22
230.183	21
230.218	21
230.253	22
230.287	21
230.322	22
230.357	22
230.391	21
230.426	22
230.461	22
230.498	21
230.534	22
230.568	22
230.603	22
230.637	22
230.672	22
230.707	22
230.741	22
230.776	22
230.811	22
230.845	22
230.88	22
230.915	22
230.949	22
230.985	20
231.022	22
231.057	23
231.091	22
231.126	22
231.161	23
231.195	22
231.23	22
231.265	23
231.299	22
231.334	23
231.368	22
231.403	22
231.438	23
231.472	22
231.507	22
231.546	24
231.58	23
231.615	23
231.65	24
231.684	23
231.719	23
231.753	23
231.788	23
231.823	23
231.857	23
231.892	23
231.927	23
231.961	23
231.996	23
232.033	26
232.071	26
232.106	26
232.14	25
232.175	26
232.209	25
232.244	26
232.279	26
232.313	25
232.348	26
232.383	26
232.417	25
232.452	26
232.487	26
232.521	25
232.553	23
232.59	22
232.625	22
232.66	23
232.694	22
232.729	22
232.764	23
232.798	22
232.833	22
232.867	22
232.902	22
232.937	23
232.971	22
233.006	22
233.049	31
233.084	31
233.121	30
233.156	30
233.191	31
233.225	30
233.26	31
233.295	31
233.329	30
233.364	31
233.399	31
233.433	30
233.468	31
233.502	30
233.564	23
233.598	22
233.636	22
233.671	23
233.705	22
233.74	22
233.775	23
233.809	22
233.844	22
233.879	23
233.913	22
233.948	23
233.982	22
234.017	22
234.052	23
234.087	23
234.121	22
234.159	23
234.194	23
234.228	22
234.263	23
234.298	23
234.332	22
234.367	23
234.401	23
234.434	22
234.468	22
234.502	23
234.534	21
234.568	21
234.602	22
234.635	21
234.669	21
234.704	22
234.741	22
234.773	21
234.806	21
234.839	22
234.871	21
234.904	22
234.936	21
234.969	21
235.002	22
235.034	21
235.067	21
235.1	22
235.132	21
235.165	21
235.198	22
235.234	22
235.266	21
235.299	22
235.331	21
235.364	21
235.397	22
235.43	21
235.464	21
235.498	22
235.533	23
235.567	23
235.6	23
235.634	23
235.668	23
235.701	23
235.738	23
235.773	23
235.808	23
235.842	23
235.877	23
235.912	24
235.946	23
235.981	23
236.015	23
236.049	22
236.084	22
236.118	22
236.153	22
236.188	22
236.222	22
236.26	22
236.295	22
236.33	23
236.364	22
236.399	22
236.433	22
236.468	22
236.503	22
236.538	23
236.573	23
236.608	24
236.642	23
236.712	24
236.746	23
236.784	23
236.819	23
236.853	23
236.888	23
236.923	24
236.957	23
236.992	23
237.026	23
237.061	23
237.096	23
237.13	23
237.165	23
237.2	23
237.234	23
237.269	23
237.307	23
237.341	23
237.376	23
237.411	23
237.445	23
237.48	23
237.515	23
237.549	23
237.584	23
237.618	23
237.653	23
237.688	23
237.722	23
237.757	23
237.792	23
237.829	23
237.864	23
237.899	23
237.934	23
237.968	23
238.002	23
238.035	22
238.069	23
238.102	22
238.136	22
238.17	23
238.203	22
238.237	22
238.271	23
238.304	22
238.338	22
238.375	22
238.409	23
238.442	22
238.476	22
238.51	23
238.543	22
238.577	22
238.611	23
238.645	23
238.678	22
238.712	23
238.746	23
238.779	22
238.813	23
238.847	23
238.883	22
238.917	22
238.951	23
238.985	23
239.019	22
239.054	23
239.089	23
239.123	22
239.158	23
239.193	23
239.227	23
239.262	23
239.297	23
239.331	23
239.366	23
239.404	23
239.438	22
239.473	23
239.508	23
239.542	23
239.577	23
239.611	22
239.646	23
239.681	23
239.715	22
239.75	23
239.785	23
239.819	22
239.854	23
239.888	22
239.926	22
239.961	23
239.996	23
240.029	21
240.064	22
240.098	21
240.133	21
240.168	22
240.202	21
240.237	22
240.272	22
240.306	21
240.341	22
240.376	22
240.41	21
240.448	22
240.483	22
240.517	21
240.553	23
240.587	22
240.622	22
240.657	23
240.691	22
240.726	22
240.76	22
240.795	22
240.829	22
240.863	23
240.896	22
240.93	22
240.964	23
241	22
241.035	23
241.068	22
241.102	23
241.187	26
241.269	26
241.3	22
241.335	21
241.371	22
241.406	22
241.441	23
241.474	22
241.511	22
241.549	27
241.582	26
241.616	26
241.65	27
241.683	26
241.717	26
241.751	27
241.784	26
241.818	26
241.853	27
241.888	27
241.922	26
241.957	27
241.991	26
242.024	21
242.059	21
242.094	22
242.128	21
242.163	22
242.198	22
242.232	21
242.267	22
242.302	22
242.336	21
242.371	22
242.406	22
242.44	21
242.474	22
242.508	22
242.544	24
242.581	24
242.614	24
242.648	24
242.682	24
242.715	24
242.749	24
242.783	24
242.816	24
242.85	24
242.884	24
242.918	25
242.951	24
242.985	24
243.019	25
243.054	26
243.091	26
243.125	26
243.158	26
243.192	26
243.226	26
243.259	26
243.293	26
243.327	26
243.36	26
243.394	26
243.428	26
243.461	25
243.496	26
243.53	25
243.565	26
243.603	26
243.638	26
243.672	25
243.707	26
243.742	26
243.776	26
243.811	26
243.845	25
243.88	26
243.915	26
243.949	25
243.984	26
244.019	26
244.049	21
244.083	21
244.121	21
244.156	21
244.19	21
244.225	21
244.31	22
244.395	23
244.429	20
244.466	21
244.502	21
244.538	20
244.574	22
244.608	21
244.646	21
244.681	21
244.715	21
244.75	21
244.785	22
244.819	21
244.854	21
244.889	22
244.923	21
244.958	21
244.993	22
245.028	22
245.063	22
245.098	23
245.131	22
245.165	22
245.202	22
245.236	23
245.269	22
245.303	22
245.337	23
245.37	22
245.404	22
245.438	23
245.471	22
245.505	22
245.541	25
245.575	25
245.609	25
245.642	25
245.676	25
245.713	25
245.747	25
245.78	25
245.814	25
245.848	25
245.881	25
245.915	25
245.949	25
245.982	25
246.016	25
246.05	25
246.084	26
246.117	25
246.152	25
246.187	26
246.225	26
246.259	25
246.294	25
246.329	26
246.363	25
246.398	26
246.432	25
246.467	25
246.502	26
246.535	24
246.569	23
246.604	24
246.639	24
246.673	23
246.708	24
246.746	24
246.78	23
246.815	24
246.85	24
246.884	23
246.919	24
246.954	24
246.988	23
247.023	24
247.058	24
247.092	24
247.127	24
247.162	24
247.196	24
247.231	24
247.269	24
247.303	23
247.338	24
247.373	24
247.462	29
247.547	30
247.576	22
247.612	22
247.649	23
247.685	22
247.721	24
247.756	24
247.794	24
247.829	25
247.863	24
247.898	24
247.933	25
247.967	24
248.002	24
248.035	23
248.07	23
248.104	23
248.139	23
248.174	23
248.208	23
248.243	23
248.278	23
248.315	23
248.35	23
248.385	23
248.419	22
248.454	23
248.488	23
248.521	22
248.556	24
248.59	24
248.624	24
248.658	25
248.691	24
248.725	24
248.759	25
248.792	24
248.826	24
248.863	24
248.896	24
248.93	24
248.998	25
249.031	24
249.064	23
249.098	24
249.132	24
249.165	23
249.199	24
249.233	24
249.267	24
249.3	24
249.334	24
249.371	24
249.404	23
249.438	24
249.473	24
249.507	23
249.54	22
249.575	22
249.61	22
249.644	22
249.679	22
249.713	22
249.748	22
249.783	22
249.817	22
249.852	22
249.89	22
249.924	22
249.994	22
250.029	23
250.064	23
250.099	23
250.133	23
250.168	23
250.202	22
250.237	23
250.272	23
250.306	22
250.341	23
250.376	23
250.413	22
250.448	23
250.483	23
250.517	22
250.551	22
250.585	21
250.62	22
250.655	22
250.689	21
250.724	22
250.793	21
250.828	22
250.863	22
250.897	21
250.935	22
250.97	22
251.004	21
251.04	23
251.074	22
251.109	22
251.144	23
251.178	22
251.213	22
251.248	23
251.282	22
251.317	23
251.351	22
251.386	22
251.421	23
251.459	23
251.493	22
251.532	26
251.567	27
251.602	27
251.636	27
251.671	27
251.74	27
251.775	27
251.81	27
251.844	27
251.879	27
251.914	27
251.948	27
251.986	27
252.021	27
252.05	22
252.085	22
252.119	21
252.154	22
252.189	22
252.223	21
252.258	22
252.293	22
252.327	22
252.362	22
252.396	21
252.431	22
252.466	22
252.504	22
252.54	24
252.574	23
252.609	23
252.644	24
252.678	23
252.713	23
252.747	23
252.782	23
252.817	23
252.905	27
252.989	27
253.02	22
253.056	21
253.096	22
253.132	21
253.167	22
253.202	22
253.237	23
253.271	22
253.306	22
253.341	23
253.375	22
253.41	22
253.445	23
253.479	22
253.514	22
253.552	23
253.587	23
253.621	22
253.656	23
253.691	23
253.725	22
253.76	23
253.795	23
253.829	22
253.864	23
253.899	23
253.933	23
253.968	23
254.002	22
254.039	25
254.077	25
254.111	24
254.146	24
254.181	25
254.215	24
254.25	25
254.284	24
254.319	24
254.354	25
254.388	24
254.423	24
254.458	25
254.492	24
254.525	22
254.56	23
254.598	23
254.632	22
254.667	23
254.702	23
254.736	22
254.771	23
254.806	23
254.84	22
254.875	23
254.909	22
254.944	23
254.979	23
255.013	22
255.048	23
255.083	23
255.121	23
255.155	23
255.19	23
255.225	23
255.259	23
255.294	23
255.329	23
255.363	23
255.398	23
255.433	23
255.467	23
255.502	23
255.536	22
255.571	23
255.605	22
255.643	22
255.678	23
255.712	22
255.747	22
255.782	23
255.816	22
255.851	23
255.886	23
255.92	22
255.955	23
255.99	23
256.023	21
256.058	22
256.093	22
256.127	21
256.165	22
256.2	22
256.234	21
256.269	22
256.304	22
256.338	21
256.373	22
256.407	21
256.442	21
256.477	22
256.511	21
256.547	23
256.581	22
256.616	22
256.651	23
256.689	23
256.723	22
256.758	22
256.792	22
256.827	22
256.862	23
256.896	22
256.931	22
256.966	23
257	22
257.035	22
257.069	22
257.104	22
257.139	22
257.173	22
257.211	22
257.246	22
257.28	22
257.315	22
257.35	22
257.384	22
257.419	22
257.454	22
257.488	22
257.524	23
257.558	23
257.593	23
257.628	23
257.662	23
257.697	23
257.735	23
257.769	23
257.804	23
257.839	23
257.873	23
257.943	23
257.977	23
258.012	23
258.081	23
258.115	22
258.15	22
258.185	23
258.219	22
258.257	22
258.292	23
258.326	22
258.361	22
258.396	23
258.43	22
258.465	23
258.5	23
258.535	23
258.57	24
258.604	23
258.639	23
258.674	24
258.708	23
258.743	23
258.781	24
258.816	24
258.85	23
258.885	24
258.919	23
258.954	23
258.989	24
259.023	23
259.058	23
259.092	23
259.127	23
259.162	24
259.196	23
259.231	23
259.266	24
259.303	23
259.338	23
259.373	23
259.407	23
259.442	23
259.477	24
259.511	23
259.544	21
259.579	22
259.614	22
259.648	21
259.683	22
259.718	22
259.752	21
259.787	22
259.825	22
259.859	21
259.894	22
259.929	22
259.963	21
259.998	22
260.035	24
260.069	23
260.104	24
260.139	24
260.173	24
260.208	24
260.243	24
260.277	24
260.312	24
260.35	24
260.384	24
260.419	24
260.454	24
260.488	24
260.523	24
260.558	24
260.592	24
260.627	24
260.662	24
260.696	24
260.731	24
260.766	24
260.8	24
260.835	24
260.873	24
260.907	24
260.942	24
260.977	24
261.011	24
261.043	21
261.078	22
261.112	21
261.147	21
261.182	22
261.215	21
261.249	21
261.283	21
261.316	21
261.35	21
261.384	21
261.421	21
261.454	21
261.488	21
261.522	21
261.556	22
261.59	22
261.623	21
261.657	22
261.691	22
261.724	21
261.758	22
261.792	22
261.825	21
261.859	22
261.893	22
261.93	22
261.963	21
261.997	22
262.031	22
262.065	22
262.098	22
262.132	22
262.166	22
262.2	23
262.233	22
262.268	22
262.302	22
262.335	22
262.369	22
262.403	22
262.436	22
262.47	22
262.507	22
262.541	23
262.575	23
262.608	22
262.642	22
262.676	23
262.709	22
262.743	22
262.777	23
262.81	22
262.844	22
262.878	23
262.911	22
262.945	22
262.979	23
263.016	23
263.049	22
263.082	21
263.117	22
263.15	22
263.182	21
263.215	22
263.248	22
263.28	21
263.313	22
263.347	22
263.38	21
263.414	22
263.448	22
263.481	21
263.515	22
263.552	22
263.586	22
263.619	21
263.653	22
263.687	22
263.72	21
263.754	22
263.788	22
263.822	22
263.855	22
263.889	22
263.923	22
263.956	22
263.99	22
264.024	22
264.061	22
264.096	23
264.13	23
264.162	22
264.196	23
264.23	23
264.264	23
264.297	23
264.383	27
264.465	27
264.495	22
264.53	21
264.565	21
264.604	21
264.639	23
264.672	22
264.706	22
264.74	23
264.773	22
264.807	22
264.841	23
264.874	22
264.908	22
264.942	22
264.975	22
265.009	22
265.044	23
265.078	24
265.115	24
265.148	23
265.183	24
265.218	24
265.252	23
265.287	24
265.321	23
265.356	23
265.391	24
265.425	23
265.46	23
265.495	24
265.53	24
265.565	25
265.6	25
265.638	25
265.672	24
265.707	25
265.741	24
265.776	24
265.811	25
265.845	24
265.88	25
265.915	25
265.949	24
265.984	25
266.019	25
266.051	22
266.085	22
266.12	22
266.158	22
266.192	22
266.227	22
266.262	22
266.296	22
266.331	22
266.366	22
266.435	22
266.469	21
266.504	22
266.539	22
266.574	23
266.608	22
266.643	22
266.681	22
266.715	22
266.75	22
266.785	23
266.819	22
266.854	22
266.889	23
266.923	22
266.958	22
266.992	22
267.027	22
267.062	22
267.097	23
267.131	22
267.166	22
267.204	23
267.238	22
267.273	22
267.308	23
267.342	22
267.377	22
267.412	23
267.446	22
267.481	23
267.516	23
267.55	22
267.584	22
267.619	22
267.654	22
267.688	22
267.726	22
267.761	22
267.795	22
267.83	22
267.865	22
267.899	22
267.934	22
267.969	22
268.003	22
268.039	23
268.074	23
268.109	24
268.143	23
268.178	24
268.213	24
268.25	23
268.285	23
268.32	24
268.354	23
268.389	23
268.424	24
268.458	23
268.493	24
268.528	24
268.563	24
268.598	25
268.632	24
268.667	24
268.702	25
268.736	24
268.774	24
268.809	25
268.843	24
268.878	24
268.913	25
268.947	24
268.982	24
269.017	25
269.049	22
269.084	22
269.118	22
269.153	22
269.188	23
269.222	22
269.257	22
269.295	22
269.329	22
269.364	22
269.399	23
269.433	22
269.468	22
269.502	22
269.537	22
269.572	22
269.607	23
269.641	22
269.676	22
269.711	23
269.745	22
269.78	22
269.818	23
269.852	22
269.887	22
269.922	23
269.956	22
269.991	22
270.026	23
270.06	22
270.095	23
270.129	22
270.164	22
270.199	23
270.233	22
270.268	22
270.303	23
270.34	22
270.375	22
270.41	23
270.444	22
270.479	22
270.514	23
270.55	24
270.585	24
270.62	25
270.653	24
270.687	24
270.721	25
270.754	24
270.789	24
270.854	24
270.887	24
270.923	24
270.955	24
270.988	24
271.021	24
271.051	22
271.084	22
271.117	22
271.149	22
271.182	22
271.215	23
271.247	22
271.28	22
271.312	22
271.345	22
271.378	22
271.414	22
271.446	22
271.479	22
271.511	22
271.544	22
271.576	21
271.609	22
271.642	22
271.675	21
271.709	22
271.743	22
271.776	21
271.811	22
271.846	22
271.88	21
271.918	22
271.953	22
271.988	22
272.022	22
272.057	22
272.091	21
272.126	22
272.161	22
272.195	21
272.23	22
272.265	22
272.299	21
272.334	22
272.368	21
272.403	22
272.441	22
272.476	22
272.51	21
272.545	22
272.579	21
272.614	22
272.649	22
272.683	21
272.718	22
272.753	22
272.787	21
272.822	22
272.856	21
272.891	21
272.926	22
272.964	22
272.998	21
273.033	22
273.068	22
273.103	22
273.137	22
273.172	22
273.207	22
273.241	22
273.276	22
273.311	23
273.345	22
273.38	22
273.414	22
273.449	22
273.487	22
273.522	22
273.557	23
273.591	22
273.626	23
273.66	22
273.695	22
273.783	26
273.867	26
273.899	21
273.935	21
273.971	21
274.011	21
274.048	24
274.083	24
274.117	23
274.152	24
274.187	24
274.221	23
274.256	24
274.29	23
274.325	24
274.36	24
274.394	23
274.429	24
274.464	24
274.498	23
274.536	24
274.57	23
274.605	23
274.639	23
274.674	23
274.709	23
274.743	23
274.778	23
274.813	23
274.847	23
274.882	23
274.917	23
274.951	23
274.986	23
275.021	24
275.058	23
275.093	23
275.127	22
275.197	23
275.231	23
275.266	23
275.3	22
275.335	23
275.37	23
275.404	22
275.439	23
275.474	23
275.508	22
275.543	23
275.581	23
275.616	23
275.65	23
275.685	23
275.719	22
275.754	23
275.789	23
275.823	22
275.858	23
275.893	23
275.927	23
275.962	23
276.031	23
276.065	22
276.103	22
276.138	22
276.173	23
276.207	22
276.242	23
276.277	23
276.311	22
276.346	23
276.38	22
276.415	22
276.45	23
276.484	22
276.519	22
276.554	23
276.589	23
276.626	22
276.661	23
276.696	23
276.73	22
276.765	23
276.8	23
276.834	22
276.922	26
277.006	26
277.038	22
277.074	21
277.11	21
277.15	22
277.185	22
277.22	22
277.255	23
277.289	22
277.324	22
277.359	23
277.393	22
277.428	22
277.462	22
277.497	22
277.533	23
277.568	24
277.603	24
277.637	24
277.675	24
277.71	24
277.744	23
277.779	24
277.814	24
277.848	24
277.918	24
277.952	24
277.987	24
278.021	23
278.054	22
278.089	22
278.123	21
278.158	22
278.196	22
278.23	21
278.265	22
278.3	22
278.334	21
278.369	22
278.404	22
278.438	21
278.473	22
278.508	22
278.542	22
278.577	22
278.612	22
278.646	22
278.681	22
278.719	22
278.753	21
278.788	22
278.823	22
278.857	22
278.892	22
278.927	22
278.961	22
278.996	22
279.032	23
279.067	24
279.101	23
279.136	23
279.171	24
279.205	23
279.243	23
279.278	24
279.312	23
279.347	23
279.382	24
279.416	23
279.451	23
279.486	24
279.52	23
279.587	23
279.62	22
279.654	22
279.688	23
279.721	22
279.755	22
279.792	22
279.826	23
279.859	22
279.893	22
279.927	23
279.96	22
279.994	22
280.028	23
280.062	23
280.096	23
280.13	24
280.163	23
280.197	23
280.231	24
280.264	23
280.301	23
280.335	23
280.368	23
280.402	23
280.436	23
280.47	24
280.503	23
280.536	22
280.571	23
280.605	22
280.64	22
280.675	23
280.709	22
280.744	22
280.779	23
280.816	22
280.851	22
280.886	23
280.92	22
280.955	22
280.99	23
281.024	22
281.059	22
281.094	23
281.128	22
281.163	23
281.232	22
281.267	23
281.302	23
281.339	22
281.374	22
281.409	23
281.443	22
281.478	23
281.513	23
281.547	22
281.582	23
281.616	22
281.651	22
281.686	23
281.72	22
281.755	22
281.789	22
281.824	22
281.862	22
281.897	23
281.931	22
281.966	22
282	22
282.036	23
282.07	22
282.105	23
282.139	22
282.174	23
282.209	23
282.243	22
282.278	23
282.313	23
282.347	22
282.385	23
282.42	23
282.454	22
282.489	23
282.523	22
282.558	22
282.73	26
282.762	22
282.798	21
282.834	21
282.871	22
282.91	23
282.944	22
282.979	22
283.014	23
283.049	23
283.084	24
283.119	24
283.153	23
283.188	24
283.222	23
283.257	23
283.292	24
283.326	23
283.361	23
283.396	24
283.433	23
283.468	23
283.503	24
283.537	23
283.571	22
283.606	23
283.641	23
283.675	22
283.71	23
283.744	22
283.779	23
283.814	23
283.848	22
283.883	23
283.918	23
283.955	22
283.99	22
284.026	24
284.06	23
284.095	24
284.127	23
284.162	23
284.196	23
284.23	24
284.263	23
284.297	23
284.331	24
284.364	23
284.398	23
284.432	24
284.465	23
284.502	23
284.535	22
284.569	23
284.602	22
284.636	22
284.67	23
284.704	23
284.737	22
284.771	23
284.805	23
284.838	22
284.872	23
284.906	23
284.939	22
284.973	23
285.01	23
285.043	22
285.076	21
285.11	22
285.144	22
285.177	21
285.212	22
285.247	22
285.281	21
285.316	22
285.351	22
285.385	21
285.42	22
285.455	22
285.489	22
285.528	23
285.562	22
285.597	22
285.632	23
285.666	22
285.701	23
285.789	26
285.873	26
285.905	22
285.941	21
285.977	21
286.014	22
286.053	23
286.088	23
286.122	23
286.157	23
286.192	23
286.226	23
286.261	23
286.296	23
286.33	23
286.365	23
286.4	24
286.434	23
286.469	23
286.504	24
286.537	22
286.575	22
286.609	21
286.644	22
286.679	22
286.713	22
286.748	22
286.783	22
286.817	22
286.852	22
286.887	22
286.921	22
286.956	22
286.99	21
287.027	24
287.061	23
287.099	23
287.134	24
287.168	23
287.203	23
287.238	24
287.307	23
287.342	24
287.376	23
287.411	24
287.446	24
287.48	23
287.515	24
287.549	23
287.584	23
287.621	23
287.656	23
287.691	23
287.725	23
287.76	23
287.795	23
287.829	23
287.864	23
287.898	22
287.933	23
287.968	23
288.002	22
288.036	22
288.071	22
288.105	22
288.143	22
288.178	22
288.212	21
288.247	22
288.282	22
288.351	22
288.386	22
288.42	22
288.455	22
288.489	21
288.525	23
288.56	23
288.594	22
288.629	23
288.667	23
288.701	23
288.734	22
288.768	23
288.802	23
288.835	22
288.869	23
288.903	23
288.936	22
288.97	23
289.004	23
289.037	22
289.071	23
289.105	23
289.139	23
289.172	23
289.209	23
289.243	23
289.276	22
289.31	23
289.344	23
289.377	22
289.411	23
289.445	23
289.479	23
289.512	23
289.548	24
289.582	24
289.614	23
289.647	24
289.68	24
289.712	24
289.749	24
289.783	24
289.817	24
289.85	24
289.884	24
289.918	24
289.951	24
289.985	24
290.019	24
290.051	23
290.085	23
290.118	22
290.152	22
290.186	23
290.219	22
290.256	22
290.29	23
290.324	23
290.357	22
290.391	23
290.425	23
290.458	22
290.492	22
290.527	24
290.56	23
290.594	23
290.629	24
290.663	23
290.698	24
290.733	24
290.77	23
290.805	23
290.84	24
290.874	23
290.909	23
290.944	24
290.978	23
291.013	24
291.046	22
291.081	22
291.116	23
291.15	22
291.185	22
291.22	23
291.254	22
291.292	22
291.327	23
291.361	22
291.396	22
291.431	23
291.465	22
291.5	22
291.535	23
291.569	22
291.603	22
291.637	23
291.67	22
291.704	22
291.738	23
291.771	22
291.805	22
291.842	22
291.876	23
291.909	22
291.943	22
291.977	23
292.01	22
292.044	22
292.077	22
292.111	22
292.145	22
292.178	22
292.212	22
292.246	22
292.279	21
292.313	22
292.35	22
292.384	22
292.417	22
292.451	22
292.485	22
292.518	22
292.553	23
292.586	22
292.621	23
292.656	23
292.69	22
292.725	23
292.76	23
292.794	22
292.829	23
292.867	23
292.901	22
292.936	23
292.971	23
293.005	22
293.039	22
293.074	22
293.109	22
293.143	22
293.178	22
293.212	21
293.247	22
293.281	22
293.315	22
293.348	22
293.382	22
293.419	22
293.452	21
293.486	22
293.52	22
293.555	23
293.589	24
293.623	24
293.657	24
293.69	24
293.724	24
293.758	24
293.791	24
293.825	24
293.859	24
293.892	24
293.929	24
293.963	24
293.997	24
294.029	23
294.063	23
294.097	23
294.13	23
294.164	23
294.198	23
294.231	23
294.265	23
294.299	23
294.333	23
294.368	23
294.403	23
294.441	23
294.475	23
294.51	23
294.544	22
294.578	22
294.613	22
294.7	25
294.784	25
294.817	21
294.853	21
294.889	21
294.926	21
294.964	22
294.999	22
295.036	24
295.069	23
295.103	24
295.137	24
295.17	23
295.204	24
295.238	24
295.271	23
295.305	24
295.339	24
295.372	23
295.406	24
295.44	24
295.474	24
295.51	23
295.543	23
295.576	22
295.61	22
295.644	23
295.711	22
295.745	23
295.778	22
295.812	22
295.846	23
295.879	22
295.913	22
295.947	23
295.981	23
296.017	22
296.05	21
296.085	22
296.119	21
296.154	21
296.188	21
296.223	21
296.258	22
296.292	21
296.327	21
296.362	22
296.396	21
296.431	21
296.5	21
296.539	22
296.626	25
296.658	22
296.69	22
296.722	22
296.755	22
296.787	22
296.819	22
296.852	22
296.884	22
296.916	22
296.949	22
296.981	22
297.013	22
297.045	21
297.078	22
297.113	21
297.145	21
297.178	22
297.21	22
297.242	22
297.274	22
297.306	22
297.338	22
297.37	22
297.402	22
297.466	22
297.498	22
297.53	22
297.562	22
297.597	22
297.629	22
297.664	22
297.698	21
297.733	22
297.768	22
297.854	24
297.939	25
297.972	21
298.008	21
298.045	22
298.082	22
298.121	23
298.156	24
298.19	23
298.225	24
298.259	23
298.294	23
298.329	24
298.363	23
298.398	23
298.433	24
298.467	23
298.502	23
298.536	23
298.571	23
298.606	24
298.643	23
298.678	23
298.713	23
298.747	23
298.782	23
298.817	23
298.851	23
298.886	23
298.92	23
298.955	23
298.99	23
299.024	23
299.058	22
299.093	22
299.128	23
299.166	23
299.2	22
299.235	23
299.269	22
299.304	22
299.339	23
299.373	22
299.408	22
299.443	23
299.477	22
299.512	22
299.547	23
299.581	22
299.616	23
299.651	23
299.688	22
299.723	22
299.758	23
299.792	22
299.827	23
299.896	22
299.931	23
299.965	22
300	22
300.035	23
300.069	22
300.104	22
300.139	23
300.173	22
300.211	22
300.246	23
300.28	22
300.315	22
300.35	23
300.384	22
300.419	22
300.454	23
300.488	22
300.523	23
300.558	23
300.592	22
300.627	23
300.661	22
300.696	22
300.734	22
300.769	23
300.803	22
300.838	23
300.873	23
300.907	22
300.942	23
300.976	22
301.011	22
301.046	23
301.08	22
301.115	22
301.15	23
301.184	22
301.219	23
301.257	23
301.291	22
301.326	22
301.361	23
301.395	22
301.43	22
301.465	23
301.498	22
301.532	22
301.566	23
301.599	22
301.633	22
301.667	23
301.7	22
301.734	22
301.768	23
301.805	23
301.838	22
301.872	22
301.906	23
301.939	22
301.973	22
302.007	23
302.04	22
302.074	22
302.108	23
302.142	23
302.175	22
302.209	23
302.243	23
302.276	22
302.313	22
302.347	23
302.38	22
302.414	22
302.448	23
302.483	23
302.516	22
302.55	22
302.584	23
302.617	22
302.651	22
302.685	23
302.718	22
302.752	22
302.786	23
302.819	22
302.856	22
302.89	22
302.924	23
302.957	22
302.991	22
303.025	23
303.058	22
303.092	22
303.126	23
303.159	22
303.193	22
303.227	23
303.26	22
303.294	22
303.328	23
303.365	23
303.398	22
303.432	22
303.466	23
303.499	22
303.533	22
303.568	23
303.602	22
303.637	22
303.672	23
303.706	22
303.741	22
303.776	23
303.81	22
303.845	23
303.883	23
303.917	22
303.952	22
303.987	23
304.021	22
304.056	22
304.091	23
304.125	22
304.16	23
304.195	23
304.229	22
304.264	23
304.298	22
304.333	22
304.368	23
304.406	23
304.493	26
304.577	25
304.609	21
304.646	22
304.682	21
304.718	21
304.754	22
304.789	23
304.823	22
304.858	23
304.893	23
304.93	22
304.965	22
305	23
305.034	22
305.069	23
305.104	23
305.138	22
305.173	23
305.207	22
305.277	23
305.311	22
305.346	22
305.381	23
305.415	22
305.453	22
305.488	23
305.522	22
305.557	22
305.592	23
305.626	22
305.661	22
305.696	23
305.73	22
305.765	23
305.8	23
305.834	22
305.869	23
305.903	22
305.938	22
305.976	22
306.011	23
306.045	22
306.08	23
306.115	23
306.149	22
306.184	23
306.218	22
306.253	22
306.288	23
306.322	22
306.357	22
306.392	23
306.426	22
306.461	23
306.499	23
306.533	22
306.568	22
306.603	23
306.637	22
306.672	22
306.707	23
306.741	22
306.776	23
306.811	23
306.845	22
306.88	23
306.914	22
306.949	22
306.984	23
307.022	23
307.056	22
307.091	23
307.125	22
307.16	22
307.195	23
307.229	22
307.264	22
307.299	23
307.333	22
307.368	22
307.403	23
307.437	22
307.472	23
307.507	23
307.544	22
307.632	26
307.716	26
307.748	21
307.784	21
307.821	22
307.857	21
307.893	23
307.927	22
307.962	22
307.997	23
308.031	22
308.069	22
308.104	23
308.138	22
308.173	22
308.208	23
308.242	22
308.277	22
308.312	23
308.346	22
308.381	23
308.416	23
308.45	22
308.485	23
308.519	22
308.554	22
308.592	22
308.627	23
308.661	22
308.696	23
308.731	23
308.765	22
308.8	23
308.834	22
308.869	22
308.904	23
308.938	22
308.973	22
309.008	23
309.042	22
309.077	23
309.115	23
309.149	22
309.184	22
309.219	23
309.253	22
309.288	22
309.323	23
309.357	22
309.392	23
309.427	23
309.461	22
309.496	23
