80.034	500
80.062	500
80.112	500
80.137	500
80.172	501
80.202	1229.63
80.237	1229.63
80.272	1229.63
80.302	1229.63
80.337	1229.63
80.372	1229.63
80.402	1229.63
80.437	1229.63
80.472	1229.63
80.502	1229.63
80.537	1229.63
80.572	1229.63
80.602	1229.63
80.637	1229.63
80.672	1229.63
80.702	1229.63
80.737	1229.63
80.772	1229.63
80.802	1229.63
80.837	1229.63
80.872	1229.63
80.902	1229.63
80.937	1229.63
80.972	1229.63
81.002	1229.63
81.037	1229.63
81.072	1229.63
81.102	1229.63
81.137	1229.63
81.172	1229.63
81.202	1229.63
81.237	1229.63
81.272	1229.63
81.302	1229.63
81.337	1229.63
81.372	1229.63
81.402	1229.63
81.437	1229.63
81.472	1229.63
81.502	1229.63
81.537	1229.63
81.572	1229.63
81.602	1229.63
81.637	1229.63
81.672	1229.63
81.702	1229.63
81.737	1229.63
81.772	1229.63
81.802	1229.63
81.837	1229.63
81.872	1229.63
81.902	1229.63
81.937	1229.63
81.972	1229.63
82.002	1229.63
82.037	1229.63
82.072	1229.63
82.102	1229.63
82.137	1229.63
82.172	1229.63
82.202	1229.63
82.237	1229.63
82.272	1229.63
82.302	1229.63
82.337	1229.63
82.372	1229.63
82.402	1229.63
82.437	1229.63
82.472	1229.63
82.502	1229.63
82.537	1229.63
82.572	1229.63
82.602	1229.63
82.637	1229.63
82.672	1229.63
82.702	1229.63
82.737	1229.63
82.772	1229.63
82.802	1229.63
82.837	1229.63
82.872	1229.63
82.902	1229.63
82.937	1229.63
82.972	1229.63
83.002	1229.63
83.037	1229.63
83.072	1229.63
83.102	1229.63
83.137	1229.63
83.172	1229.63
83.202	1229.63
83.237	1229.63
83.272	1229.63
83.302	1229.63
83.337	1229.63
83.372	1229.63
83.402	1229.63
83.437	1229.63
83.472	1229.63
83.502	1229.63
83.537	1229.63
83.572	1229.63
83.602	1229.63
83.637	1229.63
83.672	1229.63
83.702	1229.63
83.737	1229.63
83.772	1229.63
83.802	1229.63
83.837	1229.63
83.872	1229.63
83.902	1229.63
83.937	1229.63
83.972	1229.63
84.002	1229.63
84.037	1229.63
84.072	1229.63
84.102	1229.63
84.137	1229.63
84.172	1229.63
84.202	1229.63
84.237	1229.63
84.272	1229.63
84.302	1229.63
84.337	1229.63
84.372	1229.63
84.402	1229.63
84.437	1229.63
84.472	1229.63
84.502	1229.63
84.537	1229.63
84.572	1229.63
84.602	1229.63
84.637	1229.63
84.672	1229.63
84.702	1229.63
84.737	1229.63
84.772	1229.63
84.802	1229.63
84.837	1229.63
84.872	1229.63
84.902	1229.63
84.937	1229.63
84.972	1229.63
85.002	1229.63
85.037	1229.63
85.072	1229.63
85.102	1229.63
85.137	1229.63
85.172	1229.63
85.202	1229.63
85.237	1229.63
85.272	1229.63
85.302	1229.63
85.337	1229.63
85.372	1229.63
85.402	1229.63
85.437	1229.63
85.472	1229.63
85.502	1229.63
85.537	1229.63
85.572	1229.63
85.602	1229.63
85.637	1229.63
85.672	1229.63
85.702	1229.63
85.737	1229.63
85.772	1229.63
85.802	1229.63
85.837	1229.63
85.872	1229.63
85.902	1229.63
85.937	1229.63
85.972	1229.63
86.002	1229.63
86.037	1229.63
86.072	1229.63
86.102	1229.63
86.137	1229.63
86.172	1229.63
86.202	1229.63
86.237	1229.63
86.272	1229.63
86.302	1229.63
86.337	1229.63
86.372	1229.63
86.402	1229.63
86.437	1229.63
86.472	1229.63
86.502	1229.63
86.537	1229.63
86.572	1229.63
86.602	1229.63
86.637	1229.63
86.672	1229.63
86.702	1229.63
86.737	1229.63
86.772	1229.63
86.802	1229.63
86.837	1229.63
86.872	1229.63
86.902	1229.63
86.937	1229.63
86.972	1229.63
87.002	1229.63
87.037	1229.63
87.072	1229.63
87.102	1229.63
87.137	1229.63
87.172	1229.63
87.202	1229.63
87.237	1229.63
87.272	1229.63
87.302	1229.63
87.337	1229.63
87.372	1229.63
87.402	1229.63
87.437	1229.63
87.472	1229.63
87.502	1229.63
87.537	1229.63
87.572	1229.63
87.602	1229.63
87.637	1229.63
87.672	1229.63
87.702	1229.63
87.737	1229.63
87.772	1229.63
87.802	1229.63
87.837	1229.63
87.872	1229.63
87.902	1229.63
87.937	1229.63
87.972	1229.63
88.002	1229.63
88.037	1229.63
88.072	1229.63
88.102	1229.63
88.137	1229.63
88.172	1229.63
88.202	1229.63
88.237	1229.63
88.272	1229.63
88.302	1229.63
88.337	1229.63
88.372	1229.63
88.402	1229.63
88.437	1229.63
88.472	1229.63
88.502	1229.63
88.537	1229.63
88.572	1229.63
88.602	1229.63
88.637	1229.63
88.672	1229.63
88.702	1229.63
88.737	1229.63
88.772	1229.63
88.802	1229.63
88.837	1229.63
88.872	1229.63
88.902	1229.63
88.937	1229.63
88.972	1229.63
89.002	1229.63
89.037	1229.63
89.072	1229.63
89.102	1229.63
89.137	1229.63
89.172	1229.63
89.202	1229.63
89.237	1229.63
89.272	1229.63
89.302	1229.63
89.337	1229.63
89.372	1229.63
89.402	1229.63
89.437	1229.63
89.472	1229.63
89.502	1229.63
89.537	1229.63
89.572	1229.63
89.602	1229.63
89.637	1229.63
89.672	1229.63
89.702	1229.63
89.737	1229.63
89.772	1229.63
89.802	1229.63
89.837	1229.63
89.872	1229.63
89.902	1229.63
89.937	1229.63
89.972	1229.63
90.002	1229.63
90.037	1229.63
90.072	1229.63
90.102	1229.63
90.137	1229.63
90.172	1229.63
90.202	1229.63
90.237	1229.63
90.272	1229.63
90.302	1229.63
90.337	1229.63
90.372	1229.63
90.402	1229.63
90.437	1229.63
90.472	1229.63
90.502	1229.63
90.537	1229.63
90.572	1229.63
90.602	1229.63
90.637	1229.63
90.672	1229.63
90.702	1229.63
90.737	1229.63
90.772	1229.63
90.802	1229.63
90.837	1229.63
90.872	1229.63
90.902	1229.63
90.937	1229.63
90.972	1229.63
91.002	1229.63
91.037	1229.63
91.072	1229.63
91.102	1229.63
91.137	1229.63
91.172	1229.63
91.202	1229.63
91.237	1229.63
91.272	1229.63
91.302	1229.63
91.337	1229.63
91.372	1229.63
91.402	1229.63
91.437	1229.63
91.472	1229.63
91.502	1229.63
91.537	1229.63
91.572	1229.63
91.602	1229.63
91.637	1229.63
91.672	1229.63
91.702	1229.63
91.737	1229.63
91.772	1229.63
91.802	1229.63
91.837	1229.63
91.872	1229.63
91.902	1229.63
91.937	1229.63
91.972	1229.63
92.002	1229.63
92.037	1229.63
92.072	1229.63
92.102	1229.63
92.137	1229.63
92.172	1229.63
92.202	1229.63
92.237	1229.63
92.272	1229.63
92.302	1229.63
92.337	1229.63
92.372	1229.63
92.402	1229.63
92.437	1229.63
92.472	1229.63
92.502	1229.63
92.537	1229.63
92.572	1229.63
92.602	1229.63
92.637	1229.63
92.672	1229.63
92.702	1229.63
92.737	1229.63
92.772	1229.63
92.802	1229.63
92.837	1229.63
92.872	1229.63
92.902	1229.63
92.937	1229.63
92.972	1229.63
93.002	1229.63
93.037	1229.63
93.072	1229.63
93.102	1229.63
93.137	1229.63
93.172	1229.63
93.202	1229.63
93.237	1229.63
93.272	1229.63
93.302	1229.63
93.337	1229.63
93.372	1229.63
93.402	1229.63
93.437	1229.63
93.472	1229.63
93.502	1229.63
93.537	1229.63
93.572	1229.63
93.602	1229.63
93.637	1229.63
93.672	1229.63
93.702	1229.63
93.737	1229.63
93.772	1229.63
93.802	1229.63
93.837	1229.63
93.872	1229.63
93.902	1229.63
93.937	1229.63
93.972	1229.63
94.002	1229.63
94.037	1229.63
94.072	1229.63
94.102	1229.63
94.137	1037.2
94.172	1037.2
94.202	1037.2
94.237	1037.2
94.272	1038.21
94.302	1039.17
94.337	1039.17
94.372	1040.16
94.402	1041.12
94.437	1041.12
94.472	1042.12
94.502	1043.07
94.537	1043.07
94.572	1044.06
94.602	1045.02
94.637	1045.02
94.672	1045.02
94.702	1045.02
94.737	1045.02
94.772	1045.02
94.802	1045.02
94.837	1045.02
94.872	1045.02
94.902	1045.02
94.937	1045.02
94.972	1046.02
95.002	1046.97
95.037	1046.97
95.072	1047.97
95.102	1048.93
95.137	1048.93
95.172	1049.93
95.202	1050.89
95.237	1050.89
95.272	1051.89
95.302	1052.85
95.337	1052.85
95.372	1053.86
95.402	1054.82
95.437	1054.82
95.472	1055.83
95.502	1056.79
95.537	1056.79
95.572	1057.8
95.602	1058.77
95.637	1058.77
95.672	1059.79
95.702	1060.77
95.737	1060.77
95.772	1061.78
95.802	1062.77
95.837	1062.77
95.872	1063.8
95.902	1064.79
95.937	1064.79
95.972	1065.83
96.002	1066.83
96.037	1066.83
96.072	1067.87
96.102	1068.88
96.137	1068.88
96.172	1069.93
96.202	1070.93
96.237	1070.93
96.272	1071.98
96.302	1072.99
96.337	1072.99
96.372	1074.04
96.402	1075.05
96.437	1075.05
96.472	1076.1
96.502	1077.11
96.537	1077.11
96.572	1078.17
96.602	1079.18
96.637	1079.18
96.672	1080.24
96.702	1081.25
96.737	1081.25
96.767	1082.31
96.802	1083.33
96.837	1083.33
96.867	1084.39
96.902	1085.41
96.937	1085.41
96.967	1086.47
97.002	1087.5
97.037	1087.5
97.067	1088.56
97.102	1089.58
97.137	1089.58
97.167	1090.65
97.202	1091.68
97.237	1091.68
97.267	1092.74
97.302	1093.77
97.337	1093.77
97.367	1094.84
97.402	1095.87
97.437	1095.87
97.467	1096.94
97.502	1097.97
97.537	1097.97
97.567	1099.04
97.602	1100.07
97.637	1100.07
97.667	1101.14
97.702	1102.17
97.737	1102.17
97.767	1103.25
97.802	1104.28
97.837	1104.28
97.867	1105.36
97.902	1106.39
97.937	1106.39
97.967	1107.47
98.002	1108.51
98.037	1108.51
98.067	1109.59
98.102	1110.62
98.137	1110.62
98.167	1111.7
98.202	1112.73
98.237	1112.73
98.267	1113.81
98.302	1114.85
98.337	1114.85
98.367	1115.93
98.402	1116.97
98.437	1116.97
98.467	1118.06
98.502	1119.1
98.537	1119.1
98.567	1120.18
98.602	1121.23
98.637	1121.23
98.667	1122.31
98.702	1123.36
98.737	1123.36
98.767	1124.45
98.802	1125.5
98.837	1125.5
98.867	1126.59
98.902	1127.64
98.937	1127.64
98.967	1128.73
99.002	1129.79
99.037	1129.79
99.067	1130.88
99.102	1131.94
99.137	1131.94
99.167	1133.03
99.202	1134.09
99.237	1134.09
99.267	1135.19
99.302	1136.25
99.337	1136.25
99.367	1137.35
99.402	1138.41
99.437	1138.41
99.467	1139.51
99.502	1140.58
99.537	1140.58
99.567	1141.68
99.602	1142.75
99.637	1142.75
99.667	1143.85
99.702	1144.92
99.737	1144.92
99.767	1146.03
99.802	1147.1
99.837	1147.1
99.867	1148.21
99.902	1149.28
99.937	1149.28
99.967	1150.4
100.002	1151.46
100.037	1151.46
100.067	1152.58
100.102	1153.43
100.137	1153.43
100.167	1154.31
100.202	1155.16
100.237	1155.16
100.267	1156.05
100.302	1156.9
100.337	1156.9
100.367	1157.78
100.402	1158.63
100.437	1158.63
100.467	1159.51
100.502	1160.35
100.537	1160.35
100.567	1161.23
100.602	1162.07
100.637	1162.07
100.667	1162.95
100.702	1163.79
100.737	1163.79
100.767	1164.67
100.802	1165.5
100.837	1165.5
100.867	1166.38
100.902	1167.23
100.937	1167.23
100.967	1168.08
101.002	1168.93
101.037	1168.93
101.067	1169.78
101.102	1170.63
101.137	1170.63
101.167	1171.47
101.202	1172.32
101.237	1172.32
101.267	1173.16
101.302	1173.99
101.337	1173.99
101.367	1174.85
101.402	1175.67
101.437	1175.67
101.467	1176.53
101.502	1177.35
101.537	1177.35
101.567	1178.21
101.602	1179.04
101.637	1179.04
101.667	1179.9
101.702	1180.72
101.737	1180.72
101.767	1181.58
101.802	1182.42
101.837	1182.42
101.867	1183.28
101.902	1184.12
101.937	1184.12
101.967	1184.99
102.002	1185.83
102.037	1185.83
102.067	1186.7
102.102	1187.54
102.137	1187.54
102.167	1188.43
102.202	1189.27
102.237	1189.27
102.267	1190.15
102.302	1191.01
102.337	1191.01
102.367	1191.89
102.402	1192.75
102.437	1192.75
102.467	1193.64
102.502	1194.49
102.537	1194.49
102.567	1195.38
102.602	1196.24
102.637	1196.24
102.667	1197.13
102.702	1197.98
102.737	1197.98
102.767	1198.88
102.802	1199.73
102.837	1199.73
102.867	1200.63
102.902	1201.51
102.937	1201.51
102.967	1202.39
103.002	1203.26
103.037	1203.26
103.067	1204.14
103.102	1205
103.137	1205
103.167	1205.9
103.202	1206.78
103.237	1206.78
103.267	1207.66
103.302	1208.52
103.337	1208.52
103.367	1209.42
103.402	1210.29
103.437	1210.29
103.467	1211.17
103.502	1212.02
103.537	1212.02
103.567	1212.92
103.602	1217.5
103.637	1217.5
103.667	1222.29
103.702	1226.9
103.737	1226.9
103.767	1229.63
103.802	1229.63
103.837	1229.63
103.867	1229.63
103.902	1229.63
103.937	1229.63
103.967	1229.63
104.002	1229.63
104.037	1229.63
104.067	1229.63
104.102	1229.63
104.137	1229.63
104.167	1229.63
104.202	1229.63
104.237	1229.63
104.267	1229.63
104.302	1229.63
104.337	1229.63
104.367	1229.63
104.402	1229.63
104.437	1229.63
104.467	1229.63
104.502	1229.63
104.537	1229.63
104.567	1229.63
104.602	1229.63
104.637	1229.63
104.667	1229.63
104.702	1229.63
104.737	1229.63
104.767	1229.63
104.802	1229.63
104.837	1229.63
104.867	1229.63
104.902	1229.63
104.937	1229.63
104.967	1229.63
105.002	1229.63
105.037	1229.63
105.067	1229.63
105.102	1229.63
105.137	1229.63
105.167	1229.63
105.202	1229.63
105.237	1229.63
105.267	1229.63
105.302	1229.63
105.337	1229.63
105.367	1229.63
105.402	1229.63
105.437	1229.63
105.467	1229.63
105.502	1229.63
105.537	1229.63
105.567	1229.63
105.602	1229.63
105.637	1229.63
105.667	1229.63
105.702	1229.63
105.737	1229.63
105.767	1229.63
105.802	1229.63
105.837	1229.63
105.867	1229.63
105.902	1229.63
105.937	1229.63
105.967	1229.63
106.002	1229.63
106.037	1229.63
106.067	1229.63
106.102	1229.63
106.137	1229.63
106.167	1229.63
106.202	1229.63
106.237	1229.63
106.267	1229.63
106.302	1229.63
106.337	1229.63
106.367	1229.63
106.402	1229.63
106.437	1229.63
106.467	1229.63
106.502	1229.63
106.537	1229.63
106.567	1229.63
106.602	1229.63
106.637	1229.63
106.667	1229.63
106.702	1229.63
106.737	1229.63
106.767	1229.63
106.802	1229.63
106.837	1229.63
106.867	1229.63
106.902	1229.63
106.937	1229.63
106.967	1229.63
107.002	1229.63
107.037	1229.63
107.067	1229.63
107.102	1229.63
107.137	1229.63
107.167	1229.63
107.202	1229.63
107.237	1229.63
107.267	1229.63
107.302	1229.63
107.337	1229.63
107.367	1229.63
107.402	1229.63
107.437	1229.63
107.467	1229.63
107.502	1229.63
107.537	1229.63
107.567	1229.63
107.602	1229.63
107.637	1229.63
107.667	1229.63
107.702	1229.63
107.737	1229.63
107.767	1229.63
107.802	1229.63
107.837	1229.63
107.867	1229.63
107.902	1229.63
107.937	1229.63
107.967	1229.63
108.002	1229.63
108.037	1229.63
108.067	1229.63
108.102	1229.63
108.137	1229.63
108.167	1229.63
108.202	1229.63
108.237	1229.63
108.267	1229.63
108.302	1229.63
108.337	1229.63
108.367	1229.63
108.402	1229.63
108.437	1229.63
108.467	1229.63
108.502	1229.63
108.537	1229.63
108.567	1229.63
108.602	1229.63
108.637	1229.63
108.667	1229.63
108.702	1229.63
108.737	1229.63
108.767	1229.63
108.802	1229.63
108.837	1229.63
108.867	1229.63
108.902	1229.63
108.937	1229.63
108.967	1229.63
109.002	1229.63
109.037	1229.63
109.067	1229.63
109.102	1229.63
109.137	1229.63
109.167	1229.63
109.202	1229.63
109.237	1229.63
109.267	1229.63
109.302	1229.63
109.337	1229.63
109.367	1229.63
109.402	1229.63
109.437	1229.63
109.467	1229.63
109.502	1229.63
109.537	1229.63
109.567	1229.63
109.602	1229.63
109.637	1229.63
109.667	1229.63
109.702	1229.63
109.737	1229.63
109.767	1229.63
109.802	1229.63
109.837	1229.63
109.867	1229.63
109.902	1229.63
109.937	1229.63
109.967	1229.63
110.002	1229.63
110.037	1229.63
110.067	1229.63
110.102	1229.63
110.137	1229.63
110.167	1229.63
110.202	1229.63
110.237	1229.63
110.267	1229.63
110.302	1229.63
110.337	1229.63
110.367	1229.63
110.402	1229.63
110.437	1229.63
110.467	1229.63
110.502	1229.63
110.537	1229.63
110.567	1229.63
110.602	1229.63
110.637	1229.63
110.667	1229.63
110.702	1229.63
110.737	1229.63
110.767	1229.63
110.802	1229.63
110.837	1229.63
110.867	1229.63
110.902	1229.63
110.937	1229.63
110.967	1229.63
111.002	1229.63
111.037	1229.63
111.067	1229.63
111.102	1229.63
111.137	1229.63
111.167	1229.63
111.202	1229.63
111.237	1229.63
111.267	1229.63
111.302	1229.63
111.337	1229.63
111.367	1229.63
111.402	1229.63
111.437	1229.63
111.467	1229.63
111.502	1229.63
111.537	1229.63
111.567	1229.63
111.602	1229.63
111.637	1229.63
111.667	1229.63
111.702	1229.63
111.737	1229.63
111.767	1229.63
111.802	1229.63
111.837	1229.63
111.867	1229.63
111.902	1229.63
111.937	1229.63
111.967	1229.63
112.002	1229.63
112.037	1229.63
112.067	1229.63
112.102	1229.63
112.137	1229.63
112.167	1229.63
112.202	1229.63
112.237	1229.63
112.267	1229.63
112.302	1229.63
112.337	1229.63
112.367	1229.63
112.402	1229.63
112.437	1229.63
112.467	1229.63
112.502	1229.63
112.537	1229.63
112.567	1229.63
112.602	1229.63
112.637	1229.63
112.667	1229.63
112.702	1229.63
112.737	1229.63
112.767	1229.63
112.802	1229.63
112.837	1229.63
112.867	1229.63
112.902	1229.63
112.937	1229.63
112.967	1229.63
113.002	1229.63
113.037	1229.63
113.067	1229.63
113.102	1229.63
113.137	1229.63
113.167	1229.63
113.202	1229.63
113.237	1229.63
113.267	1229.63
113.302	1229.63
113.337	1229.63
113.367	1229.63
113.402	1229.63
113.437	1229.63
113.467	1229.63
113.502	1229.63
113.537	1229.63
113.567	1229.63
113.602	1229.63
113.637	1229.63
113.667	1229.63
113.702	1229.63
113.737	1229.63
113.767	1229.63
113.802	1229.63
113.837	1229.63
113.867	1229.63
113.902	1229.63
113.937	1229.63
113.967	1229.63
114.002	1229.63
114.037	1229.63
114.067	1229.63
114.102	1229.63
114.137	1229.63
114.167	1229.63
114.202	1229.63
114.237	1229.63
114.267	1229.63
114.302	1229.63
114.337	1229.63
114.367	1229.63
114.402	1229.63
114.437	1229.63
114.467	1229.63
114.502	1229.63
114.537	1229.63
114.567	1229.63
114.602	1229.63
114.637	1229.63
114.667	1229.63
114.702	1229.63
114.737	1229.63
114.767	1229.63
114.802	1229.63
114.837	1229.63
114.867	1229.63
114.902	1229.63
114.937	1229.63
114.967	1229.63
115.002	1229.63
115.037	1229.63
115.067	1229.63
115.102	1229.63
115.137	1229.63
115.167	1229.63
115.202	1229.63
115.237	1229.63
115.267	1229.63
115.302	1229.63
115.337	1229.63
115.367	1229.63
115.402	1229.63
115.437	1229.63
115.467	1229.63
115.502	1229.63
115.537	1229.63
115.567	1229.63
115.602	1229.63
115.637	1229.63
115.667	1229.63
115.702	1229.63
115.737	1229.63
115.767	1229.63
115.802	1229.63
115.837	1229.63
115.867	1229.63
115.902	1229.63
115.937	1229.63
115.967	1229.63
116.002	1229.63
116.037	1229.63
116.067	1229.63
116.102	1229.63
116.137	1229.63
116.167	1229.63
116.202	1229.63
116.237	1229.63
116.267	1229.63
116.302	1229.63
116.337	1229.63
116.367	1229.63
116.402	1229.63
116.437	1229.63
116.467	1229.63
116.502	1229.63
116.537	1229.63
116.567	1229.63
116.602	1229.63
116.637	1229.63
116.667	1229.63
116.702	1229.63
116.737	1229.63
116.767	1229.63
116.802	1229.63
116.837	1229.63
116.867	1229.63
116.902	1229.63
116.937	1229.63
116.967	1229.63
117.002	1229.63
117.037	1229.63
117.067	1229.63
117.102	1229.63
117.137	1229.63
117.167	1229.63
117.202	1229.63
117.237	1229.63
117.267	1229.63
117.302	1229.63
117.337	1229.63
117.367	1229.63
117.402	1229.63
117.437	1229.63
117.467	1229.63
117.502	1229.63
117.537	1229.63
117.567	1229.63
117.602	1229.63
117.637	1229.63
117.667	1229.63
117.702	1229.63
117.737	1229.63
117.767	1229.63
117.802	1229.63
117.837	1229.63
117.867	1229.63
117.902	1229.63
117.937	1229.63
117.967	1229.63
118.002	1229.63
118.037	1229.63
118.067	1229.63
118.102	1229.63
118.137	1229.63
118.167	1229.63
118.202	1229.63
118.237	1229.63
118.267	1229.63
118.302	1229.63
118.337	1229.63
118.367	1229.63
118.402	1229.63
118.437	1229.63
118.467	1229.63
118.502	1229.63
118.537	1229.63
118.567	1229.63
118.602	1229.63
118.637	1229.63
118.667	1229.63
118.702	1229.63
118.737	1229.63
118.767	1229.63
118.802	1229.63
118.837	1229.63
118.867	1229.63
118.902	1229.63
118.937	1229.63
118.967	1229.63
119.002	1229.63
119.037	1229.63
119.067	1229.63
119.102	1229.63
119.137	1229.63
119.167	1229.63
119.202	1229.63
119.237	1229.63
119.267	1229.63
119.302	1229.63
119.337	1229.63
119.367	1229.63
119.402	1229.63
119.437	1229.63
119.467	1229.63
119.502	1229.63
119.537	1229.63
119.567	1229.63
119.602	1229.63
119.637	1229.63
119.667	1229.63
119.702	1229.63
119.737	1229.63
119.767	1229.63
119.802	1229.63
119.837	1229.63
119.867	1229.63
119.902	1229.63
119.937	1229.63
119.967	1229.63
120.002	1229.63
120.037	1229.63
120.067	1229.63
120.102	1229.63
120.137	1229.63
120.167	1229.63
120.202	1229.63
120.237	1229.63
120.267	1229.63
120.302	1229.63
120.337	1229.63
120.367	1229.63
120.402	1229.63
120.437	1229.63
120.467	1229.63
120.502	1229.63
120.537	1229.63
120.567	1229.63
120.602	1229.63
120.637	1229.63
120.667	1229.63
120.702	1229.63
120.737	1229.63
120.767	1229.63
120.802	1229.63
120.837	1229.63
120.867	1229.63
120.902	1229.63
120.937	1229.63
120.967	1229.63
121.002	1229.63
121.037	1229.63
121.067	1229.63
121.102	1229.63
121.137	1229.63
121.167	1229.63
121.202	1229.63
121.237	1229.63
121.267	1229.63
121.302	1229.63
121.337	1229.63
121.367	1229.63
121.402	1229.63
121.437	1229.63
121.467	1229.63
121.502	1229.63
121.537	1229.63
121.567	1229.63
121.602	1229.63
121.637	1229.63
121.667	1229.63
121.702	1229.63
121.737	1229.63
121.767	1229.63
121.802	1229.63
121.837	1229.63
121.867	1229.63
121.902	1229.63
121.937	1229.63
121.967	1229.63
122.002	1229.63
122.037	1229.63
122.067	1229.63
122.102	1229.63
122.137	1229.63
122.167	1229.63
122.202	1229.63
122.237	1229.63
122.267	1229.63
122.302	1229.63
122.337	1229.63
122.367	1229.63
122.402	1229.63
122.437	1229.63
122.467	1229.63
122.502	1229.63
122.537	1229.63
122.567	1229.63
122.602	1229.63
122.637	1229.63
122.667	1229.63
122.702	1229.63
122.737	1229.63
122.767	1229.63
122.802	1229.63
122.837	1229.63
122.867	1229.63
122.902	1229.63
122.937	1229.63
122.967	1229.63
123.002	1229.63
123.037	1229.63
123.067	1229.63
123.102	1229.63
123.137	1229.63
123.167	1229.63
123.202	1229.63
123.237	1229.63
123.267	1229.63
123.302	1229.63
123.337	1229.63
123.367	1229.63
123.402	1229.63
123.437	1229.63
123.467	1229.63
123.502	1229.63
123.537	1229.63
123.567	1229.63
123.602	1229.63
123.637	1229.63
123.667	1229.63
123.702	1229.63
123.737	1229.63
123.767	1229.63
123.802	1229.63
123.837	1229.63
123.867	1229.63
123.902	1229.63
123.937	1229.63
123.967	1229.63
124.002	1229.63
124.037	1229.63
124.067	1229.63
124.102	1229.63
124.137	1229.63
124.167	1229.63
124.202	1229.63
124.237	1229.63
124.267	1229.63
124.302	1229.63
124.337	1229.63
124.367	1229.63
124.402	1229.63
124.437	1229.63
124.467	1229.63
124.502	1229.63
124.537	1229.63
124.567	1229.63
124.602	1229.63
124.637	1229.63
124.667	1229.63
124.702	1229.63
124.737	1229.63
124.767	1229.63
124.802	1229.63
124.837	1229.63
124.867	1229.63
124.902	1229.63
124.937	1229.63
124.967	1229.63
125.002	1229.63
125.037	1229.63
125.067	1229.63
125.102	1229.63
125.137	1229.63
125.167	1229.63
125.202	1229.63
125.237	1229.63
125.267	1229.63
125.302	1229.63
125.337	1229.63
125.367	1229.63
125.402	1229.63
125.437	1229.63
125.467	1229.63
125.502	1229.63
125.537	1229.63
125.567	1229.63
125.602	1229.63
125.637	1229.63
125.667	1229.63
125.702	1229.63
125.737	1229.63
125.767	1229.63
125.802	1229.63
125.837	1229.63
125.867	1229.63
125.902	1229.63
125.937	1229.63
125.967	1229.63
126.002	1229.63
126.037	1229.63
126.067	1229.63
126.102	1229.63
126.137	1229.63
126.167	1229.63
126.202	1229.63
126.237	1229.63
126.267	1229.63
126.302	1229.63
126.337	1229.63
126.367	1229.63
126.402	1229.63
126.437	1229.63
126.467	1229.63
126.502	1229.63
126.537	1229.63
126.567	1229.63
126.602	1229.63
126.637	1229.63
126.667	1229.63
126.702	1229.63
126.737	1229.63
126.767	1229.63
126.802	1229.63
126.837	1229.63
126.867	1229.63
126.902	1229.63
126.937	1229.63
126.967	1229.63
127.002	1229.63
127.037	1229.63
127.067	1229.63
127.102	1229.63
127.137	1229.63
127.167	1229.63
127.202	1229.63
127.237	1229.63
127.267	1229.63
127.302	1229.63
127.337	1229.63
127.367	1229.63
127.402	1229.63
127.437	1229.63
127.467	1229.63
127.502	1229.63
127.537	1229.63
127.567	1229.63
127.602	1229.63
127.637	1229.63
127.667	1229.63
127.702	1229.63
127.737	1229.63
127.767	1229.63
127.802	1229.63
127.837	1229.63
127.867	1229.63
127.902	1229.63
127.937	1229.63
127.967	1229.63
128.002	1229.63
128.037	1229.63
128.067	1229.63
128.102	1229.63
128.137	1229.63
128.167	1229.63
128.202	1229.63
128.237	1229.63
128.267	1229.63
128.302	1229.63
128.337	1229.63
128.367	1229.63
128.402	1229.63
128.437	1229.63
128.467	1229.63
128.502	1229.63
128.537	1229.63
128.567	1229.63
128.602	1229.63
128.637	1229.63
128.667	1229.63
128.702	1229.63
128.737	1229.63
128.767	1229.63
128.802	1229.63
128.837	1229.63
128.867	1229.63
128.902	1229.63
128.937	1229.63
128.967	1229.63
129.002	1229.63
129.037	1229.63
129.067	1229.63
129.102	1229.63
129.137	1229.63
129.167	1229.63
129.202	1229.63
129.237	1229.63
129.267	1229.63
129.302	1229.63
129.337	1229.63
129.367	1229.63
129.402	1229.63
129.437	1229.63
129.467	1229.63
129.502	1229.63
129.537	1229.63
129.567	1229.63
129.602	1229.63
129.637	1229.63
129.667	1229.63
129.702	1229.63
129.737	1229.63
129.767	1229.63
129.802	1229.63
129.837	1229.63
129.867	1229.63
129.902	1229.63
129.937	1229.63
129.967	1229.63
130.002	1229.63
130.037	1229.63
130.067	1229.63
130.102	1229.63
130.137	1229.63
130.167	1229.63
130.202	1229.63
130.237	1229.63
130.267	1229.63
130.302	1229.63
130.337	1229.63
130.367	1229.63
130.402	1229.63
130.437	1229.63
130.467	1229.63
130.502	1229.63
130.537	1229.63
130.567	1229.63
130.602	1229.63
130.637	1229.63
130.667	1229.63
130.702	1229.63
130.737	1229.63
130.767	1229.63
130.802	1229.63
130.837	1229.63
130.867	1229.63
130.902	1229.63
130.937	1229.63
130.967	1229.63
131.002	1229.63
131.037	1229.63
131.067	1229.63
131.102	1229.63
131.137	1229.63
131.167	1229.63
131.202	1229.63
131.237	1229.63
131.267	1229.63
131.302	1229.63
131.337	1229.63
131.367	1229.63
131.402	1229.63
131.437	1229.63
131.467	1229.63
131.502	1229.63
131.537	1229.63
131.567	1229.63
131.602	1229.63
131.637	1229.63
131.667	1229.63
131.702	1229.63
131.737	1229.63
131.767	1229.63
131.802	1229.63
131.837	1229.63
131.867	1229.63
131.902	1229.63
131.937	1229.63
131.967	1229.63
132.002	1229.63
132.037	1229.63
132.067	1229.63
132.102	1229.63
132.137	1229.63
132.167	1229.63
132.202	1229.63
132.237	1229.63
132.267	1229.63
132.302	1229.63
132.337	1229.63
132.367	1229.63
132.402	1229.63
132.437	1229.63
132.467	1229.63
132.502	1229.63
132.537	1229.63
132.567	1229.63
132.602	1229.63
132.637	1229.63
132.667	1229.63
132.702	1229.63
132.737	1229.63
132.767	1229.63
132.802	1229.63
132.837	1229.63
132.867	1229.63
132.902	1229.63
132.937	1229.63
132.967	1229.63
133.002	1229.63
133.037	1229.63
133.067	1229.63
133.102	1229.63
133.137	1229.63
133.167	1229.63
133.202	1229.63
133.237	1229.63
133.267	1229.63
133.302	1229.63
133.337	1229.63
133.367	1229.63
133.402	1229.63
133.437	1229.63
133.467	1229.63
133.502	1229.63
133.537	1229.63
133.567	1229.63
133.602	1229.63
133.637	1229.63
133.667	1229.63
133.702	1229.63
133.737	1229.63
133.767	1229.63
133.802	1229.63
133.837	949.332
133.867	949.332
133.902	950.332
133.937	950.332
133.967	954.069
134.002	957.674
134.037	957.674
134.067	961.44
134.102	965.073
134.137	965.073
134.167	968.868
134.202	972.529
134.237	972.529
134.267	972.529
134.302	972.529
134.337	972.529
134.367	972.529
134.402	973.529
134.437	973.529
134.467	977.358
134.502	981.051
134.537	981.051
134.567	984.909
134.602	988.63
134.637	988.63
134.667	992.518
134.702	996.268
134.737	996.268
134.767	1000.19
134.802	1003.97
134.837	1003.97
134.867	1007.91
134.902	1011.72
134.937	1011.72
134.967	1015.7
135.002	1019.54
135.037	1019.54
135.067	1023.55
135.102	1027.42
135.137	1027.42
135.167	1031.46
135.202	1035.35
135.237	1035.35
135.267	1039.43
135.302	1043.35
135.337	1043.35
135.367	1047.45
135.402	1051.41
135.437	1051.41
135.467	1055.55
135.502	1059.54
135.537	1059.54
135.567	1063.7
135.602	1067.72
135.637	1067.72
135.667	1071.92
135.702	1075.97
135.737	1075.97
135.767	1080.2
135.802	1084.28
135.837	1084.28
135.867	1088.55
135.902	1092.66
135.937	1092.66
135.967	1096.96
136.002	1101.1
136.037	1101.1
136.067	1105.43
136.102	1109.61
136.137	1109.61
136.167	1113.97
136.202	1118.18
136.237	1118.18
136.267	1122.58
136.302	1126.82
136.337	1126.82
136.367	1131.25
136.402	1135.53
136.437	1135.53
136.467	1139.99
136.502	1144.3
136.537	1144.3
136.567	1148.8
136.602	1153.14
136.637	1153.14
136.667	1157.67
136.702	1162.05
136.737	1162.05
136.767	1166.62
136.802	1171.03
136.837	1171.03
136.867	1175.63
136.902	1180.07
136.937	1180.07
136.967	1184.71
137.002	1189.19
137.037	1189.19
137.067	1193.87
137.102	1198.38
137.137	1198.38
137.167	1203.09
137.202	1207.64
137.237	1207.64
137.267	1212.39
137.302	1216.97
137.337	1216.97
137.367	1221.75
137.402	1226.37
137.437	1226.37
137.467	1229.63
137.502	1229.63
137.537	1229.63
137.567	1229.63
137.602	1229.63
137.637	1229.63
137.667	1229.63
137.702	1229.63
137.737	1229.63
137.767	1229.63
137.802	1229.63
137.837	1229.63
137.867	1229.63
137.902	1229.63
137.937	1229.63
137.967	1229.63
138.002	1229.63
138.037	1229.63
138.067	1229.63
138.102	1229.63
138.137	1229.63
138.167	1229.63
138.202	1229.63
138.237	1229.63
138.267	1229.63
138.302	1229.63
138.337	1229.63
138.367	1229.63
138.402	1229.63
138.437	1229.63
138.467	1229.63
138.502	1229.63
138.537	1229.63
138.567	1229.63
138.602	1229.63
138.637	1229.63
138.667	1229.63
138.702	1229.63
138.737	1229.63
138.767	1229.63
138.802	1229.63
138.837	1229.63
138.867	1229.63
138.902	1229.63
138.937	1229.63
138.967	1229.63
139.002	1229.63
139.037	1229.63
139.067	1229.63
139.102	1229.63
139.137	1229.63
139.167	1229.63
139.202	1229.63
139.237	1229.63
139.267	1229.63
139.302	1229.63
139.337	1229.63
139.367	1229.63
139.402	1229.63
139.437	1229.63
139.467	1229.63
139.502	1229.63
139.537	1229.63
139.567	1229.63
139.602	1229.63
139.637	1229.63
139.667	1229.63
139.702	1229.63
139.737	1229.63
139.767	1229.63
139.802	1229.63
139.837	1229.63
139.867	1229.63
139.902	1229.63
139.937	1229.63
139.967	1229.63
140.002	1229.63
140.037	1229.63
140.067	1229.63
140.102	1229.63
140.137	1229.63
140.167	1229.63
140.202	1229.63
140.237	1229.63
140.267	1229.63
140.302	1229.63
140.337	1229.63
140.367	1229.63
140.402	1229.63
140.437	1229.63
140.467	1229.63
140.502	1229.63
140.537	1229.63
140.567	1229.63
140.602	1229.63
140.637	1229.63
140.667	1229.63
140.702	1229.63
140.737	1229.63
140.767	1229.63
140.802	1229.63
140.837	1229.63
140.867	1229.63
140.902	1229.63
140.937	1229.63
140.967	1229.63
141.002	1229.63
141.037	1229.63
141.067	1229.63
141.102	1229.63
141.137	1229.63
141.167	1229.63
141.202	1229.63
141.237	1229.63
141.267	1229.63
141.302	1229.63
141.337	1229.63
141.367	1229.63
141.402	1229.63
141.437	1229.63
141.467	1229.63
141.502	1229.63
141.537	1229.63
141.567	1229.63
141.602	1229.63
141.637	1229.63
141.667	1229.63
141.702	1229.63
141.737	1229.63
141.767	1229.63
141.802	1229.63
141.837	1229.63
141.867	1229.63
141.902	1229.63
141.937	1229.63
141.967	1229.63
142.002	1229.63
142.037	1229.63
142.067	1229.63
142.102	1229.63
142.137	1229.63
142.167	1229.63
142.202	1229.63
142.237	1229.63
142.267	1229.63
142.302	1229.63
142.337	1229.63
142.367	1229.63
142.402	1229.63
142.437	1229.63
142.467	1229.63
142.502	1229.63
142.537	1229.63
142.567	1229.63
142.602	1229.63
142.637	1229.63
142.667	1229.63
142.702	1229.63
142.737	1229.63
142.767	1229.63
142.802	1229.63
142.837	1229.63
142.867	1229.63
142.902	1229.63
142.937	1229.63
142.967	1229.63
143.002	1229.63
143.037	1229.63
143.067	1229.63
143.102	1229.63
143.137	1229.63
143.167	1229.63
143.202	1229.63
143.237	1229.63
143.267	1229.63
143.302	1229.63
143.337	1229.63
143.367	1229.63
143.402	1229.63
143.437	1229.63
143.467	1229.63
143.502	1229.63
143.537	1229.63
143.567	1229.63
143.602	1229.63
143.637	1229.63
143.667	1229.63
143.702	1229.63
143.737	1229.63
143.767	1229.63
143.802	1229.63
143.837	1229.63
143.867	1229.63
143.902	1229.63
143.937	1229.63
143.967	1229.63
144.002	1229.63
144.037	1229.63
144.067	1229.63
144.102	1229.63
144.137	1229.63
144.167	1229.63
144.202	1229.63
144.237	1229.63
144.267	1229.63
144.302	1229.63
144.337	1229.63
144.367	1229.63
144.402	1229.63
144.437	1229.63
144.467	1229.63
144.502	1229.63
144.537	1229.63
144.567	1229.63
144.602	1229.63
144.637	1229.63
144.667	1229.63
144.702	1229.63
144.737	1229.63
144.767	1229.63
144.802	1229.63
144.837	1229.63
144.867	1229.63
144.902	1229.63
144.937	1229.63
144.967	1229.63
145.002	1229.63
145.037	1229.63
145.067	1229.63
145.102	1229.63
145.137	1229.63
145.167	1229.63
145.202	1229.63
145.237	1229.63
145.267	1229.63
145.302	1229.63
145.337	1229.63
145.367	1229.63
145.402	1229.63
145.437	1229.63
145.467	1229.63
145.502	1229.63
145.537	1229.63
145.567	1229.63
145.602	1229.63
145.637	1229.63
145.667	1229.63
145.702	1229.63
145.737	1229.63
145.767	1229.63
145.802	1229.63
145.837	1229.63
145.867	1229.63
145.902	1229.63
145.937	1229.63
145.967	1229.63
146.002	1229.63
146.037	1229.63
146.067	1229.63
146.102	1229.63
146.137	1229.63
146.167	1229.63
146.202	1229.63
146.237	1229.63
146.267	1229.63
146.302	1229.63
146.337	1229.63
146.367	1229.63
146.402	1229.63
146.437	1229.63
146.467	1229.63
146.502	1229.63
146.537	1229.63
146.567	1229.63
146.602	1229.63
146.637	1229.63
146.667	1229.63
146.702	1229.63
146.737	1229.63
146.767	1229.63
146.802	1229.63
146.837	1229.63
146.867	1229.63
146.902	1229.63
146.937	1229.63
146.967	1229.63
147.002	1229.63
147.037	1229.63
147.067	1229.63
147.102	1229.63
147.137	1229.63
147.167	1229.63
147.202	1229.63
147.237	1229.63
147.267	1229.63
147.302	1229.63
147.337	1229.63
147.367	1229.63
147.402	1229.63
147.437	1229.63
147.467	1229.63
147.502	1229.63
147.537	1229.63
147.567	1229.63
147.602	1229.63
147.637	1229.63
147.667	1229.63
147.702	1229.63
147.737	1229.63
147.767	1229.63
147.802	1229.63
147.837	1229.63
147.867	1229.63
147.902	1229.63
147.937	1229.63
147.967	1229.63
148.002	1229.63
148.037	1229.63
148.067	1229.63
148.102	1229.63
148.137	1229.63
148.167	1229.63
148.202	1229.63
148.237	1229.63
148.267	1229.63
148.302	1229.63
148.337	1229.63
148.367	1229.63
148.402	1229.63
148.437	1229.63
148.467	1229.63
148.502	1229.63
148.537	1229.63
148.567	1229.63
148.602	1229.63
148.637	1229.63
148.667	1229.63
148.702	1229.63
148.737	1229.63
148.767	1229.63
148.802	1229.63
148.837	1229.63
148.867	1229.63
148.902	1229.63
148.937	1229.63
148.967	1229.63
149.002	1229.63
149.037	1229.63
149.067	1229.63
149.102	1229.63
149.137	1229.63
149.167	1229.63
149.202	1229.63
149.237	1229.63
149.267	1229.63
149.302	1229.63
149.337	1229.63
149.367	1229.63
149.402	1229.63
149.437	1229.63
149.467	1229.63
149.502	1229.63
149.537	1229.63
149.567	1229.63
149.602	1229.63
149.637	1229.63
149.667	1229.63
149.702	1229.63
149.737	1229.63
149.767	1229.63
149.802	1229.63
149.837	1229.63
149.867	1229.63
149.902	1229.63
149.937	1229.63
149.967	1229.63
150.002	1229.63
150.037	1229.63
150.067	1229.63
150.102	1229.63
150.137	1229.63
150.167	1229.63
150.202	1229.63
150.237	1229.63
150.267	1229.63
150.302	1229.63
150.337	1229.63
150.367	1229.63
150.402	1229.63
150.437	1229.63
150.467	1229.63
150.502	1229.63
150.537	1229.63
150.567	1229.63
150.602	1229.63
150.637	1229.63
150.667	1229.63
150.702	1229.63
150.737	1229.63
150.767	1229.63
150.802	1229.63
150.837	1229.63
150.867	1229.63
150.902	1229.63
150.937	1229.63
150.967	1229.63
151.002	1229.63
151.037	1229.63
151.067	1229.63
151.102	1229.63
151.137	1229.63
151.167	1229.63
151.202	1229.63
151.237	1229.63
151.267	1229.63
151.302	1229.63
151.337	1229.63
151.367	1229.63
151.402	1229.63
151.437	1229.63
151.467	1229.63
151.502	1229.63
151.537	1229.63
151.567	1229.63
151.602	1229.63
151.637	1229.63
151.667	1229.63
151.702	1229.63
151.737	1229.63
151.767	1229.63
151.802	1229.63
151.837	1229.63
151.867	1229.63
151.902	1229.63
151.937	1229.63
151.967	1229.63
152.002	1229.63
152.037	1229.63
152.067	1229.63
152.102	1229.63
152.137	1229.63
152.167	1229.63
152.202	1229.63
152.237	1229.63
152.267	1229.63
152.302	1229.63
152.337	1229.63
152.367	1229.63
152.402	1229.63
152.437	1229.63
152.467	1229.63
152.502	1229.63
152.537	1229.63
152.567	1229.63
152.602	1229.63
152.637	1229.63
152.667	1229.63
152.702	1229.63
152.737	1229.63
152.767	1229.63
152.802	1229.63
152.837	1229.63
152.867	1229.63
152.902	1229.63
152.937	1229.63
152.967	1229.63
153.002	1229.63
153.037	1229.63
153.067	1229.63
153.102	1229.63
153.137	1229.63
153.167	1229.63
153.202	1229.63
153.237	1229.63
153.267	1229.63
153.302	1229.63
153.337	1229.63
153.367	1229.63
153.402	1229.63
153.437	1229.63
153.467	1229.63
153.502	1229.63
153.537	1229.63
153.567	1229.63
153.602	1229.63
153.637	1229.63
153.667	1229.63
153.702	1229.63
153.737	1229.63
153.767	1229.63
153.802	1229.63
153.837	1229.63
153.867	1229.63
153.902	1229.63
153.937	1229.63
153.967	1229.63
154.002	1229.63
154.037	1229.63
154.067	1229.63
154.102	1229.63
154.137	1229.63
154.167	1229.63
154.202	1229.63
154.237	1229.63
154.267	1229.63
154.302	1229.63
154.337	1229.63
154.367	1229.63
154.402	1229.63
154.437	1229.63
154.467	1229.63
154.502	1229.63
154.537	1229.63
154.567	1229.63
154.602	1229.63
154.637	1229.63
154.667	1229.63
154.702	1229.63
154.737	1229.63
154.767	1229.63
154.802	1229.63
154.837	1229.63
154.867	1229.63
154.902	1229.63
154.937	1229.63
154.967	1229.63
155.002	1229.63
155.037	1229.63
155.067	1229.63
155.102	1229.63
155.137	1229.63
155.167	1229.63
155.202	1229.63
155.237	1229.63
155.267	1229.63
155.302	1229.63
155.337	1229.63
155.367	1229.63
155.402	1229.63
155.437	1229.63
155.467	1229.63
155.502	1229.63
155.537	1229.63
155.567	1229.63
155.602	1229.63
155.637	1229.63
155.667	1229.63
155.702	1229.63
155.737	1229.63
155.767	1229.63
155.802	1229.63
155.837	1229.63
155.867	1229.63
155.902	1229.63
155.937	1229.63
155.967	1229.63
156.002	1229.63
156.037	1229.63
156.067	1229.63
156.102	1229.63
156.137	1229.63
156.167	1229.63
156.202	1229.63
156.237	1229.63
156.267	1229.63
156.302	1229.63
156.337	1229.63
156.367	1229.63
156.402	1229.63
156.437	1229.63
156.467	1229.63
156.502	1229.63
156.537	1229.63
156.567	1229.63
156.602	1229.63
156.637	1229.63
156.667	1229.63
156.702	1229.63
156.737	1229.63
156.767	1229.63
156.802	1229.63
156.837	1229.63
156.867	1229.63
156.902	1229.63
156.937	949.982
156.967	949.982
157.002	950.982
157.037	950.982
157.067	954.722
157.102	958.329
157.137	958.329
157.167	962.098
157.202	965.807
157.237	965.807
157.267	969.531
157.302	973.194
157.337	973.194
157.367	977.021
157.402	980.712
157.437	980.712
157.467	984.569
157.502	988.289
157.537	988.289
157.567	992.176
157.602	995.925
157.637	995.925
157.667	999.842
157.702	1003.62
157.737	1003.62
157.767	1003.62
157.802	1003.62
157.837	1003.62
157.867	1003.62
157.902	1003.62
157.937	1003.62
157.967	1004.62
158.002	1008.42
158.037	1008.42
158.067	1012.38
158.102	1016.21
158.137	1016.21
158.167	1020.2
158.202	1024.06
158.237	1024.06
158.267	1028.08
158.302	1031.97
158.337	1031.97
158.367	1036.03
158.402	1039.94
158.437	1039.94
158.467	1044.03
158.502	1047.98
158.537	1047.98
158.567	1052.1
158.602	1056.07
158.637	1056.07
158.667	1060.22
158.702	1064.23
158.737	1064.23
158.767	1068.42
158.802	1072.45
158.837	1072.45
158.867	1072.45
158.902	1072.45
158.937	819.34
158.967	819.34
159.002	819.34
159.037	819.34
159.067	819.34
159.102	820.34
159.137	820.34
159.167	821.381
159.202	822.379
159.237	822.379
159.267	823.418
159.302	824.418
159.337	824.418
159.367	825.46
159.402	826.462
159.437	826.462
159.467	827.507
159.502	828.512
159.537	828.512
159.567	828.512
159.602	828.512
159.637	828.512
159.667	828.512
159.702	828.512
159.737	828.512
159.767	828.512
159.802	828.512
159.837	828.512
159.867	829.56
159.902	830.567
159.937	830.567
159.967	831.617
160.002	832.627
160.037	832.627
160.067	833.679
160.102	834.692
160.137	834.692
160.167	835.747
160.202	836.762
160.237	836.762
160.267	837.82
160.302	838.843
160.337	838.843
160.367	839.908
160.402	840.933
160.437	840.933
160.467	842.001
160.502	843.033
160.537	843.033
160.567	844.109
160.602	845.148
160.637	845.148
160.667	846.231
160.702	847.277
160.737	847.277
160.767	848.368
160.802	849.422
160.837	849.422
160.867	850.521
160.902	851.577
160.937	851.577
160.967	852.678
161.002	853.737
161.037	853.737
161.067	854.841
161.102	855.903
161.137	855.903
161.167	857.01
161.202	858.075
161.237	858.075
161.267	859.185
161.302	860.252
161.337	860.252
161.367	861.365
161.402	862.435
161.437	862.435
161.467	863.55
161.502	864.623
161.537	864.623
161.567	865.462
161.602	866.269
161.637	866.269
161.667	867.109
161.702	867.917
161.737	867.917
161.767	868.759
161.802	869.568
161.837	869.568
161.867	870.411
161.902	871.222
161.937	871.222
161.967	872.067
162.002	872.88
162.037	872.88
162.067	873.722
162.102	874.532
162.137	874.532
162.167	875.372
162.202	876.18
162.237	876.18
162.267	877.018
162.302	877.824
162.337	877.824
162.367	878.664
162.402	879.471
162.437	879.471
162.467	880.308
162.502	881.113
162.537	881.113
162.567	881.948
162.602	882.752
162.637	882.752
162.667	883.589
162.702	884.394
162.737	884.394
162.767	885.229
162.802	886.032
162.837	886.032
162.867	886.865
162.902	887.666
162.937	887.666
162.967	888.497
163.002	889.296
163.037	889.296
163.067	890.128
163.102	890.924
163.137	890.924
163.167	891.754
163.202	892.549
163.237	892.549
163.267	893.377
163.302	894.173
163.337	894.173
163.367	895.003
163.402	895.8
163.437	895.8
163.467	896.631
163.502	897.43
163.537	897.43
163.567	898.262
163.602	899.063
163.637	899.063
163.667	899.897
163.702	900.703
163.737	900.703
163.767	901.542
163.802	902.352
163.837	902.352
163.867	903.196
163.902	904.008
163.937	904.008
163.967	904.854
164.002	905.671
164.037	905.671
164.067	906.523
164.102	907.345
164.137	907.345
164.167	908.201
164.202	909.025
164.237	909.025
164.267	909.883
164.302	910.705
164.337	910.705
164.367	911.561
164.402	912.384
164.437	912.384
164.467	913.242
164.502	914.066
164.537	914.066
164.567	914.925
164.602	915.751
164.637	915.751
164.667	916.612
164.702	917.44
164.737	917.44
164.767	918.302
164.802	919.131
164.837	919.131
164.867	919.995
164.902	920.825
164.937	920.825
164.967	921.69
165.002	922.518
165.037	922.518
165.067	923.381
165.102	924.224
165.137	924.224
165.167	925.068
165.202	925.913
165.237	925.913
165.267	926.759
165.302	927.601
165.337	927.601
165.367	928.444
165.402	929.284
165.437	929.284
165.467	930.125
165.502	930.967
165.537	930.967
165.567	931.81
165.602	932.654
165.637	932.654
165.667	933.499
165.702	934.345
165.737	934.345
165.767	934.345
165.802	934.345
165.837	934.345
165.867	934.345
165.902	934.345
165.937	934.345
165.967	935.198
166.002	936.056
166.037	936.056
166.067	936.914
166.102	937.777
166.137	937.777
166.167	938.641
166.202	939.51
166.237	939.51
166.267	940.38
166.302	941.251
166.337	941.251
166.367	942.126
166.402	943.001
166.437	943.001
166.467	943.877
166.502	944.754
166.537	944.754
166.567	945.632
166.602	946.507
166.637	946.507
166.667	946.507
166.702	948.259
166.737	948.259
166.767	949.137
166.802	950.016
166.837	950.016
166.867	950.895
166.902	951.775
166.937	951.775
166.967	952.656
167.002	953.537
167.037	953.537
167.067	954.419
167.102	955.298
167.137	955.298
167.167	956.178
167.202	957.055
167.237	957.055
167.267	957.933
167.302	958.808
167.337	958.808
167.367	959.684
167.402	960.557
167.437	960.557
167.467	961.431
167.502	962.284
167.537	962.284
167.567	963.172
167.602	964.04
167.637	964.04
167.667	964.909
167.702	965.758
167.737	965.758
167.767	966.642
167.802	970.369
167.837	970.369
167.867	974.11
167.902	977.866
167.937	977.866
167.967	981.636
168.002	981.636
168.037	981.636
168.067	981.636
168.102	981.636
168.137	981.636
168.167	981.636
168.202	981.636
168.237	981.636
168.267	982.636
168.302	986.425
168.337	986.425
168.367	990.228
168.402	994.046
168.437	994.046
168.467	997.879
168.502	1001.73
168.537	1001.73
168.567	1005.59
168.602	1009.47
168.637	1009.47
168.667	1013.36
168.702	1017.26
168.737	1017.26
168.767	1021.19
168.802	1025.12
168.837	1025.12
168.867	1029.07
168.902	1033.04
168.937	1033.04
168.967	1037.03
169.002	1041.02
169.037	1041.02
169.067	1045.04
169.102	1049.07
169.137	1049.07
169.167	1053.11
169.202	1053.11
169.237	1053.11
169.267	1053.11
169.302	1065.34
169.337	1065.34
169.367	1069.45
169.402	1073.57
169.437	1073.57
169.467	1077.71
169.502	1081.86
169.537	1081.86
169.567	1086.04
169.602	1090.22
169.637	1090.22
169.667	1094.43
169.702	1098.65
169.737	1098.65
169.767	1102.88
169.802	1107.13
169.837	1107.13
169.867	1111.4
169.902	1115.69
169.937	1115.69
169.967	1119.99
170.002	1124.31
170.037	1124.31
170.067	1128.64
170.102	1132.99
170.137	1132.99
170.167	1137.36
170.202	1138.36
170.237	1138.36
170.267	1138.36
170.302	1141.74
170.337	1141.74
170.367	1141.74
170.402	1141.74
170.437	1141.74
170.467	1142.74
170.502	1147.15
170.537	1147.15
170.567	1151.57
170.602	1156.01
170.637	1156.01
170.667	1160.47
170.702	1164.94
170.737	1164.94
170.767	1169.44
170.802	1173.94
170.837	1173.94
170.867	1178.47
170.902	1183.02
170.937	1183.02
170.967	1187.58
171.002	1192.16
171.037	1192.16
171.067	1196.75
171.102	1201.36
171.137	1201.36
171.167	1206
171.202	1210.65
171.237	1210.65
171.267	1215.31
171.302	1220
171.337	1220
171.367	1220
171.402	1220
171.437	969.927
171.467	969.927
171.502	969.927
171.537	969.927
171.567	969.927
171.602	970.832
171.637	970.832
171.667	971.734
171.702	972.637
171.737	972.637
171.767	972.637
171.802	972.637
171.837	972.637
171.867	972.637
171.902	972.637
171.937	972.637
171.967	972.637
172.002	972.637
172.037	972.637
172.067	973.553
172.102	974.47
172.137	974.47
172.167	975.392
172.202	976.315
172.237	976.315
172.267	977.243
172.302	978.172
172.337	978.172
172.367	979.106
172.402	980.041
172.437	980.041
172.467	980.981
172.502	981.922
172.537	981.922
172.567	982.869
172.602	983.817
172.637	983.817
172.667	984.77
172.702	985.724
172.737	985.724
172.767	986.683
172.802	987.643
172.837	987.643
172.867	988.609
172.902	989.58
172.937	989.58
172.967	990.557
173.002	991.539
173.037	991.539
173.067	992.527
173.102	993.521
173.137	993.521
173.167	994.52
173.202	995.52
173.237	995.52
173.267	996.531
173.302	997.543
173.337	997.543
173.367	998.556
173.402	999.57
173.437	999.57
173.467	1000.59
173.502	1001.6
173.537	1001.6
173.567	1002.62
173.602	1003.64
173.637	1003.64
173.667	1004.66
173.702	1005.68
173.737	1005.68
173.767	1006.7
173.802	1007.72
173.837	1007.72
173.867	1008.75
173.902	1009.77
173.937	1009.77
173.967	1010.8
174.002	1011.83
174.037	1011.83
174.067	1012.85
174.102	1013.88
174.137	1013.88
174.167	1014.91
174.202	1015.94
174.237	1015.94
174.267	1016.97
174.302	1018.01
174.337	1018.01
174.367	1019.04
174.402	1020.08
174.437	1020.08
174.467	1021.12
174.502	1022.15
174.537	1022.15
174.567	1023.19
174.602	1024.23
174.637	1024.23
174.667	1025.27
174.702	1026.31
174.737	1026.31
174.767	1027.36
174.802	1028.4
174.837	1028.4
174.867	1029.44
174.902	1030.49
174.937	1030.49
174.967	1031.54
175.002	1032.58
175.037	1032.58
175.067	1033.63
175.102	1034.68
175.137	1034.68
175.167	1035.73
175.202	1036.79
175.237	1036.79
175.267	1037.84
175.302	1038.89
175.337	1038.89
175.367	1039.95
175.402	1041
175.437	1041
175.467	1042.06
175.502	1043.11
175.537	1043.11
175.567	1044.16
175.602	1045.21
175.637	1045.21
175.667	1046.26
175.702	1047.31
175.737	1047.31
175.767	1048.35
175.802	1049.39
175.837	1049.39
175.867	1050.43
175.902	1051.47
175.937	1051.47
175.967	1052.51
176.002	1053.55
176.037	1053.55
176.067	1054.58
176.102	1055.62
176.137	1055.62
176.167	1056.65
176.202	1057.69
176.237	1057.69
176.267	1058.71
176.302	1059.74
176.337	1059.74
176.367	1060.77
176.402	1061.8
176.437	1061.8
176.467	1062.82
176.502	1063.85
176.537	1063.85
176.567	1064.87
176.602	1065.89
176.637	1065.89
176.667	1066.91
176.702	1067.93
176.737	1067.93
176.767	1068.94
176.802	1069.96
176.837	1069.96
176.867	1070.97
176.902	1071.99
176.937	1071.99
176.967	1073
177.002	1074.02
177.037	1074.02
177.067	1075.03
177.102	1076.05
177.137	1076.05
177.167	1077.07
177.202	1078.09
177.237	1078.09
177.267	1079.11
177.302	1080.13
177.337	1080.13
177.367	1081.15
177.402	1082.18
177.437	1082.18
177.467	1083.2
177.502	1084.22
177.537	1084.22
177.567	1085.25
177.602	1086.28
177.637	1086.28
177.667	1087.31
177.702	1088.34
177.737	1088.34
177.767	1089.37
177.802	1090.4
177.837	1090.4
177.867	1091.43
177.902	1092.46
177.937	1092.46
177.967	1093.5
178.002	1094.53
178.037	1094.53
178.067	1095.57
178.102	1096.61
178.137	1096.61
178.167	1097.65
178.202	1098.68
178.237	1098.68
178.267	1099.72
178.302	1100.77
178.337	1100.77
178.367	1101.81
178.402	1102.85
178.437	1102.85
178.467	1103.89
178.502	1104.92
178.537	1104.92
178.567	1105.99
178.602	1107.03
178.637	1107.03
178.667	1108.1
178.702	1109.13
178.737	1109.13
178.767	1110.21
178.802	1111.24
178.837	1111.24
178.867	1112.32
178.902	1113.36
178.937	1113.36
178.967	1114.44
179.002	1115.48
179.037	1115.48
179.067	1116.56
179.102	1117.6
179.137	1117.6
179.167	1118.68
179.202	1119.72
179.237	1119.72
179.267	1120.81
179.302	1121.85
179.337	1121.85
179.367	1122.94
179.402	1123.99
179.437	1123.99
179.467	1125.08
179.502	1126.13
179.537	1126.13
179.567	1127.22
179.602	1128.27
179.637	1128.27
179.667	1129.36
179.702	1130.42
179.737	1130.42
179.767	1131.51
179.802	1132.57
179.837	1132.57
179.867	1133.67
179.902	1134.72
179.937	1134.72
179.967	1135.82
180.002	1136.88
180.037	1136.88
180.067	1137.98
180.102	1139.05
180.137	1139.05
180.167	1140.15
180.202	1141.21
180.237	1141.21
180.267	1142.32
180.302	1143.39
180.337	1143.39
180.367	1144.49
180.402	1145.56
180.437	1145.56
180.467	1146.67
180.502	1147.74
180.537	1147.74
180.567	1148.85
180.602	1149.93
180.637	1149.93
180.667	1151.04
180.702	1152.11
180.737	1152.11
180.767	1153.23
180.802	1154.09
180.837	1154.09
180.867	1154.99
180.902	1155.85
180.937	1155.85
180.967	1156.74
181.002	1157.61
181.037	1157.61
181.067	1158.5
181.102	1159.37
181.137	1159.37
181.167	1160.27
181.202	1161.13
181.237	1161.13
181.267	1162.03
181.302	1166.42
181.337	1166.42
181.367	1171.01
181.402	1175.43
181.437	1175.43
181.467	1180.06
181.502	1184.52
181.537	1184.52
181.567	1189.17
181.602	1193.67
181.637	1193.67
181.667	1198.36
181.702	1202.89
181.737	1202.89
181.767	1207.62
181.802	1212.18
181.837	1212.18
181.867	1216.95
181.902	1221.55
181.937	1221.55
181.967	1226.35
182.002	1229.63
182.037	1229.63
182.067	1229.63
182.102	1229.63
182.137	1229.63
182.167	1229.63
182.202	1229.63
182.237	1229.63
182.267	1229.63
182.302	1229.63
182.337	1229.63
182.367	1229.63
182.402	1229.63
182.437	1229.63
182.467	1229.63
182.502	1229.63
182.537	1229.63
182.567	1229.63
182.602	1229.63
182.637	1229.63
182.667	1229.63
182.702	1229.63
182.737	1229.63
182.767	1229.63
182.802	1229.63
182.837	1229.63
182.867	1229.63
182.902	1229.63
182.937	1229.63
182.967	1229.63
183.002	1229.63
183.037	1229.63
183.067	1229.63
183.102	1229.63
183.137	1229.63
183.167	1229.63
183.202	1229.63
183.237	1229.63
183.267	1229.63
183.302	1229.63
183.337	1229.63
183.367	1229.63
183.402	1229.63
183.437	1229.63
183.467	1229.63
183.502	1229.63
183.537	1229.63
183.567	1229.63
183.602	1229.63
183.637	1229.63
183.667	1229.63
183.702	1229.63
183.737	1229.63
183.767	1229.63
183.802	1229.63
183.837	1229.63
183.867	1229.63
183.902	1229.63
183.937	1229.63
183.967	1229.63
184.002	1229.63
184.037	1229.63
184.067	1229.63
184.102	1229.63
184.137	1229.63
184.167	1229.63
184.202	1229.63
184.237	1229.63
184.267	1229.63
184.302	1229.63
184.337	1229.63
184.367	1229.63
184.402	1229.63
184.437	1229.63
184.467	1229.63
184.502	1229.63
184.537	1229.63
184.567	1229.63
184.602	1229.63
184.637	1229.63
184.667	1229.63
184.702	1229.63
184.737	1229.63
184.767	1229.63
184.802	1229.63
184.837	1229.63
184.867	1229.63
184.902	1229.63
184.937	1229.63
184.967	1229.63
185.002	1229.63
185.037	1229.63
185.067	1229.63
185.102	1229.63
185.137	1229.63
185.167	1229.63
185.202	1229.63
185.237	1229.63
185.267	1229.63
185.302	1229.63
185.337	1229.63
185.367	1229.63
185.402	1229.63
185.437	1229.63
185.467	1229.63
185.502	1229.63
185.537	1229.63
185.567	1229.63
185.602	1229.63
185.637	1229.63
185.667	1229.63
185.702	1229.63
185.737	1229.63
185.767	1229.63
185.802	1229.63
185.837	1229.63
185.867	1229.63
185.902	1229.63
185.937	1229.63
185.967	1229.63
186.002	1229.63
186.037	1229.63
186.067	1229.63
186.102	1229.63
186.137	1229.63
186.167	1229.63
186.202	1229.63
186.237	1229.63
186.267	1229.63
186.302	1229.63
186.337	1229.63
186.367	1229.63
186.402	1229.63
186.437	1229.63
186.467	1229.63
186.502	1229.63
186.537	1229.63
186.567	1229.63
186.602	1229.63
186.637	1229.63
186.667	1229.63
186.702	1229.63
186.737	1229.63
186.767	1229.63
186.802	1229.63
186.837	1229.63
186.867	1229.63
186.902	1229.63
186.937	1229.63
186.967	1229.63
187.002	1229.63
187.037	1229.63
187.067	1229.63
187.102	1229.63
187.137	1229.63
187.167	1229.63
187.202	1229.63
187.237	1229.63
187.267	1229.63
187.302	1229.63
187.337	1229.63
187.367	1229.63
187.402	1229.63
187.437	1229.63
187.467	1229.63
187.502	1229.63
187.537	1229.63
187.567	1229.63
187.602	1229.63
187.637	1229.63
187.667	1229.63
187.702	1229.63
187.737	1229.63
187.767	1229.63
187.802	1229.63
187.837	1229.63
187.867	1229.63
187.902	1229.63
187.937	1229.63
187.967	1229.63
188.002	1229.63
188.037	1229.63
188.067	1229.63
188.102	1229.63
188.137	1229.63
188.167	1229.63
188.202	1229.63
188.237	1229.63
188.267	1229.63
188.302	1229.63
188.337	1229.63
188.367	1229.63
188.402	1229.63
188.437	1229.63
188.467	1229.63
188.502	1229.63
188.537	1229.63
188.567	1229.63
188.602	1229.63
188.637	1229.63
188.667	1229.63
188.702	1229.63
188.737	1229.63
188.767	1229.63
188.802	1229.63
188.837	1229.63
188.867	1229.63
188.902	1229.63
188.937	1229.63
188.967	1229.63
189.002	1229.63
189.037	1229.63
189.067	1229.63
189.102	1229.63
189.137	1229.63
189.167	1229.63
189.202	1229.63
189.237	1229.63
189.267	1229.63
189.302	1229.63
189.337	1229.63
189.367	1229.63
189.402	1229.63
189.437	1229.63
189.467	1229.63
189.502	1229.63
189.537	1229.63
189.567	1229.63
189.602	1229.63
189.637	1229.63
189.667	1229.63
189.702	1229.63
189.737	1229.63
189.767	1229.63
189.802	1229.63
189.837	1229.63
189.867	1229.63
189.902	1229.63
189.937	1229.63
189.967	1229.63
190.002	1229.63
190.037	1229.63
190.067	1229.63
190.102	1229.63
190.137	1229.63
190.167	1229.63
190.202	1229.63
190.237	1229.63
190.267	1229.63
190.302	1229.63
190.337	1229.63
190.367	1229.63
190.402	1229.63
190.437	1229.63
190.467	1229.63
190.502	1229.63
190.537	1229.63
190.567	1229.63
190.602	1229.63
190.637	1229.63
190.667	1229.63
190.702	1229.63
190.737	1229.63
190.767	1229.63
190.802	1229.63
190.837	1229.63
190.867	1229.63
190.902	1229.63
190.937	1229.63
190.967	1229.63
190.997	1229.63
191.027	1229.63
191.067	1229.63
191.102	1229.63
191.137	1229.63
191.167	1229.63
191.202	1229.63
191.237	1229.63
191.267	1229.63
191.302	1229.63
191.337	1229.63
191.367	1229.63
191.402	1229.63
191.437	1229.63
191.467	1229.63
191.502	1229.63
191.537	1229.63
191.567	1229.63
191.602	1229.63
191.637	1229.63
191.667	1229.63
191.702	1229.63
191.737	1229.63
191.767	1229.63
191.802	1229.63
191.837	1229.63
191.867	1229.63
191.902	1229.63
191.937	1229.63
191.967	1229.63
192.002	1229.63
192.037	1229.63
192.067	1229.63
192.102	1229.63
192.137	1229.63
192.167	1229.63
192.202	1229.63
192.237	1229.63
192.267	1229.63
192.302	1229.63
192.337	1229.63
192.367	1229.63
192.402	1229.63
192.437	1229.63
192.467	1229.63
192.502	1229.63
192.537	1229.63
192.567	1229.63
192.602	1229.63
192.637	1229.63
192.667	1229.63
192.702	1229.63
192.737	1229.63
192.767	1229.63
192.802	1229.63
192.837	1229.63
192.867	1229.63
192.902	1229.63
192.937	1229.63
192.967	1229.63
193.002	1229.63
193.037	1229.63
193.067	1229.63
193.102	1229.63
193.137	1229.63
193.167	1229.63
193.202	1229.63
193.237	1229.63
193.267	1229.63
193.302	1229.63
193.337	1229.63
193.367	1229.63
193.402	1229.63
193.437	1229.63
193.467	1229.63
193.502	1229.63
193.527	1229.63
193.567	1229.63
193.602	1229.63
193.637	1229.63
193.667	1229.63
193.702	1229.63
193.737	1229.63
193.767	1229.63
193.802	1229.63
193.837	1229.63
193.867	1229.63
193.902	1229.63
193.937	1229.63
193.967	1229.63
194.002	1229.63
194.037	1229.63
194.067	1229.63
194.102	1229.63
194.137	1229.63
194.167	1229.63
194.202	1229.63
194.237	1229.63
194.267	1229.63
194.302	1229.63
194.337	1229.63
194.367	1229.63
194.402	1229.63
194.437	1229.63
194.467	1229.63
194.502	1229.63
194.537	1229.63
194.567	1229.63
194.602	1229.63
194.637	1229.63
194.667	1229.63
194.702	1229.63
194.737	1229.63
194.767	1229.63
194.802	1229.63
194.837	1229.63
194.867	1229.63
194.902	1229.63
194.937	1229.63
194.967	1229.63
195.002	1229.63
195.037	1229.63
195.067	1229.63
195.102	1229.63
195.137	1229.63
195.167	1229.63
195.202	1229.63
195.237	1229.63
195.267	1229.63
195.302	1229.63
195.337	1229.63
195.367	1229.63
195.402	1229.63
195.437	1229.63
195.467	1229.63
195.502	1229.63
195.537	1229.63
195.567	1229.63
195.602	1229.63
195.637	1229.63
195.667	1229.63
195.702	1229.63
195.727	1229.63
195.767	1229.63
195.802	1229.63
195.837	1229.63
195.867	1229.63
195.902	1229.63
195.937	1229.63
195.967	1229.63
196.002	1229.63
196.037	1229.63
196.067	1229.63
196.102	1229.63
196.137	1229.63
196.167	1229.63
196.202	1229.63
196.227	1229.63
196.267	1229.63
196.302	1229.63
196.337	1229.63
196.367	1229.63
196.402	1229.63
196.437	1229.63
196.467	1229.63
196.502	1229.63
196.537	1229.63
196.567	1229.63
196.602	1229.63
196.637	1229.63
196.667	1229.63
196.702	1229.63
196.737	1229.63
196.767	1229.63
196.802	1229.63
196.837	1229.63
196.867	1229.63
196.902	1229.63
196.937	1229.63
196.967	1229.63
197.002	1229.63
197.037	1229.63
197.067	1229.63
197.102	1229.63
197.137	1229.63
197.167	1229.63
197.202	1229.63
197.237	1229.63
197.267	1229.63
197.302	1229.63
197.337	1229.63
197.367	1229.63
197.402	1229.63
197.437	1229.63
197.467	1229.63
197.502	1229.63
197.537	1229.63
197.567	1229.63
197.602	1229.63
197.637	1229.63
197.667	1229.63
197.702	1229.63
197.737	1229.63
197.767	1229.63
197.802	1229.63
197.837	1229.63
197.867	1229.63
197.902	1229.63
197.937	1229.63
197.967	1229.63
198.002	1229.63
198.037	1229.63
198.067	1229.63
198.102	1229.63
198.137	1229.63
198.167	1229.63
198.202	1229.63
198.237	1229.63
198.267	1229.63
198.302	1229.63
198.337	1229.63
198.367	1229.63
198.402	1229.63
198.437	1229.63
198.467	1229.63
198.502	1229.63
198.537	1229.63
198.567	1229.63
198.602	1229.63
198.637	1229.63
198.667	1229.63
198.702	1229.63
198.737	1229.63
198.767	1229.63
198.802	1229.63
198.837	1229.63
198.867	1229.63
198.902	1229.63
198.937	1229.63
198.967	1229.63
199.002	1229.63
199.037	1229.63
199.067	1229.63
199.102	1229.63
199.137	1229.63
199.167	1229.63
199.202	1229.63
199.237	1229.63
199.267	1229.63
199.302	1229.63
199.337	1229.63
199.367	1229.63
199.402	1229.63
199.437	1229.63
199.467	1229.63
199.502	1229.63
199.537	1229.63
199.567	1229.63
199.602	1229.63
199.637	1229.63
199.667	1229.63
199.702	1229.63
199.737	1229.63
199.767	1229.63
199.802	1229.63
199.837	1229.63
199.867	1229.63
199.902	1229.63
199.937	1229.63
199.967	1229.63
