80.066	32
80.1	52
80.134	58
80.169	57
80.221	49
80.279	42
80.322	50
80.347	45
80.387	50
80.432	60
80.467	60
80.493	56
80.525	53
80.551	51
80.59	53
80.629	57
80.664	57
80.692	55
80.728	56
80.762	55
80.787	50
80.826	54
80.86	53
80.896	54
80.932	55
80.976	39
81.013	41
81.048	41
81.073	36
81.11	38
81.136	34
81.173	36
81.21	38
81.236	34
81.273	36
81.31	38
81.336	34
81.373	36
81.411	39
81.436	34
81.473	36
81.511	39
81.536	34
81.573	36
81.611	39
81.636	34
81.673	36
81.712	40
81.747	42
81.773	36
81.812	40
81.849	42
81.875	38
81.913	41
81.95	43
81.976	39
82.013	41
82.05	43
82.075	38
82.101	34
82.129	52
82.175	38
82.215	43
82.252	45
82.278	41
82.316	44
82.353	46
82.379	42
82.417	45
82.454	47
82.48	43
82.518	46
82.555	48
82.581	44
82.618	46
82.643	41
82.68	43
82.719	47
82.744	42
82.781	44
82.82	48
82.858	51
82.884	47
82.921	49
82.946	44
82.983	46
83.023	51
83.06	53
83.086	49
83.124	52
83.161	54
83.187	50
83.225	53
83.262	55
83.288	51
83.326	54
83.363	56
83.389	52
83.425	53
83.463	56
83.489	52
83.528	56
83.566	59
83.592	55
83.626	54
83.663	56
83.689	52
83.73	58
83.762	57
83.788	51
83.827	55
83.853	51
83.889	52
83.928	56
83.965	58
83.991	54
84.026	54
84.052	50
84.087	50
84.128	56
84.163	56
84.189	52
84.228	56
84.253	51
84.288	51
84.327	55
84.362	55
84.387	50
84.428	56
84.463	56
84.488	51
84.525	53
84.55	48
84.586	49
84.625	53
84.661	54
84.686	49
84.724	52
84.761	54
84.786	49
84.823	51
84.859	52
84.885	48
84.921	49
84.958	51
84.983	46
85.02	48
85.057	50
85.082	45
85.107	57
85.134	57
85.161	54
85.195	53
85.221	49
85.246	44
85.28	43
85.319	47
85.347	45
85.38	43
85.419	47
85.447	45
85.481	44
85.52	48
85.548	46
85.582	45
85.621	49
85.649	47
85.683	46
85.723	51
85.749	49
85.784	47
85.824	52
85.852	50
85.886	49
85.925	53
85.953	51
85.98	55
86.025	53
86.053	51
86.087	50
86.128	56
86.154	52
86.184	47
86.224	52
86.255	53
86.284	47
86.324	52
86.352	50
86.389	52
86.426	54
86.454	52
86.488	51
86.527	55
86.555	53
86.59	53
86.627	55
86.655	53
86.686	49
86.729	57
86.755	53
86.782	45
86.821	49
86.85	48
86.877	60
86.907	65
86.941	64
86.966	59
86.999	57
87.026	54
87.055	53
87.084	47
87.122	50
87.149	47
87.186	49
87.224	52
87.251	49
87.283	46
87.32	48
87.347	45
87.377	42
87.416	44
87.443	41
87.475	38
87.513	41
87.54	38
87.573	36
87.611	39
87.638	36
87.673	36
87.711	39
87.738	36
87.773	36
87.811	39
87.838	36
87.864	39
87.889	47
87.926	49
87.954	47
87.987	45
88.012	40
88.039	37
88.073	36
88.112	40
88.139	37
88.173	36
88.212	40
88.24	38
88.273	36
88.312	40
88.34	38
88.374	37
88.416	44
88.443	41
88.477	40
88.519	47
88.546	44
88.58	43
88.622	50
88.649	47
88.683	46
88.723	51
88.752	50
88.783	46
88.823	51
88.852	50
88.886	49
88.926	54
88.953	51
88.989	52
89.028	56
89.066	59
89.102	60
89.13	58
89.156	54
89.184	47
89.224	52
89.25	58
89.276	69
89.303	61
89.328	56
89.353	51
89.392	55
89.429	57
89.455	53
89.49	53
89.528	56
89.556	54
89.585	48
89.627	55
89.655	53
89.688	51
89.725	53
89.752	50
89.786	49
89.827	55
89.852	50
89.884	47
89.921	49
89.946	44
89.982	45
90.022	50
90.047	45
90.079	42
90.118	46
90.143	41
90.175	38
90.214	42
90.239	37
90.273	36
90.312	40
90.338	36
90.373	36
90.411	39
90.438	36
90.473	36
90.511	39
90.539	37
90.573	36
90.612	40
90.639	37
90.673	36
90.712	40
90.74	38
90.774	37
90.815	43
90.842	40
90.876	39
90.918	46
90.945	43
90.979	42
91.02	48
91.048	46
91.082	45
91.124	52
91.151	49
91.184	47
91.211	51
91.24	63
91.269	62
91.301	59
91.327	55
91.352	50
91.385	48
91.412	57
91.441	64
91.47	63
91.507	65
91.541	64
91.57	63
91.601	59
91.63	58
91.656	54
91.685	48
91.726	54
91.756	54
91.793	56
91.826	54
91.855	53
91.891	54
91.916	56
91.942	65
91.968	61
92.001	59
92.03	58
92.059	57
92.084	47
92.124	52
92.153	51
92.18	63
92.205	63
92.239	62
92.265	58
92.303	61
92.328	56
92.353	51
92.383	46
92.425	53
92.45	48
92.479	42
92.518	46
92.543	41
92.577	40
92.614	42
92.64	38
92.673	36
92.711	39
92.738	36
92.773	36
92.81	38
92.838	36
92.873	36
92.898	48
92.924	47
92.952	45
92.987	45
93.012	40
93.038	36
93.073	36
93.111	39
93.138	36
93.173	36
93.211	39
93.239	37
93.273	36
93.299	39
93.326	49
93.354	47
93.388	46
93.413	41
93.439	37
93.473	36
93.512	40
93.539	37
93.573	36
93.615	43
93.642	40
93.677	40
93.718	46
93.746	44
93.78	43
93.822	50
93.85	48
93.884	47
93.926	54
93.952	50
93.983	46
94.024	52
94.054	52
94.088	51
94.126	54
94.153	51
94.188	51
94.226	54
94.252	50
94.287	50
94.327	55
94.362	55
94.393	51
94.42	48
94.447	45
94.478	41
94.515	43
94.541	39
94.573	36
94.612	40
94.638	36
94.673	36
94.712	40
94.738	36
94.773	36
94.812	40
94.838	36
94.873	36
94.912	40
94.938	36
94.973	36
95.012	40
95.038	36
95.073	36
95.112	40
95.138	36
95.173	36
95.212	40
95.238	36
95.273	36
95.312	40
95.338	36
95.373	36
95.398	38
95.424	47
95.452	45
95.487	45
95.512	40
95.538	36
95.573	36
95.612	40
95.638	36
95.663	38
95.688	46
95.723	46
95.752	45
95.787	45
95.812	40
95.838	36
95.873	36
95.913	41
95.938	36
95.973	36
96.013	41
96.038	36
96.063	33
96.089	47
96.114	42
96.139	37
96.173	36
96.213	41
96.238	36
96.273	36
96.313	41
96.338	36
96.373	36
96.413	41
96.438	36
96.473	36
96.513	41
96.538	36
96.573	36
96.613	41
96.638	36
96.673	36
96.713	41
96.738	36
96.773	36
96.8	33
96.838	36
96.873	36
96.9	33
96.938	36
96.973	36
97	33
97.038	36
97.073	36
97.1	33
97.139	37
97.164	34
97.2	33
97.238	36
97.273	36
97.3	33
97.338	36
97.373	36
97.4	33
97.439	37
97.473	36
97.5	33
97.539	37
97.573	36
97.6	33
97.628	51
97.654	47
97.687	45
97.717	45
97.754	47
97.787	45
97.815	43
97.841	39
97.873	36
97.9	33
97.928	51
97.954	47
97.988	46
98.017	45
98.054	47
98.087	45
98.117	45
98.154	47
98.187	45
98.217	45
98.254	47
98.288	46
98.317	45
98.354	47
98.388	46
98.417	45
98.454	47
98.488	46
98.517	45
98.554	47
98.588	46
98.617	45
98.654	47
98.688	46
98.717	45
98.742	40
98.773	36
98.801	34
98.829	52
98.855	48
98.889	47
98.918	46
98.955	48
98.989	47
99.019	47
99.056	49
99.09	48
99.119	47
99.144	42
99.176	39
99.203	36
99.229	52
99.257	50
99.291	49
99.318	48
99.344	42
99.377	40
99.405	38
99.431	54
99.46	53
99.493	51
99.521	49
99.546	44
99.579	42
99.608	41
99.647	45
99.681	44
99.709	42
99.748	46
99.782	45
99.81	43
99.838	61
99.863	58
99.899	57
99.928	56
99.953	51
99.985	48
100.01	63
100.053	51
100.085	48
100.113	46
100.153	51
100.187	50
100.215	48
100.243	66
100.269	62
100.303	61
100.333	61
100.358	56
100.388	51
100.416	49
100.457	55
100.487	50
100.513	46
100.553	51
100.591	54
100.616	49
100.647	52
100.678	66
100.71	63
100.736	64
100.767	60
100.804	62
100.832	60
100.858	56
100.888	51
100.915	48
100.954	52
100.985	48
101.014	47
101.053	53
101.078	66
101.103	61
101.13	58
101.167	60
101.201	59
101.232	60
101.268	61
101.301	59
101.33	58
101.366	59
101.4	58
101.429	57
101.465	58
101.498	56
101.527	55
101.563	56
101.596	54
101.625	53
101.662	55
101.695	53
101.724	52
101.761	54
101.794	52
101.823	51
101.848	46
101.879	42
101.907	40
101.935	58
101.961	54
101.995	53
102.025	53
102.062	55
102.096	54
102.126	54
102.151	49
102.184	47
102.212	45
102.252	50
102.286	49
102.315	48
102.343	66
102.37	63
102.399	57
102.429	57
102.454	52
102.489	52
102.515	48
102.556	54
102.59	53
102.616	49
102.645	68
102.671	64
102.705	63
102.737	65
102.771	64
102.807	65
102.835	63
102.86	58
102.89	53
102.919	52
102.957	55
102.984	62
103.016	49
103.055	53
103.091	54
103.116	49
103.157	55
103.184	47
103.219	52
103.251	49
103.278	61
103.306	64
103.331	59
103.357	55
103.387	50
103.414	47
103.452	50
103.485	48
103.513	46
103.551	49
103.584	47
103.61	43
103.647	45
103.679	42
103.705	38
103.742	40
103.774	37
103.8	33
103.838	36
103.873	36
103.899	32
103.928	53
103.953	46
103.987	45
104.015	43
104.04	38
104.073	36
104.1	33
104.139	37
104.173	36
104.201	34
104.24	38
104.274	37
104.302	35
104.342	40
104.369	44
104.394	52
104.422	50
104.447	45
104.48	43
104.509	42
104.549	47
104.584	47
104.614	47
104.654	52
104.683	46
104.713	46
104.753	51
104.786	49
104.814	47
104.854	52
104.889	52
104.915	48
104.951	49
104.991	54
105.019	52
105.05	48
105.082	45
105.113	46
105.152	50
105.184	47
105.211	44
105.247	45
105.278	41
105.306	39
105.341	39
105.373	36
105.4	33
105.436	34
105.471	34
105.499	32
105.536	34
105.571	34
105.599	32
105.636	34
105.671	34
105.697	31
105.736	34
105.771	34
105.799	32
105.836	34
105.872	35
105.899	32
105.937	35
105.972	35
106	33
106.027	52
106.052	45
106.087	45
106.116	44
106.153	46
106.187	45
106.218	46
106.243	41
106.276	39
106.305	38
106.332	57
106.359	52
106.394	52
106.425	53
106.45	48
106.483	46
106.513	46
106.545	60
106.582	45
106.611	44
106.651	49
106.69	53
106.717	50
106.752	50
106.788	51
106.816	49
106.848	58
106.884	47
106.917	50
106.959	57
106.988	51
107.013	46
107.054	52
107.096	59
107.131	59
107.157	55
107.185	48
107.211	64
107.241	69
107.269	62
107.295	58
107.32	53
107.352	65
107.384	47
107.416	49
107.463	61
107.49	53
107.516	49
107.551	49
107.581	59
107.61	68
107.652	50
107.683	46
107.709	62
107.736	64
107.765	58
107.796	54
107.823	51
107.849	47
107.88	43
107.905	38
107.942	40
107.973	36
107.999	32
108.038	36
108.073	36
108.099	32
108.138	36
108.173	36
108.199	32
108.238	36
108.273	36
108.299	32
108.329	39
108.373	36
108.399	32
108.438	36
108.473	36
108.5	33
108.539	37
108.572	35
108.601	34
108.641	39
108.668	48
108.693	51
108.72	48
108.746	44
108.778	41
108.808	41
108.848	46
108.883	46
108.912	45
108.951	49
108.986	49
109.015	48
109.056	54
109.087	50
109.116	49
109.155	53
109.188	51
109.213	46
109.255	53
109.29	53
109.316	49
109.353	51
109.388	51
109.414	47
109.449	47
109.478	41
109.504	37
109.537	35
109.572	35
109.599	32
109.637	35
109.672	35
109.699	32
109.737	35
109.772	35
109.799	32
109.837	35
109.872	35
109.899	32
109.937	35
109.972	35
109.999	32
110.038	36
110.073	36
110.099	32
110.138	36
110.173	36
110.199	32
110.227	32
110.252	45
110.285	43
110.313	41
110.338	36
110.373	36
110.399	32
110.438	36
110.473	36
110.499	32
110.538	36
110.573	36
110.599	32
110.638	36
110.673	36
110.699	32
110.738	36
110.773	36
110.799	32
110.838	36
110.873	36
110.899	32
110.938	36
110.973	36
110.999	32
111.024	49
111.05	43
111.085	43
111.114	42
111.139	37
111.173	36
111.199	32
111.238	36
111.273	36
111.299	32
111.338	36
111.373	36
111.399	32
111.438	36
111.473	36
111.499	32
111.538	36
111.573	36
111.599	32
111.638	36
111.673	36
111.699	32
111.736	36
111.773	36
111.799	32
111.838	36
111.873	36
111.899	32
111.938	36
111.973	36
111.999	32
112.038	36
112.073	36
112.099	32
112.128	38
112.173	36
112.199	32
112.238	36
112.273	36
112.299	32
112.338	36
112.373	36
112.399	32
112.438	36
112.473	36
112.499	32
112.538	36
112.573	36
112.599	32
112.638	36
112.673	36
112.699	32
112.738	36
112.773	36
112.799	32
112.829	39
112.873	36
112.899	32
112.938	36
112.973	36
112.999	32
113.038	36
113.073	36
113.099	32
113.129	44
113.173	36
113.199	32
113.238	36
113.273	36
113.299	32
113.338	36
113.373	36
113.399	32
113.438	36
113.473	36
113.499	32
113.538	36
113.573	36
113.599	32
113.638	36
113.673	36
113.699	32
113.725	50
113.751	44
113.786	44
113.814	42
113.84	38
113.873	36
113.899	32
113.938	36
113.973	36
113.999	32
114.038	36
114.073	36
114.099	32
114.138	36
114.173	36
114.199	32
114.238	36
114.273	36
114.299	32
114.338	36
114.373	36
114.399	32
114.438	36
114.473	36
114.499	32
114.538	36
114.573	36
114.599	32
114.638	36
114.673	36
114.699	32
114.729	44
114.773	36
114.799	32
114.838	36
114.873	36
114.899	32
114.938	36
114.973	36
114.999	32
115.029	34
115.073	36
115.099	32
115.138	36
115.173	36
115.199	32
115.238	36
115.273	36
115.299	32
115.338	36
115.373	36
115.399	32
115.438	36
115.473	36
115.499	32
115.538	36
115.573	36
115.599	32
115.638	36
115.673	36
115.699	32
115.738	36
115.773	36
115.799	32
115.838	36
115.873	36
115.899	32
115.938	36
115.973	36
115.999	32
116.029	39
116.073	36
116.099	32
116.138	36
116.173	36
116.199	32
116.238	36
116.273	36
116.299	32
116.338	36
116.373	36
116.399	32
116.438	36
116.473	36
116.499	32
116.538	36
116.573	36
116.599	32
116.638	36
116.673	36
116.699	32
116.738	36
116.773	36
116.799	32
116.838	36
116.873	36
116.899	32
116.938	36
116.973	36
116.999	32
117.03	50
117.073	36
117.099	32
117.138	36
117.173	36
117.199	32
117.23	40
117.273	36
117.299	32
117.338	36
117.373	36
117.399	32
117.438	36
117.473	36
117.499	32
117.538	36
117.573	36
117.599	32
117.638	36
117.673	36
117.7	33
117.738	36
117.773	36
117.799	32
117.838	36
117.873	36
117.9	33
117.926	51
117.951	44
117.986	44
118.015	43
118.04	38
118.073	36
118.099	32
118.13	45
118.173	36
118.199	32
118.238	36
118.273	36
118.3	33
118.338	36
118.373	36
118.4	33
118.426	51
118.451	44
118.486	44
118.515	43
118.54	38
118.573	36
118.6	33
118.638	36
118.673	36
118.7	33
118.738	36
118.773	36
118.8	33
118.838	36
118.873	36
118.9	33
118.938	36
118.973	36
119	33
119.038	36
119.073	36
119.1	33
119.138	36
119.171	36
119.2	33
119.238	36
119.273	36
119.3	33
119.338	36
119.373	36
119.4	33
119.438	36
119.473	36
119.5	33
119.538	36
119.563	48
119.588	46
119.615	43
119.64	38
119.673	36
119.7	33
119.738	36
119.764	34
119.8	33
119.838	36
119.873	36
119.9	33
119.938	36
119.963	38
119.988	46
120.015	43
120.04	38
120.073	36
120.1	33
120.139	37
120.173	36
120.2	33
120.239	37
120.273	36
120.3	33
120.331	51
120.373	36
120.4	33
120.439	37
120.473	36
120.5	33
120.539	37
120.573	36
120.6	33
120.639	37
120.673	36
120.7	33
120.731	36
120.773	36
120.8	33
120.839	37
120.873	36
120.9	33
120.939	37
120.973	36
121	33
121.039	37
121.071	36
121.1	33
121.139	37
121.173	36
121.2	33
121.239	37
121.273	36
121.299	39
121.339	37
121.373	36
121.4	33
121.439	37
121.473	36
121.5	33
121.539	37
121.573	36
121.6	33
121.639	37
121.673	36
121.701	34
121.74	38
121.773	36
121.8	33
121.84	38
121.873	36
121.9	33
121.94	38
121.973	36
122	33
122.04	38
122.073	36
122.099	39
122.14	38
122.172	35
122.201	34
122.239	37
122.272	35
122.301	34
122.339	37
122.372	35
122.401	34
122.439	37
122.473	36
122.501	34
122.539	37
122.573	36
122.601	34
122.629	54
122.656	49
122.689	47
122.717	45
122.742	40
122.773	36
122.802	35
122.84	38
122.874	37
122.902	35
122.941	39
122.974	37
123.003	36
123.034	39
123.059	52
123.089	47
123.119	47
123.144	42
123.175	38
123.204	37
123.242	40
123.276	39
123.304	37
123.343	41
123.377	40
123.405	38
123.437	52
123.462	55
123.493	51
123.522	50
123.561	54
123.594	52
123.623	51
123.662	55
123.695	53
123.724	52
123.762	55
123.796	54
123.825	53
123.864	57
123.897	55
123.926	54
123.965	58
123.998	56
124.027	55
124.052	50
124.08	43
124.109	42
124.147	45
124.185	48
124.213	46
124.25	48
124.282	45
124.311	44
124.351	49
124.385	48
124.413	46
124.452	50
124.484	47
124.512	45
124.551	49
124.579	64
124.604	62
124.629	57
124.666	59
124.701	59
124.729	57
124.754	52
124.784	47
124.813	46
124.854	52
124.882	45
124.91	43
124.948	46
124.979	62
125.004	62
125.03	58
125.065	58
125.098	56
125.124	54
125.153	51
125.185	48
125.213	46
125.25	48
125.283	46
125.309	44
125.35	48
125.383	46
125.411	44
125.449	47
125.482	45
125.51	43
125.548	46
125.581	44
125.609	42
125.648	46
125.681	44
125.709	42
125.748	46
125.781	44
125.809	42
125.848	46
125.882	45
125.908	53
125.949	47
125.982	45
126.011	44
126.05	48
126.084	47
126.113	46
126.144	64
126.169	62
126.199	57
126.228	56
126.253	51
126.287	50
126.314	47
126.35	48
126.386	49
126.416	49
126.452	50
126.484	47
126.513	46
126.557	55
126.584	47
126.612	45
126.651	49
126.68	63
126.706	64
126.752	50
126.785	48
126.815	48
126.853	51
126.891	54
126.916	49
126.953	51
126.979	59
127.017	50
127.053	51
127.084	47
127.113	46
127.148	63
127.185	48
127.212	45
127.25	48
127.285	48
127.312	45
127.35	48
127.384	47
127.412	45
127.449	47
127.482	45
127.508	43
127.547	45
127.58	43
127.608	41
127.646	44
127.679	42
127.707	40
127.746	44
127.779	42
127.807	40
127.846	44
127.88	43
127.908	41
127.948	46
127.982	45
128.01	43
128.05	48
128.084	47
128.113	46
128.151	49
128.185	48
128.215	48
128.255	53
128.282	45
128.311	44
128.353	51
128.383	66
128.408	66
128.453	51
128.488	51
128.517	50
128.546	51
128.571	64
128.602	60
128.634	62
128.67	63
128.706	64
128.732	60
128.761	59
128.787	50
128.817	50
128.855	53
128.881	64
128.91	68
128.955	53
128.986	49
129.017	65
129.052	50
129.089	52
129.128	56
129.154	52
129.185	48
129.216	49
129.25	48
129.283	46
129.308	41
129.346	44
129.377	40
129.402	35
129.438	36
129.472	35
129.499	32
129.538	36
129.573	36
129.599	32
129.638	36
129.673	36
129.699	32
129.729	34
129.773	36
129.799	32
129.838	36
129.873	36
129.9	33
129.938	36
129.973	36
130	33
130.038	36
130.073	36
130.099	49
130.139	37
130.173	36
130.201	34
130.24	38
130.273	36
130.302	35
130.341	39
130.375	38
130.402	52
130.443	41
130.477	40
130.505	38
130.537	38
130.578	41
130.607	40
130.646	44
130.68	43
130.708	41
130.747	45
130.781	44
130.81	43
130.849	47
130.883	46
130.911	44
130.951	49
130.984	47
131.013	46
131.052	50
131.086	49
131.111	46
131.152	50
131.186	49
131.216	49
131.255	53
131.287	50
131.312	45
131.353	51
131.38	60
131.406	64
131.431	59
131.47	63
131.505	63
131.535	63
131.568	63
131.601	59
131.633	61
131.671	64
131.707	65
131.761	59
131.786	49
131.816	49
131.857	55
131.882	60
131.91	68
131.935	63
131.968	61
132.001	59
132.037	65
132.069	62
132.103	61
132.128	56
132.16	58
132.185	48
132.213	46
132.248	46
132.273	58
132.302	60
132.346	44
132.376	39
132.405	38
132.44	38
132.472	35
132.499	32
132.537	35
132.573	36
132.599	32
132.637	35
132.672	35
132.699	32
132.738	36
132.773	36
132.799	32
132.838	36
132.873	36
132.899	32
132.938	36
132.973	36
132.999	32
133.038	36
133.073	36
133.1	33
133.138	36
133.173	36
133.2	33
133.239	37
133.273	36
133.302	35
133.342	40
133.376	39
133.406	39
133.435	60
133.462	55
133.497	55
133.526	54
133.552	50
133.585	48
133.614	47
133.645	60
133.671	64
133.7	58
133.729	57
133.755	53
133.789	52
133.815	48
133.851	49
133.887	50
133.915	48
133.953	51
133.981	44
134.019	47
134.051	44
134.086	44
134.114	42
134.14	38
134.173	36
134.199	32
134.238	36
134.273	36
134.299	32
134.338	36
134.373	36
134.399	32
134.438	36
134.473	36
134.499	32
134.538	36
134.573	36
134.599	32
134.638	36
134.673	36
134.699	32
134.738	36
134.773	36
134.799	32
134.838	36
134.873	36
134.899	32
134.938	36
134.973	36
134.999	32
135.038	36
135.073	36
135.099	32
135.138	36
135.173	36
135.199	32
135.238	36
135.273	36
135.299	32
135.338	36
135.373	36
135.399	32
135.438	36
135.473	36
135.499	32
135.538	36
135.573	36
135.599	32
135.638	36
135.673	36
135.699	32
135.738	36
135.773	36
135.799	32
135.838	36
135.873	36
135.899	32
135.938	36
135.973	36
135.999	32
136.024	47
136.05	43
136.085	43
136.113	41
136.138	36
136.173	36
136.199	32
136.224	47
136.25	43
136.285	43
136.313	41
136.338	36
136.373	36
136.399	32
136.424	47
136.45	43
136.485	43
136.513	41
136.538	36
136.573	36
136.599	32
136.638	36
136.673	36
136.699	32
136.738	36
136.773	36
136.799	32
136.838	36
136.873	36
136.899	32
136.938	36
136.973	36
136.999	32
137.03	31
137.073	36
137.099	32
137.138	36
137.173	36
137.199	32
137.238	36
137.273	36
137.299	32
137.338	36
137.373	36
137.399	32
137.438	36
137.473	36
137.499	32
137.538	36
137.573	36
137.599	32
137.638	36
137.673	36
137.699	32
137.738	36
137.773	36
137.799	32
137.838	36
137.873	36
137.899	32
137.938	36
137.973	36
137.999	32
138.029	49
138.073	36
138.099	32
138.138	36
138.173	36
138.199	32
138.238	36
138.273	36
138.299	32
138.338	36
138.373	36
138.399	32
138.438	36
138.473	36
138.499	32
138.538	36
138.573	36
138.599	32
138.638	36
138.673	36
138.699	32
138.738	36
138.773	36
138.799	32
138.838	36
138.873	36
138.899	32
138.938	36
138.973	36
138.999	32
139.038	36
139.073	36
139.099	32
139.138	36
139.173	36
139.199	32
139.238	36
139.273	36
139.299	32
139.338	36
139.373	36
139.399	32
139.438	36
139.473	36
139.499	32
139.538	36
139.573	36
139.599	32
139.629	49
139.673	36
139.699	32
139.738	36
139.773	36
139.799	32
139.829	39
139.873	36
139.899	32
139.938	36
139.973	36
139.999	32
140.038	36
140.073	36
140.099	32
140.138	36
140.173	36
140.199	32
140.238	36
140.273	36
140.299	32
140.338	36
140.373	36
140.399	32
140.429	34
140.473	36
140.499	32
140.538	36
140.573	36
140.599	32
140.638	36
140.673	36
140.699	32
140.738	36
140.773	36
140.799	32
140.838	36
140.873	36
140.899	32
140.938	36
140.973	36
140.999	32
141.038	36
141.073	36
141.099	32
141.138	36
141.173	36
141.199	32
141.238	36
141.273	36
141.299	32
141.338	36
141.373	36
141.398	43
141.438	36
141.473	36
141.499	32
141.538	36
141.573	36
141.599	32
141.638	36
141.663	43
141.688	46
141.714	42
141.74	38
141.773	36
141.799	32
141.838	36
141.873	36
141.899	32
141.938	36
141.973	36
141.998	33
142.038	36
142.073	36
142.099	32
142.138	36
142.173	36
142.199	32
142.238	36
142.273	36
142.298	38
142.338	36
142.373	36
142.399	32
142.438	36
142.473	36
142.499	32
142.538	36
142.573	36
142.6	33
142.637	35
142.672	35
142.699	32
142.737	35
142.772	35
142.8	33
142.837	35
142.872	35
142.898	38
142.937	35
142.972	35
143	33
143.038	36
143.072	35
143.098	43
143.137	35
143.172	35
143.2	33
143.237	35
143.272	35
143.3	33
143.327	52
143.352	45
143.387	45
143.414	42
143.439	37
143.472	35
143.5	33
143.537	35
143.572	35
143.6	33
143.638	36
143.672	35
143.7	33
143.731	36
143.772	35
143.8	33
143.837	35
143.872	35
143.9	33
143.938	36
143.972	35
144	33
144.038	36
144.072	35
144.098	43
144.138	36
144.172	35
144.2	33
144.238	36
144.272	35
144.3	33
144.338	36
144.372	35
144.4	33
144.438	36
144.472	35
144.5	33
144.538	36
144.572	35
144.6	33
144.638	36
144.673	36
144.7	33
144.738	36
144.773	36
144.8	33
144.831	32
144.873	36
144.9	33
144.938	36
144.973	36
145	33
145.038	36
145.073	36
145.1	33
145.138	36
145.173	36
145.198	48
145.238	36
145.273	36
145.3	33
145.338	36
145.373	36
145.4	33
145.438	36
145.473	36
145.5	33
145.538	36
145.564	44
145.589	47
145.615	43
145.64	38
145.673	36
145.7	33
145.738	36
145.773	36
145.8	33
145.838	36
145.873	36
145.899	39
145.939	37
145.973	36
146	33
146.039	37
146.073	36
146.1	33
146.139	37
146.173	36
146.199	44
146.239	37
146.273	36
146.3	33
146.339	37
146.373	36
146.4	33
146.439	37
146.473	36
146.5	33
146.532	52
146.573	36
146.601	34
146.639	37
146.673	36
146.7	33
146.732	47
146.773	36
146.801	34
146.839	37
146.873	36
146.9	33
146.928	53
146.954	47
146.987	45
147.015	43
147.041	39
147.073	36
147.1	33
147.139	37
147.173	36
147.201	34
147.239	37
147.273	36
147.301	34
147.328	53
147.354	47
147.387	45
147.415	43
147.441	39
147.473	36
147.501	34
147.539	37
147.573	36
147.601	34
147.639	37
147.666	41
147.701	34
147.74	38
147.773	36
147.801	34
147.84	38
147.873	36
147.901	34
147.94	38
147.974	37
148.002	35
148.041	39
148.074	37
148.102	35
148.141	39
148.175	38
148.203	36
148.235	50
148.275	38
148.303	36
148.342	40
148.376	39
148.404	37
148.443	41
148.477	40
148.505	38
148.544	42
148.57	40
148.605	38
148.645	43
148.678	41
148.706	39
148.745	43
148.772	57
148.807	40
148.846	44
148.88	43
148.908	41
148.947	45
148.981	44
149.009	42
149.048	46
149.082	45
149.11	43
149.142	47
149.183	46
149.212	45
149.251	49
149.284	47
149.313	46
149.352	50
149.386	49
149.414	47
149.453	51
149.482	45
149.51	43
149.543	58
149.568	61
149.6	58
149.629	57
149.655	53
149.681	48
149.714	47
149.753	51
149.79	53
149.816	49
149.848	63
149.885	48
149.917	50
149.955	53
149.987	50
150.013	46
150.052	50
150.091	54
150.116	49
150.155	53
150.186	49
150.213	46
150.252	50
150.287	50
150.318	51
150.354	52
150.382	45
150.409	42
150.449	47
150.487	50
150.514	47
150.552	50
150.584	47
150.612	45
150.65	48
150.683	46
150.71	43
150.748	46
150.781	44
150.808	41
150.839	54
150.879	42
150.907	40
150.945	43
150.978	41
151.006	39
151.044	42
151.077	40
151.105	38
151.144	42
151.17	45
151.206	39
151.244	42
151.278	41
151.306	39
151.345	43
151.379	42
151.407	40
151.446	44
151.48	43
151.508	41
151.548	46
151.582	45
151.611	44
151.65	48
151.684	47
151.712	45
151.752	50
151.783	46
151.811	44
151.851	49
151.886	49
151.915	48
151.954	52
151.988	51
152.014	47
152.053	51
152.085	48
152.116	49
152.153	51
152.19	53
152.215	48
152.255	53
152.287	50
152.315	48
152.354	52
152.387	50
152.419	52
152.454	52
152.489	52
152.515	48
152.555	53
152.586	49
152.616	49
152.656	54
152.687	50
152.714	47
152.751	49
152.787	50
152.815	48
152.853	51
152.884	47
152.911	44
152.951	49
152.985	48
153.013	46
153.044	45
153.081	44
153.109	42
153.147	45
153.182	45
153.209	42
153.247	45
153.28	43
153.308	41
153.346	44
153.379	42
153.407	40
153.445	43
153.478	41
153.506	39
153.545	43
153.578	41
153.606	39
153.634	59
153.66	53
153.694	52
153.722	50
153.748	46
153.779	42
153.808	41
153.847	45
153.881	44
153.907	42
153.948	46
153.982	45
154.011	44
154.05	48
154.084	47
154.112	45
154.15	48
154.184	47
154.212	45
154.254	52
154.285	48
154.314	47
154.353	51
154.388	51
154.415	48
154.453	51
154.489	52
154.516	49
154.554	52
154.586	49
154.613	48
154.653	51
154.69	53
154.718	51
154.755	53
154.789	52
154.815	48
154.859	57
154.888	51
154.921	54
154.952	50
154.989	52
155.014	47
155.056	54
155.086	49
155.115	48
155.146	51
155.171	64
155.201	59
155.226	54
155.251	49
155.287	50
155.314	47
155.35	48
155.381	44
155.407	40
155.443	41
155.474	37
155.5	33
155.53	45
155.573	36
155.599	32
155.638	36
155.673	36
155.699	32
155.738	36
155.773	36
155.799	32
155.838	36
155.873	36
155.899	32
155.938	36
155.973	36
156	33
156.038	36
156.064	49
156.089	47
156.115	43
156.14	38
156.173	36
156.201	34
156.239	37
156.273	36
156.299	39
156.34	38
156.374	37
156.404	37
156.444	42
156.471	46
156.497	55
156.524	52
156.55	48
156.582	45
156.612	45
156.65	48
156.685	48
156.714	47
156.754	52
156.785	48
156.814	47
156.856	54
156.885	48
156.913	46
156.953	51
156.98	63
157.005	63
157.03	58
157.068	61
157.104	62
157.135	63
157.167	60
157.202	60
157.229	57
157.254	52
157.286	49
157.313	46
157.343	63
157.384	47
157.411	44
157.448	46
157.48	43
157.507	40
157.537	47
157.576	39
157.603	36
157.64	38
157.673	36
157.7	33
157.738	36
157.773	36
157.8	33
157.83	50
157.873	36
157.9	33
157.938	36
157.973	36
158	33
158.031	46
158.073	36
158.1	33
158.139	37
158.173	36
158.201	34
158.24	38
158.273	36
158.301	34
158.34	38
158.366	51
158.391	49
158.417	45
158.442	40
158.475	38
158.505	38
158.545	43
158.58	43
158.609	42
158.637	60
158.665	58
158.699	57
158.728	56
158.753	51
158.786	49
158.814	47
158.855	53
158.885	48
158.916	49
158.956	54
158.989	52
159.016	49
159.055	53
159.084	62
159.113	46
159.149	47
159.186	49
159.215	48
159.251	49
159.282	45
159.307	40
159.343	41
159.373	36
159.399	32
159.438	36
159.473	36
159.499	32
159.538	36
159.573	36
159.599	32
159.638	36
159.673	36
159.699	32
159.738	36
159.773	36
159.799	32
159.838	36
159.873	36
159.899	32
159.938	36
159.973	36
159.999	32
160.038	36
160.073	36
160.1	33
160.138	36
160.173	36
160.2	33
160.238	36
160.273	36
160.3	33
160.326	51
160.353	46
160.387	45
160.416	44
160.453	46
160.487	45
160.517	45
160.553	46
160.587	45
160.617	45
160.655	48
160.687	47
160.718	46
160.755	48
160.789	47
160.819	47
160.856	49
160.89	48
160.92	48
160.957	50
160.99	48
161.02	48
161.045	43
161.077	40
161.105	38
161.144	42
161.178	41
161.206	39
161.245	43
161.272	57
161.307	40
161.346	44
161.38	43
161.408	41
161.447	45
161.481	44
161.509	42
161.549	47
161.582	45
161.611	44
161.65	48
161.684	47
161.712	45
161.751	49
161.785	48
161.813	46
161.853	51
161.885	48
161.913	46
161.952	50
161.988	51
162.016	49
162.056	54
162.089	52
162.118	51
162.151	49
162.185	48
162.213	46
162.257	55
162.287	50
162.315	48
162.356	54
162.388	51
162.414	47
162.451	49
162.49	53
162.518	51
162.553	51
162.585	48
162.616	49
162.651	49
162.686	49
162.712	57
162.76	58
162.787	50
162.814	47
162.853	51
162.889	52
162.914	47
162.953	51
162.987	50
163.016	49
163.054	52
163.087	50
163.113	46
163.152	50
163.184	47
163.211	44
163.25	48
163.282	45
163.309	42
163.348	46
163.381	44
163.408	41
163.447	45
163.48	43
163.505	39
163.546	44
163.579	42
163.607	40
163.646	44
163.68	43
163.707	40
163.747	45
163.78	43
163.809	42
163.848	46
163.882	45
163.911	44
163.95	48
163.985	48
164.013	46
164.053	51
164.087	50
164.112	62
164.152	50
164.186	49
164.217	50
164.259	57
164.287	50
164.316	49
164.356	54
164.39	53
164.418	51
164.454	54
164.488	51
164.516	49
164.556	54
164.596	59
164.633	61
164.67	63
164.704	62
164.737	65
164.771	64
164.798	56
164.832	60
164.858	56
164.894	57
164.919	52
164.956	54
164.99	53
165.019	52
165.055	53
165.085	48
165.11	60
165.158	56
165.19	53
165.216	49
165.252	50
165.286	49
165.312	45
165.352	50
165.384	47
165.41	43
165.448	46
165.48	43
165.507	40
165.545	43
165.577	40
165.603	43
165.643	41
165.675	38
165.702	35
165.741	39
165.774	37
165.799	33
165.84	38
165.874	37
165.901	34
165.941	39
165.975	38
166.003	36
166.042	40
166.077	40
166.105	38
166.145	43
166.179	42
166.208	41
166.248	46
166.283	46
166.311	44
166.344	45
166.387	50
166.416	49
166.454	52
166.489	52
166.518	51
166.549	50
166.587	50
166.616	49
166.661	59
166.689	52
166.718	51
166.754	52
166.781	61
166.808	66
166.833	61
166.858	56
166.886	49
166.926	59
166.958	56
166.988	51
167.018	51
167.051	52
167.089	52
167.114	47
167.16	58
167.202	65
167.234	62
167.269	62
167.305	63
167.339	67
167.371	64
167.401	59
167.437	65
167.462	60
167.488	51
167.513	46
167.552	50
167.591	54
167.63	58
167.664	57
167.695	53
167.726	54
167.762	55
167.793	51
167.82	48
167.856	49
167.888	46
167.916	44
167.953	46
167.988	46
168.017	45
168.054	47
168.089	47
168.117	45
168.154	47
168.188	46
168.216	44
168.253	46
168.288	46
168.316	44
168.354	47
168.389	47
168.417	45
168.454	47
168.487	47
168.518	46
168.555	48
168.589	47
168.618	46
168.657	50
168.688	48
168.719	47
168.757	50
168.791	49
168.82	48
168.845	43
168.877	40
168.907	40
168.94	45
168.983	46
169.012	45
169.041	64
169.067	60
169.1	58
169.129	57
169.168	61
169.199	57
169.231	59
169.256	54
169.286	49
169.311	64
169.341	64
169.371	64
169.396	59
169.431	59
169.466	59
169.501	59
169.536	64
169.568	61
169.6	58
169.633	61
169.659	57
169.686	49
169.713	46
169.754	52
169.779	57
169.804	62
169.83	58
169.865	58
169.901	59
169.929	57
169.962	55
169.997	55
170.024	52
170.06	53
170.09	48
170.117	45
170.152	45
170.187	45
170.215	43
170.252	45
170.286	44
170.315	43
170.351	44
170.386	44
170.415	43
170.451	44
170.486	44
170.515	43
170.552	45
170.587	45
170.615	43
170.652	45
170.687	45
170.716	44
170.752	45
170.787	45
170.817	45
170.854	47
170.887	45
170.917	45
170.954	47
170.988	46
171.019	47
171.045	43
171.078	41
171.108	41
171.148	46
171.184	47
171.213	46
171.241	64
171.269	62
171.302	60
171.332	60
171.368	61
171.404	62
171.435	63
171.47	63
171.498	56
171.528	56
171.553	51
171.584	47
171.61	43
171.639	37
171.671	34
171.699	32
171.725	35
171.771	34
171.799	32
171.836	34
171.871	34
171.899	32
171.936	34
171.971	34
171.999	32
172.036	34
172.071	34
172.099	32
172.136	34
172.171	34
172.199	32
172.236	34
172.271	34
172.299	32
172.336	34
172.371	34
172.399	32
172.425	35
172.471	34
172.499	32
172.536	34
172.571	34
172.599	32
172.636	34
172.671	34
172.699	32
172.736	34
172.771	34
172.799	32
172.836	34
172.871	34
172.899	32
172.93	31
172.971	34
172.999	32
173.036	34
173.071	34
173.099	32
173.136	34
173.171	34
173.199	32
173.236	34
173.271	34
173.299	32
173.336	34
173.371	34
173.399	32
173.436	34
173.471	34
173.499	32
173.536	34
173.571	34
173.599	32
173.636	34
173.671	34
173.699	32
173.736	34
173.771	34
173.799	32
173.836	34
173.871	34
173.899	32
173.936	34
173.971	34
173.999	32
174.036	34
174.071	34
174.099	32
174.136	34
174.171	34
174.199	32
174.236	34
174.271	34
174.297	31
174.336	34
174.371	34
174.399	32
174.436	34
174.471	34
174.499	32
174.536	34
174.571	34
174.599	32
174.636	34
174.671	34
174.699	32
174.736	34
174.771	34
174.799	32
174.836	34
174.871	34
174.899	32
174.936	34
174.971	34
174.999	32
175.036	34
175.071	34
175.099	32
175.136	34
175.171	34
175.199	32
175.236	34
175.271	34
175.299	32
175.336	34
175.371	34
175.399	32
175.427	37
175.471	34
175.499	32
175.536	34
175.571	34
175.599	32
175.636	34
175.671	34
175.699	32
175.736	34
175.771	34
175.799	32
175.836	34
175.871	34
175.899	32
175.936	34
175.971	34
175.999	32
176.036	34
176.071	34
176.099	32
176.136	34
176.171	34
176.199	32
176.23	31
176.271	34
176.299	32
176.336	34
176.371	34
176.399	32
176.436	34
176.471	34
176.499	32
176.536	34
176.571	34
176.597	31
176.636	34
176.671	34
176.699	32
176.736	34
176.771	34
176.799	32
176.836	34
176.871	34
176.899	32
176.936	34
176.971	34
176.999	32
177.036	34
177.061	31
177.086	44
177.113	41
177.15	43
177.185	43
177.213	41
177.25	43
177.285	43
177.313	41
177.35	43
177.383	41
177.413	41
177.45	43
177.485	43
177.513	41
177.55	43
177.585	43
177.613	41
177.65	43
177.685	43
177.713	41
177.75	43
177.785	43
177.813	41
177.85	43
177.885	43
177.913	41
177.95	43
177.985	43
178.011	39
178.036	34
178.071	34
178.099	32
178.136	34
178.171	34
178.199	32
178.236	34
178.271	34
178.296	41
178.336	34
178.371	34
178.399	32
178.436	34
178.471	34
178.499	32
178.536	34
178.571	34
178.596	31
178.622	45
178.65	43
178.685	43
178.713	41
178.75	43
178.785	43
178.813	41
178.85	43
178.885	43
178.913	41
178.948	43
178.985	43
179.013	41
179.05	43
179.085	43
179.113	41
179.15	43
179.183	41
179.213	41
179.238	36
179.271	34
179.299	32
179.336	34
179.371	34
179.399	32
179.436	34
179.471	34
179.499	32
179.536	34
179.571	34
179.599	32
179.636	34
179.671	34
179.699	32
179.724	47
179.75	43
179.785	43
179.813	41
179.85	43
179.885	43
179.912	40
179.938	36
179.971	34
179.999	32
180.036	34
180.071	34
180.099	32
180.136	34
180.171	34
180.199	32
180.228	43
180.271	34
180.299	32
180.336	34
180.371	34
180.399	32
180.436	34
180.471	34
180.499	32
180.536	34
180.571	34
180.599	32
180.636	34
180.671	34
180.699	32
180.736	34
180.771	34
180.799	32
180.825	48
180.85	43
180.885	43
180.914	42
180.95	43
180.985	43
181.014	42
181.05	43
181.084	44
181.114	42
181.15	43
181.185	43
181.212	40
181.238	36
181.271	34
181.299	32
181.325	48
181.351	44
181.386	44
181.412	40
181.438	36
181.471	34
181.499	32
181.525	48
181.551	44
181.586	44
181.614	42
181.649	44
181.686	44
181.714	42
181.751	44
181.784	42
181.814	42
181.851	44
181.886	44
181.914	42
181.951	44
181.986	44
182.014	42
182.051	44
182.086	44
182.114	42
182.151	44
182.186	44
182.214	42
182.251	44
182.286	44
182.314	42
182.351	44
182.386	44
182.414	42
182.451	44
182.484	42
182.514	42
182.551	44
182.584	42
182.614	42
182.651	44
182.684	42
182.714	42
182.751	44
182.784	42
182.814	42
182.851	44
182.884	42
182.914	42
182.951	44
182.984	42
183.014	42
183.051	44
183.084	42
183.114	42
183.151	44
183.186	44
183.214	42
183.251	44
183.286	44
183.314	42
183.351	44
183.384	44
183.412	40
183.438	36
183.476	39
183.501	34
183.536	34
183.562	37
183.589	47
183.614	42
183.651	44
183.676	39
183.701	34
183.736	34
183.763	31
183.789	47
183.814	42
183.851	44
183.876	39
183.901	34
183.936	34
183.976	39
184.001	34
184.036	34
184.076	39
184.101	34
184.136	34
184.176	39
184.201	34
184.236	34
184.276	39
184.301	34
184.336	34
184.376	39
184.401	34
184.436	34
184.476	39
184.501	34
184.536	34
184.576	39
184.601	34
184.626	51
184.651	44
184.676	39
184.701	34
184.736	34
184.776	39
184.801	34
184.836	34
184.876	39
184.901	34
184.936	34
184.976	39
185.001	34
185.036	34
185.077	40
185.115	43
185.152	45
185.177	40
185.215	43
185.252	45
185.277	40
185.315	43
185.352	45
185.377	40
185.416	44
185.452	45
185.477	40
185.515	43
185.552	45
185.577	40
185.615	43
185.652	45
185.677	40
185.716	44
185.752	45
185.778	41
185.816	44
185.852	45
185.877	40
185.916	44
185.952	45
185.978	41
186.016	44
186.052	45
186.078	41
186.114	42
186.139	37
186.178	41
186.214	42
186.239	37
186.278	41
186.314	42
186.339	37
186.378	41
186.414	42
186.439	37
186.478	41
186.516	44
186.552	45
186.578	41
186.616	44
186.652	45
186.678	41
186.716	44
186.752	45
186.778	41
186.816	44
186.852	45
186.878	41
186.916	44
186.952	45
186.978	41
187.016	44
187.052	45
187.078	41
187.116	44
187.152	45
187.178	41
187.216	44
187.252	45
187.278	41
187.316	44
187.35	45
187.376	39
187.401	34
187.437	35
187.478	41
187.516	44
187.552	45
187.578	41
187.616	44
187.652	45
187.678	41
187.716	44
187.752	45
187.778	41
187.816	44
187.852	45
187.878	41
187.916	44
187.952	45
187.978	41
188.016	44
188.052	45
188.078	41
188.116	44
188.152	45
188.178	41
188.216	44
188.252	45
188.278	41
188.316	44
188.352	45
188.378	41
188.416	44
188.452	45
188.477	40
188.516	44
188.552	45
188.577	40
188.616	44
188.652	45
188.677	40
188.716	44
188.753	46
188.779	42
188.816	44
188.853	46
188.879	42
188.916	44
188.953	46
188.979	42
189.016	44
189.053	46
189.079	42
189.116	44
189.153	46
189.179	42
189.216	44
189.254	47
189.28	43
189.317	45
189.355	48
189.381	44
189.418	46
189.456	49
189.482	45
189.52	48
189.557	50
189.582	45
189.621	49
189.646	44
189.684	47
189.723	51
189.748	46
189.788	51
189.825	53
189.85	48
189.89	53
189.928	56
189.966	59
189.993	56
190.029	59
190.055	53
190.094	57
190.132	60
190.17	63
190.197	60
190.231	59
190.256	54
190.298	61
190.336	64
190.369	62
190.396	59
190.435	63
190.472	65
190.507	65
190.534	62
190.563	61
190.598	61
190.632	60
190.657	55
190.702	65
190.735	63
190.768	61
190.802	65
190.837	65
190.866	59
190.896	59
190.921	54
190.962	60
190.994	57
191.032	60
191.06	58
191.086	59
191.111	44
191.146	44
191.191	54
191.216	49
191.253	51
191.287	50
191.322	50
191.358	51
191.384	47
191.417	45
191.453	46
191.478	41
191.515	43
191.553	46
191.578	41
191.615	43
191.653	46
191.678	41
191.715	43
191.753	46
191.778	41
191.815	43
191.852	45
191.877	40
191.914	42
191.939	37
191.976	39
192.001	34
192.038	36
192.079	42
192.116	44
192.141	39
192.18	43
192.218	46
192.243	41
192.283	46
192.322	50
192.347	45
192.387	50
192.426	54
192.451	49
192.492	55
192.529	57
192.554	52
192.593	56
192.632	60
192.667	60
192.695	58
192.731	59
192.757	55
192.794	57
192.819	52
192.856	54
192.894	57
192.932	60
192.957	55
192.996	59
193.03	58
193.059	57
193.094	57
193.12	53
193.156	54
193.199	62
193.234	62
193.268	61
193.297	60
193.323	56
193.355	53
193.389	52
193.414	47
193.448	61
193.474	67
193.506	64
193.546	44
193.581	54
193.606	64
193.649	47
193.687	50
193.713	46
193.747	45
193.785	48
193.819	47
193.856	49
193.89	50
193.915	43
193.953	46
193.978	41
194.015	43
194.053	46
194.078	41
194.115	43
194.151	44
194.176	39
194.201	34
194.237	35
194.275	38
194.301	34
194.338	36
194.376	39
194.401	34
194.438	36
194.476	39
194.501	34
194.531	41
194.577	40
194.615	43
194.64	38
194.679	42
194.717	45
194.742	40
194.779	42
194.804	37
194.842	40
194.882	45
194.907	40
194.944	42
194.971	41
194.998	56
195.023	51
195.048	46
195.088	51
195.126	54
195.151	49
195.192	55
195.229	57
195.255	53
195.294	57
195.327	55
195.353	51
195.396	59
195.434	62
195.469	62
195.495	58
195.52	53
195.555	53
195.595	58
195.629	59
195.66	58
195.695	58
195.73	58
195.755	53
195.782	55
195.814	67
195.857	55
195.894	57
195.92	53
195.947	48
195.994	57
196.019	52
196.054	52
196.1	63
196.134	62
196.161	59
196.191	54
196.229	57
196.266	59
196.298	61
196.329	57
196.364	57
196.389	52
196.427	55
196.462	55
196.487	50
196.519	47
196.554	47
196.58	43
196.616	44
196.653	46
196.678	41
196.715	43
196.753	46
196.779	42
196.815	43
196.852	45
196.877	40
196.914	42
196.939	37
196.976	39
197.001	34
197.038	36
197.079	42
197.116	44
197.141	39
197.181	44
197.219	47
197.244	42
197.284	47
197.322	50
197.348	46
197.389	52
197.427	55
197.453	51
197.494	57
197.53	58
197.556	54
197.595	58
197.628	56
197.654	52
197.693	56
197.732	60
197.768	61
197.793	56
197.818	51
197.855	53
197.894	57
197.931	59
197.968	61
198.003	61
198.029	57
198.065	58
198.1	58
198.144	42
198.181	44
198.216	44
198.253	46
198.288	46
198.314	42
198.339	37
198.375	38
198.401	34
198.438	36
198.475	38
198.501	34
198.538	36
198.575	38
198.601	34
198.629	49
198.654	47
198.688	46
198.714	42
198.739	37
198.776	39
198.801	34
198.838	36
198.875	38
198.901	34
198.938	36
198.975	38
199.001	34
199.038	36
199.063	48
199.09	48
199.115	43
199.14	38
199.175	38
199.201	34
199.238	36
199.275	38
199.301	34
199.338	36
199.376	39
199.401	34
199.43	40
199.476	39
199.501	34
199.538	36
199.576	39
199.601	34
199.638	36
199.676	39
199.701	34
199.738	36
199.776	39
199.801	34
199.838	36
199.876	39
199.901	34
199.938	36
199.976	39
200.001	34
