35.066	32
35.094	32
35.122	43
35.148	36
35.207	35
35.234	32
35.262	47
35.292	47
35.318	43
35.344	39
35.369	34
35.407	37
35.442	37
35.467	32
35.507	37
35.542	37
35.567	32
35.607	37
35.642	37
35.667	32
35.707	37
35.742	37
35.767	32
35.807	37
35.842	37
35.867	32
35.907	37
35.942	37
35.967	32
36.007	37
36.042	37
36.067	32
36.107	37
36.142	37
36.167	32
36.207	37
36.242	37
36.267	32
36.295	40
36.32	45
36.346	41
36.371	36
36.407	37
36.442	37
36.467	32
36.507	37
36.542	37
36.567	32
36.592	47
36.618	43
36.644	39
36.669	34
36.707	37
36.742	37
36.767	32
36.792	47
36.818	43
36.844	39
36.869	34
36.907	37
36.942	37
36.967	32
36.992	47
37.019	44
37.044	39
37.069	34
37.107	37
37.142	37
37.167	32
37.192	47
37.218	43
37.244	39
37.269	34
37.296	36
37.322	47
37.353	43
37.381	41
37.407	37
37.442	37
37.467	32
37.492	47
37.518	43
37.544	39
37.569	34
37.607	37
37.642	37
37.667	32
37.692	47
37.718	43
37.744	39
37.769	34
37.796	36
37.822	47
37.853	43
37.881	41
37.907	37
37.942	37
37.967	32
37.992	47
38.018	43
38.044	39
38.069	34
38.107	37
38.142	37
38.167	32
38.192	47
38.218	43
38.244	39
38.269	34
38.307	37
38.342	37
38.367	32
38.392	47
38.419	44
38.444	39
38.469	34
38.507	37
38.542	37
38.567	32
38.592	47
38.618	43
38.644	39
38.669	34
38.707	37
38.742	37
38.767	32
38.792	47
38.818	43
38.844	39
38.869	34
38.907	37
38.942	37
38.967	32
38.992	47
39.018	43
39.044	39
39.069	34
39.107	37
39.142	37
39.167	32
39.192	47
39.218	43
39.244	39
39.269	34
39.307	37
39.342	37
39.367	32
39.392	47
39.418	43
39.444	39
39.469	34
39.507	37
39.542	37
39.567	32
39.592	47
39.618	43
39.644	39
39.669	34
39.707	37
39.742	37
39.767	32
39.792	47
39.818	43
39.844	39
39.869	34
39.907	37
39.942	37
39.967	32
39.992	47
40.018	43
40.044	39
40.069	34
40.107	37
40.142	37
40.167	32
40.192	47
40.218	43
40.244	39
40.269	34
40.307	37
40.342	37
40.367	32
40.392	47
40.418	43
40.444	39
40.469	34
40.507	37
40.542	37
40.567	32
40.592	47
40.618	43
40.644	39
40.669	34
40.707	37
40.742	37
40.767	32
40.792	47
40.819	44
40.844	39
40.869	34
40.896	36
40.922	47
40.953	43
40.981	41
41.007	37
41.042	37
41.067	32
41.092	47
41.118	43
41.144	39
41.169	34
41.207	37
41.242	37
41.267	32
41.292	47
41.318	43
41.344	39
41.369	34
41.407	37
41.442	37
41.467	32
41.492	47
41.518	43
41.544	39
41.569	34
41.607	37
41.642	37
41.667	32
41.692	47
41.718	43
41.744	39
41.769	34
41.807	37
41.842	37
41.867	32
41.892	47
41.918	43
41.944	39
41.969	34
42.007	37
42.042	37
42.067	32
42.092	47
42.118	43
42.144	39
42.169	34
42.207	37
42.242	37
42.267	32
42.292	47
42.318	43
42.344	39
42.369	34
42.407	37
42.442	37
42.467	32
42.492	47
42.519	44
42.544	39
42.569	34
42.607	37
42.642	37
42.667	32
42.692	47
42.718	43
42.744	39
42.769	34
42.807	37
42.842	37
42.867	32
42.892	47
42.918	43
42.944	39
42.969	34
43.007	37
43.042	37
43.067	32
43.092	47
43.118	43
43.144	39
43.169	34
43.207	37
43.242	37
43.267	32
43.292	47
43.318	43
43.344	39
43.369	34
43.407	37
43.442	37
43.467	32
43.492	47
43.518	43
43.544	39
43.569	34
43.607	37
43.642	37
43.667	32
43.692	47
43.718	43
43.744	39
43.769	34
43.807	37
43.842	37
43.867	32
43.892	47
43.918	43
43.944	39
43.969	34
44.007	37
44.042	37
44.067	32
44.092	47
44.118	43
44.144	39
44.169	34
44.207	37
44.242	37
44.267	32
44.292	47
44.318	43
44.344	39
44.369	34
44.396	36
44.422	47
44.453	43
44.481	41
44.507	37
44.542	37
44.567	32
44.592	47
44.618	43
44.644	39
44.669	34
44.696	46
44.722	47
44.753	43
44.781	41
44.807	37
44.842	37
44.867	32
44.892	47
44.918	43
44.944	39
44.969	34
45.007	37
45.042	37
45.067	32
45.092	47
45.119	44
45.144	39
45.169	34
45.207	37
45.242	37
45.267	32
45.292	47
45.318	43
45.344	39
45.369	34
45.407	37
45.442	37
45.467	32
45.492	47
45.519	44
45.544	39
45.569	34
45.607	37
45.642	37
45.667	32
45.692	47
45.718	43
45.744	39
45.769	34
45.807	37
45.842	37
45.867	32
45.892	47
45.918	43
45.944	39
45.969	34
46.007	37
46.042	37
46.067	32
46.092	47
46.118	43
46.144	39
46.169	34
46.207	37
46.242	37
46.267	32
46.292	47
46.318	43
46.344	39
46.369	34
46.407	37
46.442	37
46.467	32
46.492	47
46.518	43
46.544	39
46.569	34
46.607	37
46.642	37
46.667	32
46.692	47
46.718	43
46.744	39
46.769	34
46.807	37
46.842	37
46.867	32
46.892	47
46.918	43
46.944	39
46.969	34
47.007	37
47.042	37
47.067	32
47.092	47
47.118	43
47.144	39
47.169	34
47.207	37
47.242	37
47.267	32
47.292	47
47.318	43
47.344	39
47.369	34
47.398	31
47.428	48
47.453	43
47.481	41
47.507	37
47.542	37
47.567	32
47.592	47
47.618	43
47.644	39
47.669	34
47.696	41
47.722	47
47.753	43
47.781	41
47.807	37
47.842	37
47.867	32
47.892	47
47.918	43
47.944	39
47.969	34
48.007	37
48.042	37
48.067	32
48.092	47
48.118	43
48.144	39
48.169	34
48.207	37
48.242	37
48.267	32
48.292	47
48.318	43
48.344	39
48.369	34
48.407	37
48.442	37
48.467	32
48.492	47
48.518	43
48.544	39
48.569	34
48.607	37
48.642	37
48.667	32
48.692	47
48.718	43
48.744	39
48.769	34
48.807	37
48.842	37
48.867	32
48.892	47
48.918	43
48.944	39
48.969	34
49.007	37
49.042	37
49.067	32
49.092	47
49.118	43
49.144	39
49.169	34
49.207	37
49.242	37
49.267	32
49.292	47
49.318	43
49.344	39
49.369	34
49.407	37
49.442	37
49.467	32
49.492	47
49.518	43
49.544	39
49.569	34
49.607	37
49.642	37
49.667	32
49.692	47
49.718	43
49.744	39
49.769	34
49.807	37
49.842	37
49.867	32
49.892	47
49.918	43
49.944	39
49.969	34
49.996	41
50.022	47
50.053	43
50.081	41
50.107	37
50.142	37
50.167	32
50.192	47
50.218	43
50.244	39
50.269	34
50.307	37
50.342	37
50.367	32
50.392	47
50.418	43
50.444	39
50.469	34
50.496	31
50.522	47
50.553	43
50.581	41
50.607	37
50.642	37
50.667	32
50.692	47
50.719	44
50.744	39
50.769	34
50.807	37
50.842	37
50.867	32
50.892	47
50.918	43
50.944	39
50.969	34
51.007	37
51.042	37
51.067	32
51.092	47
51.118	43
51.144	39
51.169	34
51.207	37
51.242	37
51.267	32
51.292	47
51.318	43
51.344	39
51.369	34
51.407	37
51.442	37
51.467	32
51.492	47
51.518	43
51.544	39
51.569	34
51.607	37
51.642	37
51.667	32
51.692	47
51.718	43
51.744	39
51.769	34
51.807	37
51.842	37
51.867	32
51.892	47
51.918	43
51.944	39
51.969	34
52.007	37
52.042	37
52.067	32
52.092	47
52.118	43
52.144	39
52.169	34
52.207	37
52.242	37
52.267	32
52.292	47
52.318	43
52.344	39
52.369	34
52.407	37
52.442	37
52.467	32
52.492	47
52.518	43
52.544	39
52.569	34
52.607	37
52.642	37
52.667	32
52.692	47
52.718	43
52.744	39
52.769	34
52.807	37
52.842	37
52.867	32
52.892	47
52.918	43
52.944	39
52.969	34
53.007	37
53.042	37
53.067	32
53.092	47
53.118	43
53.144	39
53.169	34
53.207	37
53.242	37
53.267	32
53.292	47
53.318	43
53.344	39
53.369	34
53.407	37
53.442	37
53.467	32
53.492	47
53.518	43
53.544	39
53.569	34
53.607	37
53.642	37
53.667	32
53.692	47
53.718	43
53.744	39
53.769	34
53.796	46
53.822	47
53.853	43
53.881	41
53.907	37
53.942	37
53.967	32
53.992	47
54.019	44
54.044	39
54.069	34
54.107	37
54.142	37
54.167	32
54.192	47
54.218	43
54.244	39
54.269	34
54.307	37
54.342	37
54.367	32
54.392	47
54.418	43
54.444	39
54.469	34
54.507	37
54.542	37
54.567	32
54.592	47
54.618	43
54.644	39
54.669	34
54.707	37
54.742	37
54.767	32
54.792	47
54.818	43
54.844	39
54.869	34
54.896	36
54.922	47
54.953	43
54.981	41
55.007	37
55.042	37
55.067	32
55.092	47
55.118	43
55.144	39
55.169	34
55.207	37
55.242	37
55.267	32
55.292	47
55.318	43
55.344	39
55.369	34
55.407	37
55.442	37
55.467	32
55.492	47
55.518	43
55.544	39
55.569	34
55.607	37
55.642	37
55.667	32
55.692	47
55.718	43
55.744	39
55.769	34
55.807	37
55.842	37
55.867	32
55.892	47
55.918	43
55.944	39
55.969	34
56.007	37
56.042	37
56.067	32
56.092	47
56.118	43
56.144	39
56.169	34
56.207	37
56.242	37
56.267	32
56.292	47
56.318	43
56.344	39
56.369	34
56.407	37
56.442	37
56.467	32
56.492	47
56.518	43
56.544	39
56.569	34
56.607	37
56.642	37
56.667	32
56.692	47
56.718	43
56.744	39
56.769	34
56.807	37
56.842	37
56.867	32
56.892	47
56.918	43
56.944	39
56.969	34
57.007	37
57.042	37
57.067	32
57.092	47
57.118	43
57.144	39
57.169	34
57.207	37
57.242	37
57.267	32
57.292	47
57.318	43
57.344	39
57.369	34
57.407	37
57.442	37
57.467	32
57.492	47
57.519	44
57.544	39
57.569	34
57.596	41
57.622	47
57.653	43
57.681	41
57.707	37
57.742	37
57.767	32
57.792	47
57.818	43
57.844	39
57.869	34
57.907	37
57.942	37
57.967	32
57.992	47
58.018	43
58.044	39
58.069	34
58.107	37
58.142	37
58.167	32
58.192	47
58.218	43
58.244	39
58.269	34
58.307	37
58.342	37
58.367	32
58.392	47
58.418	43
58.444	39
58.469	34
58.507	37
58.542	37
58.567	32
58.592	47
58.618	43
58.644	39
58.669	34
58.697	31
58.722	47
58.753	43
58.781	41
58.807	37
58.842	37
58.867	32
58.892	47
58.918	43
58.944	39
58.969	34
59.007	37
59.042	37
59.067	32
59.092	47
59.118	43
59.144	39
59.169	34
59.207	37
59.242	37
59.267	32
59.292	47
59.318	43
59.344	39
59.369	34
59.396	46
59.422	47
59.453	43
59.481	41
59.507	37
59.542	37
59.567	32
59.592	47
59.618	43
59.644	39
59.669	34
59.707	37
59.742	37
59.767	32
59.792	47
59.818	43
59.844	39
59.869	34
59.907	37
59.942	37
59.967	32
59.992	47
60.018	43
60.044	39
60.069	34
60.107	37
60.142	37
60.167	32
60.192	47
60.218	43
60.244	39
60.269	34
60.296	46
60.322	47
60.353	43
60.381	41
60.407	37
60.442	37
60.467	32
60.492	47
60.518	43
60.544	39
60.569	34
60.607	37
60.642	37
60.667	32
60.692	47
60.718	43
60.744	39
60.769	34
60.807	37
60.842	37
60.867	32
60.892	47
60.918	43
60.944	39
60.969	34
60.996	31
61.022	47
61.053	43
61.081	41
61.107	37
61.142	37
61.167	32
61.192	47
61.218	43
61.244	39
61.269	34
61.307	37
61.342	37
61.367	32
61.392	47
61.418	43
61.444	39
61.469	34
61.507	37
61.542	37
61.567	32
61.592	47
61.618	43
61.644	39
61.669	34
61.707	37
61.742	37
61.767	32
61.792	47
61.818	43
61.844	39
61.869	34
61.907	37
61.942	37
61.967	32
61.992	47
62.018	43
62.044	39
62.069	34
62.107	37
62.142	37
62.167	32
62.192	47
62.218	43
62.244	39
62.269	34
62.296	41
62.322	47
62.353	43
62.381	41
62.407	37
62.442	37
62.467	32
62.492	47
62.518	43
62.544	39
62.569	34
62.607	37
62.642	37
62.667	32
62.692	47
62.718	43
62.744	39
62.769	34
62.807	37
62.842	37
62.867	32
62.892	47
62.918	43
62.944	39
62.969	34
62.996	46
63.022	47
63.053	43
63.081	41
63.107	37
63.142	37
63.167	32
63.192	47
63.218	43
63.244	39
63.269	34
63.307	37
63.342	37
63.367	32
63.392	47
63.418	43
63.444	39
63.469	34
63.496	36
63.522	47
63.553	43
63.581	41
63.607	37
63.642	37
63.667	32
63.692	47
63.718	43
63.744	39
63.769	34
63.807	37
63.842	37
63.867	32
63.892	47
63.918	43
63.944	39
63.969	34
64.007	37
64.042	37
64.067	32
64.092	47
64.118	43
64.144	39
64.169	34
64.207	37
64.242	37
64.267	32
64.292	47
64.318	43
64.344	39
64.369	34
64.407	37
64.442	37
64.467	32
64.492	47
64.518	43
64.544	39
64.569	34
64.607	37
64.642	37
64.667	32
64.692	47
64.718	43
64.744	39
64.769	34
64.807	37
64.842	37
64.867	32
64.892	47
64.918	43
64.944	39
64.969	34
65.007	37
65.042	37
65.067	32
65.092	47
65.118	43
65.144	39
65.169	34
65.196	46
65.222	47
65.253	43
65.281	41
65.307	37
65.342	37
65.367	32
65.392	47
65.418	43
65.444	39
65.469	34
65.507	37
65.542	37
65.567	32
65.592	47
65.618	43
65.644	39
65.669	34
65.707	37
65.742	37
65.767	32
65.792	47
65.818	43
65.844	39
65.869	34
65.907	37
65.942	37
65.967	32
65.992	47
66.018	43
66.044	39
66.069	34
66.096	46
66.122	47
66.153	43
66.181	41
66.207	37
66.242	37
66.267	32
66.292	47
66.318	43
66.344	39
66.369	34
66.396	41
66.422	47
66.453	43
66.481	41
66.507	37
66.542	37
66.567	32
66.592	47
66.618	43
66.644	39
66.669	34
66.707	37
66.742	37
66.767	32
66.792	47
66.818	43
66.844	39
66.869	34
66.907	37
66.942	37
66.967	32
66.992	47
67.018	43
67.044	39
67.069	34
67.107	37
67.142	37
67.167	32
67.192	47
67.218	43
67.244	39
67.269	34
67.307	37
67.342	37
67.367	32
67.392	47
67.419	44
67.444	39
67.469	34
67.507	37
67.542	37
67.567	32
67.592	47
67.618	43
67.644	39
67.669	34
67.707	37
67.742	37
67.767	32
67.792	47
67.818	43
67.844	39
67.869	34
67.907	37
67.942	37
67.967	32
67.992	47
68.018	43
68.044	39
68.069	34
68.107	37
68.142	37
68.167	32
68.192	47
68.218	43
68.244	39
68.269	34
68.307	37
68.342	37
68.367	32
68.392	47
68.418	43
68.444	39
68.469	34
68.507	37
68.542	37
68.567	32
68.592	47
68.618	43
68.644	39
68.669	34
68.707	37
68.742	37
68.767	32
68.792	47
68.819	44
68.844	39
68.869	34
68.907	37
68.942	37
68.967	32
68.992	47
69.018	43
69.044	39
69.069	34
69.107	37
69.142	37
69.167	32
69.192	47
69.218	43
69.244	39
69.269	34
69.307	37
69.342	37
69.367	32
69.392	47
69.418	43
69.444	39
69.469	34
69.507	37
69.542	37
69.567	32
69.592	47
69.618	43
69.644	39
69.669	34
69.707	37
69.742	37
69.767	32
69.792	47
69.818	43
69.844	39
69.869	34
69.907	37
69.942	37
69.967	32
69.992	47
70.019	44
70.044	39
70.069	34
70.096	31
70.122	47
70.153	43
70.181	41
70.207	37
70.242	37
70.267	32
70.292	47
70.318	43
70.344	39
70.369	34
70.407	37
70.442	37
70.467	32
70.492	47
70.518	43
70.544	39
70.569	34
70.607	37
70.642	37
70.667	32
70.692	47
70.718	43
70.744	39
70.769	34
70.807	37
70.842	37
70.867	32
70.892	47
70.918	43
70.944	39
70.969	34
71.007	37
71.042	37
71.067	32
71.092	47
71.118	43
71.144	39
71.169	34
71.207	37
71.242	37
71.267	32
71.292	47
71.318	43
71.344	39
71.369	34
71.407	37
71.442	37
71.467	32
71.492	47
71.518	43
71.544	39
71.569	34
71.596	41
71.622	47
71.653	43
71.681	41
71.707	37
71.742	37
71.767	32
71.792	47
71.818	43
71.844	39
71.869	34
71.907	37
71.942	37
71.967	32
71.992	47
72.018	43
72.044	39
72.069	34
72.107	37
72.142	37
72.167	32
72.192	47
72.218	43
72.244	39
72.269	34
72.307	37
72.342	37
72.367	32
72.392	47
72.418	43
72.444	39
72.469	34
72.507	37
72.542	37
72.567	32
72.592	47
72.618	43
72.644	39
72.669	34
72.707	37
72.742	37
72.767	32
72.792	47
72.818	43
72.844	39
72.869	34
72.907	37
72.942	37
72.967	32
72.992	47
73.018	43
73.044	39
73.069	34
73.107	37
73.142	37
73.167	32
73.192	47
73.218	43
73.244	39
73.269	34
73.307	37
73.342	37
73.367	32
73.392	47
73.418	43
73.444	39
73.469	34
73.507	37
73.542	37
73.567	32
73.592	47
73.618	43
73.644	39
73.669	34
73.707	37
73.742	37
73.767	32
73.792	47
73.818	43
73.844	39
73.869	34
73.896	46
73.922	47
73.953	43
73.981	41
74.007	37
74.042	37
74.067	32
74.092	47
74.118	43
74.144	39
74.169	34
74.207	37
74.242	37
74.267	32
74.292	47
74.318	43
74.344	39
74.369	34
74.407	37
74.442	37
74.467	32
74.492	47
74.518	43
74.544	39
74.569	34
74.596	41
74.622	47
74.653	43
74.681	41
74.707	37
74.742	37
74.767	32
74.792	47
74.818	43
74.844	39
74.869	34
74.907	37
74.942	37
74.967	32
74.992	47
75.018	43
75.044	39
75.069	34
75.107	37
75.142	37
75.167	32
75.192	47
75.218	43
75.244	39
75.269	34
75.307	37
75.342	37
75.367	32
75.392	47
75.418	43
75.444	39
75.469	34
75.507	37
75.542	37
75.567	32
75.592	47
75.618	43
75.644	39
75.669	34
75.707	37
75.742	37
75.767	32
75.792	47
75.818	43
75.844	39
75.869	34
75.907	37
75.942	37
75.967	32
75.992	47
76.019	44
76.044	39
76.069	34
76.107	37
76.142	37
76.167	32
76.192	47
76.218	43
76.244	39
76.269	34
76.307	37
76.342	37
76.367	32
76.392	47
76.418	43
76.444	39
76.469	34
76.507	37
76.542	37
76.567	32
76.592	47
76.618	43
76.644	39
76.669	34
76.697	31
76.722	47
76.753	43
76.781	41
76.807	37
76.842	37
76.867	32
76.892	47
76.918	43
76.944	39
76.969	34
77.007	37
77.042	37
77.067	32
77.092	47
77.118	43
77.144	39
77.169	34
77.207	37
77.242	37
77.267	32
77.292	47
77.318	43
77.344	39
77.369	34
77.407	37
77.442	37
77.467	32
77.492	47
77.518	43
77.544	39
77.569	34
77.607	37
77.642	37
77.667	32
77.692	47
77.718	43
77.744	39
77.769	34
77.807	37
77.842	37
77.867	32
77.892	47
77.918	43
77.944	39
77.969	34
78.007	37
78.042	37
78.067	32
78.092	47
78.118	43
78.144	39
78.169	34
78.207	37
78.242	37
78.267	32
78.292	47
78.318	43
78.344	39
78.369	34
78.407	37
78.442	37
78.467	32
78.492	47
78.518	43
78.544	39
78.569	34
78.607	37
78.642	37
78.667	32
78.692	47
78.718	43
78.744	39
78.769	34
78.807	37
78.842	37
78.867	32
78.892	47
78.918	43
78.944	39
78.969	34
79.007	37
79.042	37
79.067	32
79.092	47
79.118	43
79.144	39
79.169	34
79.207	37
79.242	37
79.267	32
79.292	47
79.318	43
79.344	39
79.369	34
79.407	37
79.442	37
79.467	32
79.492	47
79.518	43
79.544	39
79.569	34
79.607	37
79.642	37
79.667	32
79.692	47
79.718	43
79.744	39
79.769	34
79.807	37
79.842	37
79.867	32
79.892	47
79.918	43
79.944	39
79.969	34
80.007	37
80.042	37
80.068	33
80.095	50
80.128	53
80.154	49
80.18	45
80.216	46
80.251	46
80.277	42
80.303	58
80.331	56
80.357	52
80.383	48
80.413	68
80.441	66
80.476	66
80.501	61
80.534	59
80.562	57
80.588	53
80.623	53
80.658	53
80.684	69
80.711	66
80.738	63
80.771	61
80.796	56
80.822	52
80.855	50
80.88	45
80.906	61
80.937	57
80.962	52
80.987	47
81.022	47
81.047	42
81.081	41
81.106	36
81.143	38
81.169	34
81.196	51
81.221	46
81.247	42
81.282	42
81.307	37
81.343	38
81.369	34
81.396	51
81.421	46
81.447	42
81.482	42
81.507	37
81.543	38
81.569	34
81.596	51
81.622	47
81.647	42
81.682	42
81.708	38
81.744	39
81.77	35
81.797	52
81.822	47
81.848	43
81.883	43
81.909	39
81.944	39
81.969	34
81.998	53
82.023	48
82.049	44
82.084	44
82.109	39
82.135	55
82.161	51
82.187	47
82.213	43
82.247	42
82.273	38
82.301	56
82.327	52
82.362	52
82.387	47
82.413	43
82.448	43
82.473	38
82.502	57
82.527	52
82.553	48
82.588	48
82.613	43
82.639	59
82.665	55
82.691	51
82.716	46
82.751	46
82.777	42
82.805	60
82.83	55
82.856	51
82.891	51
82.916	46
82.942	62
82.968	58
82.994	54
83.019	49
83.054	49
83.079	44
83.109	64
83.135	60
83.171	61
83.197	57
83.223	53
83.257	52
83.283	48
83.311	66
83.337	62
83.373	63
83.399	59
83.435	60
83.461	56
83.496	56
83.523	53
83.549	69
83.575	65
83.601	61
83.635	60
83.661	56
83.696	56
83.725	55
83.758	53
83.783	48
83.812	67
83.837	62
83.863	58
83.898	58
83.923	53
83.959	54
83.984	69
84.011	66
84.036	61
84.061	56
84.086	51
84.111	66
84.138	63
84.172	62
84.198	58
84.224	54
84.261	56
84.287	52
84.322	52
84.356	51
84.382	47
84.411	66
84.437	62
84.472	62
84.497	57
84.523	53
84.559	54
84.585	50
84.61	65
84.636	61
84.67	60
84.695	55
84.721	51
84.755	50
84.781	46
84.808	63
84.834	59
84.868	58
84.894	54
84.919	49
84.952	47
84.978	43
85.005	60
85.031	56
85.066	56
85.092	52
85.118	48
85.143	43
85.171	61
85.204	59
85.23	55
85.256	51
85.289	49
85.314	44
85.339	59
85.371	61
85.404	59
85.429	54
85.456	51
85.49	50
85.515	45
85.541	61
85.572	62
85.606	61
85.631	56
85.659	54
85.692	52
85.717	47
85.743	63
85.775	65
85.809	64
85.834	59
85.862	57
85.895	55
85.92	50
85.946	66
85.978	68
86.01	65
86.036	61
86.062	57
86.096	56
86.123	53
86.149	49
86.175	65
86.209	64
86.235	60
86.266	61
86.294	54
86.319	49
86.345	65
86.373	63
86.398	58
86.423	53
86.449	49
86.477	67
86.51	65
86.536	61
86.564	59
86.599	59
86.624	54
86.649	49
86.675	65
86.71	65
86.738	63
86.764	59
86.791	51
86.817	47
86.844	44
86.874	64
86.901	61
86.936	61
86.961	56
86.994	54
87.021	51
87.046	66
87.075	65
87.108	63
87.133	58
87.158	53
87.184	49
87.209	64
87.234	59
87.26	55
87.292	52
87.317	47
87.343	43
87.37	60
87.402	57
87.427	52
87.452	47
87.484	44
87.509	39
87.534	34
87.563	53
87.596	51
87.621	46
87.647	42
87.682	42
87.707	37
87.732	32
87.761	51
87.786	46
87.82	45
87.847	42
87.882	42
87.908	38
87.933	33
87.963	53
87.997	52
88.023	48
88.048	43
88.082	42
88.108	38
88.134	34
88.163	53
88.197	52
88.223	48
88.249	44
88.282	42
88.307	37
88.333	53
88.365	55
88.398	53
88.423	48
88.454	49
88.488	48
88.513	43
88.539	59
88.571	61
88.606	61
88.631	56
88.66	55
88.694	54
88.719	49
88.745	65
88.774	64
88.808	63
88.834	59
88.862	57
88.897	57
88.922	52
88.947	47
88.976	66
89.001	61
89.026	56
89.061	56
89.096	56
89.125	55
89.15	50
89.175	65
89.209	64
89.235	60
89.268	63
89.298	58
89.324	54
89.35	50
89.377	67
89.403	63
89.438	63
89.464	59
89.499	59
89.525	55
89.55	50
89.579	44
89.608	63
89.636	61
89.664	59
89.699	59
89.724	54
89.749	49
89.774	64
89.799	59
89.824	54
89.849	49
89.874	54
89.899	59
89.93	55
89.957	52
89.992	52
90.017	47
90.042	42
90.072	62
90.104	59
90.129	54
90.154	49
90.186	46
90.211	41
90.236	36
90.264	54
90.298	53
90.323	48
90.349	44
90.382	42
90.407	37
90.433	33
90.462	52
90.497	52
90.522	47
90.548	43
90.582	42
90.608	38
90.634	34
90.664	54
90.697	52
90.722	47
90.75	45
90.785	45
90.81	40
90.835	55
90.867	57
90.901	56
90.926	51
90.955	50
90.99	50
91.015	45
91.04	60
91.073	63
91.108	63
91.133	58
91.162	57
91.195	55
91.22	50
91.245	65
91.274	64
91.3	60
91.325	55
91.35	50
91.379	44
91.41	65
91.435	60
91.464	59
91.489	54
91.522	52
91.549	49
91.575	65
91.611	66
91.639	64
91.665	60
91.694	54
91.721	51
91.75	50
91.778	68
91.804	64
91.835	60
91.865	60
91.9	60
91.926	56
91.96	55
91.995	55
92.025	55
92.054	54
92.079	44
92.11	65
92.135	60
92.164	59
92.199	59
92.233	58
92.26	55
92.285	50
92.321	51
92.346	46
92.376	66
92.408	63
92.434	59
92.461	56
92.489	49
92.514	44
92.539	39
92.567	57
92.601	56
92.627	52
92.653	48
92.682	42
92.707	37
92.732	32
92.762	52
92.796	51
92.822	47
92.848	43
92.882	42
92.908	38
92.934	34
92.961	51
92.996	51
93.021	46
93.047	42
93.082	42
93.107	37
93.132	32
93.161	51
93.186	46
93.22	45
93.248	43
93.282	42
93.308	38
93.334	34
93.363	53
93.397	52
93.423	48
93.449	44
93.482	42
93.508	38
93.534	34
93.564	54
93.598	53
93.624	49
93.653	48
93.687	47
93.713	43
93.738	58
93.771	61
93.806	61
93.831	56
93.86	55
93.895	55
93.921	51
93.946	46
93.973	63
94.008	63
94.033	58
94.064	59
94.099	59
94.124	54
94.15	50
94.177	67
94.202	62
94.235	60
94.262	57
94.297	57
94.322	52
94.348	48
94.375	40
94.4	55
94.43	55
94.456	51
94.487	47
94.513	43
94.538	38
94.567	32
94.594	49
94.62	45
94.648	43
94.683	43
94.708	38
94.734	34
94.76	50
94.785	45
94.81	40
94.836	36
94.867	32
94.895	50
94.92	45
94.948	43
94.983	43
95.008	38
95.034	34
95.067	32
95.094	49
95.12	45
95.148	43
95.183	43
95.208	38
95.234	34
95.26	50
95.285	45
95.31	40
95.336	36
95.361	51
95.396	51
95.421	46
95.448	43
95.483	43
95.509	39
95.534	34
95.561	51
95.596	51
95.621	46
95.648	43
95.684	44
95.709	39
95.734	34
95.761	51
95.796	51
95.822	47
95.849	44
95.884	44
95.909	39
95.934	34
95.961	51
95.994	49
96.022	47
96.049	44
96.084	44
96.109	39
96.134	34
96.161	51
96.194	49
96.222	47
96.249	44
96.282	42
96.308	38
96.333	33
96.36	50
96.393	48
96.422	47
96.449	44
96.484	44
96.509	39
96.535	35
96.562	52
96.594	49
96.622	47
96.649	44
96.682	42
96.708	38
96.733	33
96.76	50
96.793	48
96.825	50
96.851	46
96.882	42
96.911	41
96.937	37
96.962	52
96.994	49
97.025	50
97.051	46
97.082	42
97.111	41
97.137	37
97.162	52
97.195	50
97.224	49
97.25	45
97.284	44
97.311	41
97.337	37
97.362	52
97.396	51
97.426	51
97.452	47
97.484	44
97.511	41
97.537	37
97.567	32
97.595	50
97.624	49
97.65	45
97.684	44
97.711	41
97.737	37
97.767	32
97.795	50
97.822	47
97.85	45
97.884	44
97.911	41
97.936	36
97.961	51
97.986	46
98.011	41
98.036	36
98.061	51
98.086	46
98.111	41
98.136	36
98.163	53
98.197	52
98.226	51
98.251	46
98.284	44
98.312	42
98.338	38
98.363	53
98.397	52
98.426	51
98.451	46
98.484	44
98.512	42
98.538	38
98.567	32
98.595	50
98.627	52
98.653	48
98.684	44
98.712	42
98.738	38
98.764	54
98.797	52
98.825	50
98.851	46
98.885	45
98.913	43
98.939	39
98.965	55
98.998	53
99.028	53
99.053	48
99.086	46
99.114	44
99.14	40
99.165	55
99.198	53
99.226	51
99.254	49
99.288	48
99.314	44
99.34	40
99.368	58
99.4	55
99.428	53
99.456	51
99.49	50
99.516	46
99.542	42
99.57	60
99.602	57
99.634	59
99.66	55
99.692	52
99.72	50
99.745	45
99.773	63
99.806	61
99.835	60
99.861	56
99.895	55
99.923	53
99.948	48
99.974	64
100.008	63
100.039	64
100.064	59
100.096	56
100.124	54
100.149	49
100.177	67
100.211	66
100.239	64
100.264	59
100.3	60
100.328	58
100.354	54
100.382	47
100.412	67
100.442	67
100.469	64
100.499	59
100.525	55
100.551	51
100.577	52
100.602	62
100.628	58
100.665	60
100.697	57
100.728	58
100.764	59
100.801	61
100.826	56
100.853	53
100.878	68
100.909	64
100.94	65
100.965	60
100.996	56
101.025	55
101.051	51
101.076	66
101.102	62
101.127	57
101.163	58
101.198	58
101.226	56
101.252	52
101.281	46
101.308	63
101.338	63
101.364	59
101.397	57
101.423	53
101.449	49
101.474	64
101.507	62
101.536	61
101.562	57
101.592	52
101.619	49
101.644	44
101.669	59
101.702	57
101.733	58
101.759	54
101.79	50
101.818	48
101.844	44
101.87	60
101.903	58
101.931	56
101.957	52
101.991	51
102.019	49
102.044	44
102.072	62
102.106	61
102.136	61
102.161	56
102.195	55
102.223	53
102.248	48
102.277	67
102.311	66
102.34	65
102.367	62
102.395	55
102.424	54
102.449	49
102.477	67
102.502	62
102.527	57
102.552	52
102.578	68
102.603	63
102.628	58
102.653	53
102.685	50
102.713	68
102.743	68
102.768	63
102.803	63
102.829	59
102.854	54
102.884	49
102.912	67
102.942	67
102.968	63
103.003	63
103.028	58
103.053	53
103.078	68
103.103	63
103.128	58
103.154	54
103.179	44
103.209	64
103.242	67
103.276	66
103.303	63
103.329	59
103.355	55
103.381	46
103.409	64
103.44	65
103.465	60
103.497	57
103.524	54
103.549	49
103.575	65
103.608	63
103.636	61
103.671	61
103.703	58
103.731	56
103.756	51
103.786	46
103.812	42
103.837	37
103.863	53
103.898	53
103.926	51
103.952	47
103.983	43
104.01	40
104.035	35
104.062	52
104.097	52
104.126	51
104.152	47
104.184	44
104.212	42
104.237	37
104.265	55
104.299	54
104.329	54
104.355	50
104.387	47
104.417	47
104.442	42
104.471	61
104.506	61
104.535	60
104.561	56
104.596	56
104.625	55
104.651	51
104.678	43
104.707	62
104.737	62
104.765	60
104.798	58
104.825	55
104.85	50
104.876	66
104.901	61
104.927	57
104.962	57
104.987	52
105.013	63
105.041	66
105.074	64
105.106	61
105.137	62
105.163	58
105.195	55
105.222	52
105.258	53
105.289	49
105.317	47
105.352	47
105.384	44
105.411	41
105.447	42
105.482	42
105.51	40
105.547	42
105.582	42
105.61	40
105.647	42
105.682	42
105.71	40
105.747	42
105.782	42
105.81	40
105.847	42
105.883	43
105.91	40
105.936	36
105.961	51
105.996	51
106.025	50
106.051	46
106.084	44
106.111	41
106.136	36
106.162	52
106.196	51
106.227	52
106.252	47
106.287	47
106.316	46
106.341	41
106.369	59
106.403	58
106.434	59
106.46	55
106.494	54
106.524	54
106.549	49
106.576	41
106.605	60
106.637	62
106.662	57
106.688	53
106.728	58
106.763	58
106.799	59
106.827	57
106.852	52
106.879	44
106.908	63
106.941	66
106.97	65
106.999	59
107.024	54
107.049	49
107.076	66
107.105	65
107.141	66
107.167	62
107.196	56
107.238	68
107.265	60
107.291	56
107.331	61
107.357	57
107.382	47
107.409	64
107.441	66
107.47	65
107.501	61
107.526	56
107.562	57
107.593	58
107.626	56
107.663	58
107.694	54
107.731	61
107.762	57
107.793	53
107.818	48
107.844	44
107.873	63
107.904	59
107.931	56
107.965	55
107.997	52
108.025	50
108.051	46
108.084	44
108.11	40
108.136	36
108.162	52
108.197	52
108.225	50
108.25	45
108.284	44
108.31	40
108.336	36
108.367	32
108.395	50
108.424	49
108.45	45
108.484	44
108.511	41
108.537	37
108.562	52
108.587	47
108.612	42
108.637	37
108.666	56
108.7	55
108.729	54
108.755	50
108.79	50
108.819	49
108.844	44
108.874	64
108.907	62
108.936	61
108.962	57
108.995	55
109.025	55
109.05	50
109.076	66
109.101	61
109.128	58
109.153	53
109.181	66
109.21	65
109.239	64
109.264	59
109.298	58
109.325	55
109.351	51
109.383	48
109.408	63
109.436	61
109.469	59
109.498	53
109.524	49
109.549	44
109.582	42
109.609	39
109.634	34
109.667	32
109.693	48
109.721	46
109.747	42
109.782	42
109.809	39
109.834	34
109.867	32
109.893	48
109.921	46
109.947	42
109.982	42
110.009	39
110.034	34
110.06	40
110.093	48
110.121	46
110.147	42
110.182	42
110.209	39
110.234	34
110.267	32
110.294	49
110.322	47
110.348	43
110.381	41
110.408	38
110.434	34
110.459	49
110.494	49
110.523	48
110.548	43
110.582	42
110.608	38
110.634	34
110.659	49
110.694	49
110.723	48
110.748	43
110.782	42
110.808	38
110.834	34
110.859	49
110.894	49
110.923	48
110.948	43
110.982	42
111.008	38
111.034	34
111.059	49
111.094	49
111.123	48
111.148	43
111.182	42
111.208	38
111.234	34
111.259	49
111.294	49
111.323	48
111.348	43
111.382	42
111.408	38
111.434	34
111.459	49
111.494	49
111.523	48
111.548	43
111.582	42
111.608	38
111.634	34
111.659	49
111.684	44
111.71	40
111.736	36
111.767	32
111.794	49
111.823	48
111.849	44
111.882	42
111.908	38
111.934	34
111.959	49
111.984	44
112.01	40
112.036	36
112.067	32
112.094	49
112.123	48
112.149	44
112.182	42
112.208	38
112.234	34
112.259	49
112.284	44
112.31	40
112.336	36
112.362	37
112.395	50
112.423	48
112.449	44
112.482	42
112.508	38
112.534	34
112.56	50
112.595	50
112.623	48
112.649	44
112.682	42
112.708	38
112.734	34
112.76	50
112.795	50
112.823	48
112.849	44
112.882	42
112.908	38
112.934	34
112.96	50
112.995	50
113.023	48
113.049	44
113.082	42
113.108	38
113.134	34
113.16	50
113.195	50
113.223	48
113.249	44
113.282	42
113.308	38
113.334	34
113.36	50
113.395	50
113.423	48
113.449	44
113.482	42
113.509	39
113.534	34
113.56	50
113.595	50
113.623	48
113.649	44
113.682	42
113.709	39
113.734	34
113.76	50
113.795	50
113.823	48
113.849	44
113.882	42
113.909	39
113.934	34
113.96	50
113.995	50
114.023	48
114.049	44
114.082	42
114.109	39
114.134	34
114.16	50
114.195	50
114.223	48
114.249	44
114.282	42
114.309	39
114.334	34
114.36	50
114.395	50
114.423	48
114.449	44
114.482	42
114.509	39
114.534	34
114.56	50
114.595	50
114.623	48
114.649	44
114.682	42
114.709	39
114.734	34
114.76	50
114.795	50
114.823	48
114.849	44
114.882	42
114.909	39
114.934	34
114.96	50
114.995	50
115.023	48
115.049	44
115.082	42
115.109	39
115.134	34
115.16	50
115.195	50
115.223	48
115.249	44
115.282	42
115.309	39
115.334	34
115.36	50
115.395	50
115.423	48
115.449	44
115.482	42
115.509	39
115.534	34
115.56	50
115.595	50
115.624	49
115.649	44
115.682	42
115.709	39
115.734	34
115.76	50
115.795	50
115.824	49
115.849	44
115.882	42
115.909	39
115.934	34
115.96	50
115.995	50
116.024	49
116.049	44
116.082	42
116.109	39
116.134	34
116.16	50
116.195	50
116.224	49
116.249	44
116.282	42
116.309	39
116.334	34
116.36	50
116.395	50
116.424	49
116.449	44
116.482	42
116.509	39
116.534	34
116.56	50
116.595	50
116.624	49
116.649	44
116.682	42
116.709	39
116.734	34
116.76	50
116.795	50
116.824	49
116.849	44
116.882	42
116.909	39
116.934	34
116.961	51
116.996	51
117.024	49
117.049	44
117.082	42
117.109	39
117.134	34
117.161	51
117.196	51
117.224	49
117.249	44
117.282	42
117.309	39
117.334	34
117.361	51
117.396	51
117.424	49
117.449	44
117.482	42
117.509	39
117.534	34
117.561	51
117.596	51
117.624	49
117.649	44
117.682	42
117.709	39
117.734	34
117.761	51
117.796	51
117.824	49
117.849	44
117.883	43
117.909	39
117.934	34
117.961	51
117.996	51
118.024	49
118.049	44
118.083	43
118.109	39
118.134	34
118.161	51
118.196	51
118.224	49
118.249	44
118.283	43
118.309	39
118.334	34
118.361	51
118.396	51
118.424	49
118.449	44
118.483	43
118.509	39
118.534	34
118.561	51
118.596	51
118.624	49
118.65	45
118.683	43
118.709	39
118.734	34
118.761	51
118.796	51
118.824	49
118.85	45
118.883	43
118.909	39
118.934	34
118.961	51
118.996	51
119.025	50
119.05	45
119.083	43
119.109	39
119.134	34
119.161	51
119.196	51
119.225	50
119.25	45
119.283	43
119.309	39
119.335	35
119.361	51
119.396	51
119.425	50
119.45	45
119.483	43
119.51	40
119.535	35
119.561	51
119.596	51
119.625	50
119.65	45
119.683	43
119.709	39
119.735	35
119.761	51
119.796	51
119.825	50
119.85	45
119.883	43
119.91	40
119.935	35
119.961	51
119.996	51
120.025	50
120.05	45
120.084	44
120.111	41
120.137	37
120.162	52
120.197	52
120.225	50
120.251	46
120.284	44
120.311	41
120.337	37
120.362	52
120.397	52
120.425	50
120.451	46
120.484	44
120.511	41
120.537	37
120.562	52
120.595	50
120.626	51
120.652	47
120.682	42
120.711	41
120.737	37
120.763	53
120.795	50
120.826	51
120.852	47
120.882	42
120.911	41
120.937	37
120.963	53
120.997	52
121.026	51
121.052	47
121.084	44
121.111	41
121.137	37
121.163	53
121.197	52
121.226	51
121.252	47
121.284	44
121.311	41
121.336	36
121.363	53
121.397	52
121.426	51
121.452	47
121.484	44
121.511	41
121.536	36
121.563	53
121.597	52
121.626	51
121.652	47
121.682	42
121.711	41
121.736	36
121.763	53
121.795	50
121.826	51
121.852	47
121.882	42
121.911	41
121.936	36
121.963	53
121.995	50
122.026	51
122.052	47
122.082	42
122.111	41
122.136	36
122.163	53
122.197	52
122.225	50
122.25	45
122.283	43
122.311	41
122.336	36
122.364	54
122.397	52
122.425	50
122.45	45
122.483	43
122.511	41
122.536	36
122.564	54
122.597	52
122.626	51
122.652	47
122.684	44
122.712	42
122.738	38
122.765	55
122.798	53
122.826	51
122.851	46
122.883	43
122.913	43
122.939	39
122.965	55
122.997	52
123.025	50
123.052	47
123.084	44
123.114	44
123.14	40
123.166	56
123.198	53
123.228	53
123.253	48
123.287	47
123.315	45
123.34	40
123.368	58
123.401	56
123.43	55
123.455	50
123.488	48
123.517	47
123.543	43
123.569	59
123.603	58
123.632	57
123.658	53
123.69	50
123.718	48
123.743	43
123.771	61
123.805	60
123.834	59
123.86	55
123.892	52
123.92	50
123.945	45
123.974	64
124.007	62
124.036	61
124.061	56
124.091	51
124.119	49
124.144	44
124.172	62
124.197	57
124.224	54
124.249	49
124.277	42
124.307	62
124.336	61
124.362	57
124.396	56
124.424	54
124.449	49
124.479	44
124.509	64
124.537	62
124.562	57
124.597	57
124.624	54
124.66	55
124.696	56
124.724	54
124.75	50
124.775	65
124.808	63
124.838	63
124.864	59
124.891	51
124.919	49
124.944	44
124.971	61
124.997	57
125.025	55
125.06	55
125.093	53
125.12	50
125.146	66
125.177	67
125.209	64
125.237	62
125.262	57
125.292	52
125.32	50
125.345	45
125.374	64
125.407	62
125.435	60
125.46	55
125.491	51
125.519	49
125.545	45
125.572	62
125.606	61
125.634	59
125.66	55
125.692	52
125.72	50
125.746	46
125.772	62
125.806	61
125.834	59
125.859	54
125.892	52
125.921	51
125.947	47
125.974	64
126.008	63
126.036	61
126.061	56
126.095	55
126.124	54
126.149	49
126.174	64
126.208	63
126.237	62
126.264	59
126.298	58
126.325	55
126.361	56
126.397	57
126.427	57
126.463	58
126.495	55
126.523	53
126.55	51
126.579	44
126.609	64
126.637	62
126.662	57
126.687	52
126.722	52
126.748	48
126.774	64
126.799	59
126.824	54
126.849	49
126.877	67
126.902	62
126.928	58
126.962	57
126.995	55
127.026	56
127.051	51
127.079	44
127.108	63
127.137	62
127.164	59
127.194	54
127.222	52
127.247	47
127.272	62
127.297	57
127.323	53
127.348	48
127.373	63
127.408	63
127.435	60
127.46	55
127.491	51
127.519	49
127.544	44
127.571	61
127.604	59
127.632	57
127.657	52
127.689	49
127.717	47
127.742	42
127.77	60
127.803	58
127.831	56
127.856	51
127.89	50
127.919	49
127.944	44
127.973	63
128.007	62
128.035	60
128.06	55
128.095	55
128.124	54
128.149	49
128.176	66
128.211	66
128.24	65
128.266	61
128.293	53
128.322	52
128.348	48
128.377	67
128.403	63
128.428	58
128.464	59
128.499	59
128.528	58
128.564	59
128.596	56
128.629	59
128.664	59
128.689	54
128.726	56
128.754	59
128.779	44
128.809	64
128.84	65
128.866	61
128.892	57
128.927	57
128.952	52
128.977	67
129.011	66
129.042	67
129.067	62
129.099	59
129.124	54
129.149	49
129.176	66
129.209	64
129.24	65
129.274	64
129.307	62
129.332	57
129.357	52
129.386	46
129.411	41
129.436	36
129.462	52
129.496	51
129.523	48
129.549	44
129.582	42
129.609	39
129.634	34
129.662	52
129.697	52
129.724	49
129.75	45
129.781	41
129.808	38
129.834	34
129.861	51
129.896	51
129.923	48
129.949	44
129.982	42
130.009	39
130.034	34
130.062	52
130.097	52
130.125	50
130.15	45
130.182	42
130.21	40
130.236	36
130.264	54
130.298	53
130.326	51
130.351	46
130.384	44
130.413	43
130.439	39
130.467	57
130.501	56
130.529	54
130.554	49
130.588	48
130.616	46
130.642	42
130.67	60
130.704	59
130.733	58
130.759	54
130.791	51
130.819	49
130.845	45
130.874	64
130.908	63
130.936	61
130.962	57
130.994	54
131.022	52
131.047	47
131.077	67
131.109	64
131.137	62
131.163	58
131.195	55
131.225	55
131.25	50
131.277	67
131.309	64
131.338	63
131.364	59
131.399	59
131.426	56
131.452	52
131.483	48
131.512	67
131.539	64
131.564	59
131.595	55
131.628	58
131.653	53
131.687	52
131.724	54
131.75	65
131.777	67
131.809	64
131.84	65
131.866	61
131.892	57
131.928	58
131.963	58
131.995	55
132.021	61
132.048	48
132.076	66
132.101	61
132.126	56
132.155	55
132.181	46
132.209	64
132.238	63
132.272	62
132.297	57
132.332	57
132.357	52
132.385	45
132.414	44
132.449	44
132.481	41
132.508	38
132.534	34
132.561	51
132.596	51
132.623	48
132.648	43
132.682	42
132.708	38
132.734	34
132.761	51
132.797	52
132.823	48
132.848	43
132.881	41
132.908	38
132.934	34
132.961	51
132.996	51
133.022	47
133.047	42
133.082	42
133.109	39
133.134	34
133.162	52
133.197	52
133.224	49
133.25	45
133.284	44
133.313	43
133.338	38
133.367	57
133.402	57
133.431	56
133.457	52
133.492	52
133.521	51
133.546	46
133.576	66
133.61	65
133.64	65
133.665	60
133.694	54
133.724	54
133.749	49
133.777	67
133.802	62
133.828	58
133.86	55
133.885	50
133.925	55
133.951	51
133.977	42
134.002	52
134.03	50
134.057	47
134.082	42
134.109	39
134.134	34
134.159	34
134.184	44
134.209	39
134.234	34
134.267	32
134.292	47
134.32	45
134.347	42
134.382	42
134.409	39
134.434	34
134.467	32
134.492	47
134.52	45
134.547	42
134.582	42
134.609	39
134.634	34
134.659	44
134.684	44
134.709	39
134.734	34
134.767	32
134.792	47
134.82	45
134.848	43
134.882	42
134.908	38
134.934	34
134.967	32
134.993	48
135.021	46
135.047	42
135.082	42
135.108	38
135.134	34
135.167	32
135.193	48
135.221	46
135.247	42
135.282	42
135.308	38
135.334	34
135.367	32
135.393	48
135.422	47
135.448	43
135.481	41
135.508	38
135.534	34
135.567	32
135.593	48
135.622	47
135.648	43
135.681	41
135.708	38
135.734	34
135.76	40
135.792	47
135.822	47
135.848	43
135.881	41
135.908	38
135.934	34
135.959	49
135.994	49
136.02	45
136.046	41
136.071	36
136.108	38
136.134	34
136.159	49
136.194	49
136.22	45
136.246	41
136.271	36
136.308	38
136.334	34
136.359	49
136.394	49
136.421	46
136.447	42
136.482	42
136.508	38
136.534	34
136.559	49
136.594	49
136.622	47
136.647	42
136.682	42
136.708	38
136.734	34
136.759	49
136.784	44
136.81	40
136.836	36
136.867	32
136.894	49
136.922	47
136.947	42
136.982	42
137.008	38
137.034	34
137.059	49
137.084	44
137.11	40
137.136	36
137.167	32
137.194	49
137.223	48
137.249	44
137.282	42
137.308	38
137.334	34
137.36	50
137.393	48
137.423	48
137.449	44
137.482	42
137.508	38
137.534	34
137.56	50
137.595	50
137.623	48
137.649	44
137.682	42
137.708	38
137.734	34
137.76	50
137.795	50
137.823	48
137.849	44
137.882	42
137.908	38
137.934	34
137.96	50
137.995	50
138.023	48
138.049	44
138.082	42
138.108	38
138.134	34
138.16	50
138.195	50
138.223	48
138.249	44
138.282	42
138.308	38
138.334	34
138.36	50
138.395	50
138.423	48
138.449	44
138.482	42
138.508	38
138.534	34
138.56	50
138.595	50
138.623	48
138.649	44
138.682	42
138.708	38
138.734	34
138.76	50
138.795	50
138.823	48
138.849	44
138.882	42
138.908	38
138.934	34
138.96	50
138.995	50
139.023	48
139.049	44
139.082	42
139.108	38
139.134	34
139.16	50
139.195	50
139.223	48
139.249	44
139.282	42
139.308	38
139.334	34
139.36	50
139.395	50
139.423	48
139.449	44
139.482	42
139.508	38
139.534	34
139.56	50
139.595	50
139.623	48
139.649	44
139.682	42
139.708	38
139.734	34
139.76	50
139.795	50
139.823	48
139.849	44
139.882	42
139.908	38
139.934	34
139.96	50
139.995	50
140.023	48
140.049	44
140.082	42
140.108	38
140.134	34
140.16	50
140.195	50
140.223	48
140.249	44
140.282	42
140.309	39
140.334	34
140.36	50
140.395	50
140.423	48
140.449	44
140.482	42
140.509	39
140.534	34
140.56	50
140.595	50
140.623	48
140.649	44
140.682	42
140.709	39
140.734	34
140.76	50
140.795	50
140.823	48
140.849	44
140.882	42
140.909	39
140.934	34
140.96	50
140.995	50
141.024	49
141.049	44
141.082	42
141.109	39
141.134	34
141.16	50
141.195	50
141.224	49
141.249	44
141.282	42
141.309	39
141.334	34
141.36	50
141.396	51
141.424	49
141.449	44
141.482	42
141.509	39
141.534	34
141.561	51
141.596	51
141.624	49
141.649	44
141.682	42
141.709	39
141.734	34
141.761	51
141.796	51
141.824	49
141.849	44
141.883	43
141.909	39
141.934	34
141.961	51
141.996	51
142.024	49
142.05	45
142.083	43
142.109	39
142.134	34
142.161	51
142.196	51
142.224	49
142.25	45
142.283	43
142.309	39
142.334	34
142.361	51
142.396	51
142.424	49
142.45	45
142.483	43
142.509	39
142.534	34
142.561	51
142.596	51
142.623	48
142.648	43
142.682	42
142.709	39
142.734	34
142.761	51
142.796	51
142.823	48
142.848	43
142.882	42
142.909	39
142.934	34
142.961	51
142.996	51
143.023	48
143.048	43
143.082	42
143.109	39
143.134	34
143.161	51
143.196	51
143.223	48
143.248	43
143.282	42
143.309	39
143.334	34
143.361	51
143.396	51
143.423	48
143.448	43
143.482	42
143.509	39
143.534	34
143.561	51
143.596	51
143.623	48
143.648	43
143.682	42
143.709	39
143.734	34
143.761	51
143.796	51
143.823	48
143.848	43
143.882	42
143.909	39
143.934	34
143.961	51
143.996	51
144.023	48
144.048	43
144.082	42
144.109	39
144.134	34
144.161	51
144.196	51
144.224	49
144.249	44
144.282	42
144.309	39
144.334	34
144.361	51
144.396	51
144.424	49
144.449	44
144.482	42
144.509	39
144.534	34
144.562	52
144.596	51
144.624	49
144.649	44
144.682	42
144.709	39
144.735	35
144.762	52
144.796	51
144.824	49
144.849	44
144.882	42
144.909	39
144.935	35
144.962	52
144.996	51
145.024	49
145.049	44
145.082	42
145.109	39
145.135	35
145.162	52
145.196	51
145.224	49
145.249	44
145.282	42
145.309	39
145.335	35
145.362	52
145.396	51
145.424	49
145.449	44
145.482	42
145.509	39
145.535	35
145.562	52
145.596	51
145.624	49
145.649	44
145.682	42
145.71	40
145.735	35
145.762	52
145.796	51
145.824	49
145.849	44
145.882	42
145.91	40
145.935	35
145.963	53
145.997	52
146.024	49
146.05	45
146.082	42
146.11	40
146.135	35
146.163	53
146.197	52
146.224	49
146.25	45
146.282	42
146.31	40
146.335	35
146.363	53
146.397	52
146.424	49
146.45	45
146.482	42
146.51	40
146.535	35
146.563	53
146.597	52
146.625	50
146.65	45
146.682	42
146.71	40
146.735	35
146.763	53
146.797	52
146.825	50
146.85	45
146.882	42
146.91	40
146.935	35
146.963	53
146.997	52
147.025	50
147.05	45
147.082	42
147.11	40
147.136	36
147.163	53
147.197	52
147.225	50
147.25	45
147.282	42
147.31	40
147.336	36
147.363	53
147.397	52
147.425	50
147.451	46
147.482	42
147.51	40
147.536	36
147.564	54
147.597	52
147.625	50
147.651	46
147.682	42
147.71	40
147.736	36
147.764	54
147.797	52
147.825	50
147.851	46
147.883	43
147.911	41
147.937	37
147.965	55
147.998	53
148.026	51
148.052	47
148.084	44
148.112	42
148.138	38
148.165	55
148.199	54
148.227	52
148.253	48
148.285	45
148.313	43
148.339	39
148.367	57
148.4	55
148.428	53
148.454	49
148.486	46
148.514	44
148.54	40
148.568	58
148.602	57
148.63	55
148.656	51
148.688	48
148.716	46
148.742	42
148.77	60
148.803	58
148.832	57
148.858	53
148.889	49
148.918	48
148.944	44
148.972	62
149.005	60
149.034	59
149.06	55
149.092	52
149.12	50
149.146	46
149.174	64
149.208	63
149.236	61
149.262	57
149.294	54
149.322	52
149.348	48
149.376	66
149.409	64
149.439	64
149.464	59
149.493	53
149.521	51
149.546	46
149.573	63
149.599	59
149.625	55
149.651	51
149.677	67
149.71	65
149.738	63
149.763	58
149.789	54
149.826	56
149.852	52
149.879	44
149.909	64
149.941	66
149.967	62
149.996	56
150.022	52
150.048	48
150.076	66
150.102	62
150.127	57
150.153	53
150.179	64
150.208	63
150.237	62
150.263	58
150.296	56
150.327	57
150.352	52
150.378	43
150.405	60
150.432	57
150.458	53
150.483	48
150.51	65
150.537	62
150.563	58
150.593	53
150.621	51
150.646	46
150.673	63
150.706	61
150.733	58
150.759	54
150.79	50
150.817	47
150.843	43
150.87	60
150.903	58
150.93	55
150.956	51
150.987	47
151.015	45
151.041	41
151.068	58
151.102	57
151.13	55
151.155	50
151.187	47
151.215	45
151.241	41
151.269	59
151.302	57
151.33	55
151.355	50
151.388	48
151.417	47
151.443	43
151.471	61
151.505	60
151.533	58
151.559	54
151.593	53
151.621	51
151.646	46
151.675	65
151.709	64
151.737	62
151.763	58
151.793	53
151.822	52
151.847	47
151.874	64
151.9	60
151.926	56
151.951	51
151.977	67
152.01	65
152.039	64
152.065	60
152.095	55
152.125	55
152.151	51
152.177	67
152.202	62
152.228	58
152.254	54
152.282	47
152.311	66
152.339	64
152.365	60
152.397	57
152.428	58
152.463	58
152.498	58
152.524	54
152.55	50
152.577	67
152.61	65
152.64	65
152.665	60
152.696	56
152.724	54
152.749	49
152.775	65
152.8	60
152.826	56
152.851	51
152.878	43
152.907	62
152.935	60
152.96	55
152.994	54
153.022	52
153.047	47
153.072	62
153.105	60
153.132	57
153.158	53
153.191	51
153.218	48
153.244	44
153.271	61
153.304	59
153.331	56
153.357	52
153.388	48
153.416	46
153.442	42
153.469	59
153.503	58
153.53	55
153.556	51
153.588	48
153.616	46
153.642	42
153.67	60
153.703	58
153.731	56
153.757	52
153.789	49
153.817	47
153.843	43
153.871	61
153.905	60
153.933	58
153.958	53
153.993	53
154.021	51
154.046	46
154.075	65
154.109	64
154.137	62
154.162	57
154.195	55
154.223	53
154.248	48
154.275	65
154.31	65
154.339	64
154.364	59
154.399	59
154.426	56
154.451	51
154.483	48
154.51	65
154.539	64
154.564	59
154.596	56
154.624	54
154.65	50
154.678	68
154.703	63
154.728	58
154.753	53
154.782	52
154.809	64
154.839	64
154.868	63
154.897	57
154.931	61
154.961	56
154.987	52
155.023	53
155.05	50
155.075	65
155.101	61
155.126	56
155.151	51
155.178	58
155.208	63
155.235	60
155.262	57
155.296	56
155.323	53
155.349	49
155.374	64
155.405	60
155.431	56
155.456	51
155.484	44
155.509	39
155.534	34
155.562	52
155.597	52
155.623	48
155.649	44
155.681	41
155.708	38
155.734	34
155.761	51
155.796	51
155.822	47
155.847	42
155.882	42
155.908	38
155.934	34
155.961	51
155.996	51
156.023	48
156.049	44
156.082	42
156.109	39
156.135	35
156.162	52
156.197	52
156.225	50
156.25	45
156.282	42
156.31	40
156.336	36
156.365	55
156.4	55
156.429	54
156.455	50
156.489	49
156.519	49
156.544	44
156.573	63
156.608	63
156.637	62
156.663	58
156.696	56
156.725	55
156.75	50
156.776	66
156.81	65
156.84	65
156.867	62
156.896	56
156.923	53
156.949	49
156.974	64
157	60
157.025	55
157.05	50
157.083	48
157.112	67
157.138	63
157.164	59
157.196	56
157.223	53
157.249	49
157.277	67
157.309	64
157.335	60
157.362	57
157.394	54
157.42	50
157.446	46
157.471	61
157.503	58
157.529	54
157.554	49
157.586	46
157.612	42
157.637	37
157.663	53
157.696	51
157.722	47
157.747	42
157.782	42
157.809	39
157.834	34
157.861	51
157.886	46
157.911	41
157.936	36
157.961	51
157.987	47
158.013	43
158.049	44
158.084	44
158.111	41
158.137	37
158.163	53
158.188	48
158.214	44
158.251	46
158.284	44
158.312	42
158.338	38
158.364	54
158.389	49
158.414	44
158.439	39
158.466	56
158.501	56
158.53	55
158.556	51
158.59	50
158.62	50
158.646	46
158.674	64
158.707	62
158.736	61
158.762	57
158.797	57
158.825	55
158.85	50
158.879	44
158.91	65
158.942	67
158.967	62
159	60
159.027	57
159.053	53
159.086	51
159.124	54
159.16	55
159.197	57
159.226	56
159.262	57
159.292	52
159.318	48
159.354	49
159.384	44
159.41	40
159.436	36
159.467	32
159.495	50
159.524	49
159.55	45
159.583	43
159.61	40
159.636	36
159.667	32
159.695	50
159.724	49
159.75	45
159.783	43
159.81	40
159.836	36
159.861	51
159.896	51
159.924	49
159.95	45
159.983	43
160.01	40
160.036	36
160.067	32
160.094	49
160.123	48
160.149	44
160.184	44
160.211	41
160.237	37
160.267	32
160.295	50
160.324	49
160.35	45
160.384	44
160.411	41
160.437	37
160.467	32
160.495	50
160.524	49
160.55	45
160.584	44
160.612	42
160.638	38
160.668	33
160.696	51
160.726	51
160.752	47
160.785	45
160.813	43
160.838	38
160.864	54
160.897	52
160.927	52
160.953	48
160.987	47
161.015	45
161.041	41
161.066	56
161.099	54
161.129	54
161.155	50
161.189	49
161.217	47
161.243	43
161.272	52
161.301	56
161.331	56
161.357	52
161.391	51
161.419	49
161.444	44
161.47	60
161.504	59
161.534	59
161.56	55
161.594	54
161.622	52
161.648	48
161.678	43
161.706	61
161.736	61
161.763	58
161.796	56
161.824	54
161.849	49
161.879	44
161.907	62
161.937	62
161.964	59
161.999	59
162.027	57
162.052	52
162.078	68
162.103	63
162.129	59
162.163	58
162.196	56
162.225	55
162.251	51
162.279	59
162.309	64
162.339	64
162.367	62
162.399	59
162.425	55
162.462	57
162.487	52
162.516	51
162.542	67
162.575	65
162.609	64
162.638	63
162.664	59
162.697	57
162.724	54
162.754	54
162.782	47
162.811	66
162.84	65
162.865	60
162.9	60
162.925	55
162.951	51
162.976	66
163.01	65
163.041	66
163.067	62
163.097	57
163.124	54
163.15	50
163.175	65
163.208	63
163.237	62
163.262	57
163.293	53
163.32	50
163.346	46
163.372	62
163.404	59
163.434	59
163.459	54
163.491	51
163.518	48
163.544	44
163.57	60
163.603	58
163.633	58
163.659	54
163.691	51
163.719	49
163.745	45
163.775	40
163.803	58
163.833	58
163.86	55
163.894	54
163.922	52
163.947	47
163.973	63
163.998	58
164.024	54
164.049	49
164.076	66
164.101	61
164.127	57
164.163	58
164.198	58
164.228	58
164.253	53
164.282	47
164.31	65
164.34	65
164.367	62
164.401	61
164.429	59
164.454	54
164.483	48
164.511	66
164.541	66
164.567	62
164.592	57
164.627	57
164.652	52
164.678	68
164.713	68
164.743	68
164.769	64
164.795	55
164.826	56
164.852	52
164.878	68
164.906	66
164.931	61
164.967	62
165.001	61
165.03	60
165.066	61
165.097	57
165.125	55
165.152	52
165.178	68
165.203	63
165.228	58
165.263	58
165.297	57
165.324	54
165.35	50
165.375	65
165.407	62
165.435	60
165.46	55
165.492	52
165.518	48
165.543	43
165.568	58
165.601	56
165.629	54
165.654	49
165.687	47
165.714	44
165.739	39
165.764	54
165.798	53
165.827	52
165.853	48
165.885	45
165.913	43
165.939	39
165.965	55
165.999	54
166.029	54
166.054	49
166.088	48
166.116	46
166.141	41
166.168	58
166.193	53
166.219	49
166.244	44
166.271	61
166.296	56
166.323	53
166.348	48
166.375	65
166.4	60
166.427	57
166.452	52
166.477	67
166.502	62
166.529	59
166.555	55
166.582	47
166.61	65
166.641	66
166.672	67
166.701	61
166.73	60
166.766	61
166.793	58
166.827	57
166.852	52
166.877	67
166.911	66
166.937	67
166.969	64
166.999	59
167.029	59
167.055	55
167.08	65
167.11	65
167.139	64
167.172	67
167.198	63
167.229	59
167.265	60
167.301	61
167.334	64
167.368	63
167.398	58
167.431	61
167.456	56
167.482	47
167.51	65
167.537	62
167.563	58
167.589	54
167.624	54
167.66	55
167.691	51
167.721	51
167.758	53
167.789	49
167.814	44
167.839	39
167.864	54
167.896	51
167.924	49
167.95	45
167.985	45
168.011	41
168.036	36
168.061	51
168.087	47
168.113	43
168.15	45
168.184	44
168.21	40
168.236	36
168.261	51
168.286	46
168.311	41
168.336	36
168.361	51
168.387	47
168.413	43
168.45	45
168.485	45
168.512	42
168.538	38
168.563	53
168.597	52
168.626	51
168.651	46
168.685	45
168.714	44
168.739	39
168.764	54
168.789	49
168.814	44
168.839	39
168.866	56
168.892	52
168.918	48
168.944	44
168.972	62
168.997	57
169.023	53
169.048	48
169.074	64
169.099	59
169.124	54
169.15	50
169.178	43
169.208	63
169.239	64
169.265	60
169.297	57
169.325	55
169.352	52
169.388	56
169.426	56
169.451	51
169.482	47
169.51	65
169.535	65
169.565	60
169.597	57
169.628	58
169.654	54
169.681	46
169.71	65
169.738	63
169.765	60
169.799	59
169.825	55
169.85	50
169.882	47
169.911	66
169.94	65
169.972	62
170.006	61
170.033	58
170.058	53
170.087	47
170.112	42
170.148	43
170.183	43
170.21	40
170.236	36
170.261	51
170.296	51
170.325	50
170.36	50
170.385	45
170.41	40
170.436	36
170.467	32
170.495	50
170.524	49
170.55	45
170.583	43
170.61	40
170.636	36
170.661	51
170.696	51
170.725	50
170.751	46
170.784	44
170.812	42
170.837	37
170.863	53
170.895	50
170.926	51
170.952	47
170.984	44
171.014	44
171.04	40
171.067	57
171.101	56
171.134	59
171.16	55
171.195	55
171.225	55
171.25	50
171.278	68
171.311	66
171.339	64
171.365	60
171.4	60
171.43	60
171.467	62
171.494	54
171.524	54
171.549	49
171.579	47
171.605	60
171.63	55
171.659	49
171.691	46
171.719	44
171.745	40
171.78	40
171.809	39
171.834	34
171.861	31
171.891	46
171.919	44
171.945	40
171.98	40
172.009	39
172.034	34
172.067	32
172.109	39
172.134	34
172.167	32
172.193	38
172.219	44
172.245	40
172.28	40
172.309	39
172.334	34
172.361	31
172.391	46
172.419	44
172.445	40
172.48	40
172.509	39
172.534	34
172.567	32
172.609	39
172.634	34
172.667	32
172.709	39
172.734	34
172.767	32
172.793	43
172.82	45
172.845	40
172.88	40
172.909	39
172.934	34
172.967	32
173.009	39
173.034	34
173.067	32
173.092	47
173.12	45
173.145	40
173.18	40
173.209	39
173.234	34
173.267	32
173.292	47
173.32	45
173.345	40
173.38	40
173.409	39
173.434	34
173.467	32
173.492	47
173.52	45
173.545	40
173.58	40
173.609	39
173.634	34
173.667	32
173.692	47
173.72	45
173.745	40
173.78	40
173.809	39
173.834	34
173.859	39
173.892	47
173.92	45
173.946	41
173.981	41
174.009	39
174.034	34
174.067	32
174.11	40
174.147	42
174.182	42
174.21	40
174.247	42
174.28	40
174.31	40
174.347	42
174.38	40
174.41	40
174.447	42
174.482	42
174.51	40
174.547	42
174.58	40
174.61	40
174.647	42
174.68	40
174.71	40
174.747	42
174.78	40
174.81	40
174.847	42
174.88	40
174.91	40
174.947	42
174.982	42
175.01	40
175.047	42
175.082	42
175.11	40
175.147	42
175.182	42
175.209	39
175.234	34
175.267	32
175.309	39
175.334	34
175.367	32
175.395	35
175.421	46
175.446	41
175.481	41
175.509	39
175.534	34
175.567	32
175.593	48
175.621	46
175.646	41
175.681	41
175.709	39
175.734	34
175.767	32
175.793	48
175.821	46
175.846	41
175.881	41
175.909	39
175.934	34
175.967	32
175.993	48
176.021	46
176.046	41
176.079	39
176.109	39
176.134	34
176.167	32
176.209	39
176.234	34
176.267	32
176.309	39
176.334	34
176.367	32
176.393	48
176.42	45
176.446	41
176.481	41
176.509	39
176.534	34
176.567	32
176.593	48
176.622	47
176.648	43
176.681	41
176.71	40
176.746	41
176.781	41
176.81	40
176.846	41
176.881	41
176.91	40
176.946	41
176.981	41
177.01	40
177.046	41
177.081	41
177.11	40
177.146	41
177.181	41
177.21	40
177.246	41
177.281	41
177.31	40
177.346	41
177.379	39
177.41	40
177.446	41
177.481	41
177.51	40
177.546	41
177.581	41
177.61	40
177.646	41
177.681	41
177.71	40
177.746	41
177.781	41
177.81	40
177.846	41
177.881	41
177.91	40
177.946	41
177.981	41
178.008	38
178.034	34
178.059	49
178.094	49
178.122	47
178.148	43
178.181	41
178.21	40
178.246	41
178.281	41
178.31	40
178.346	41
178.38	40
178.41	40
178.446	41
178.48	40
178.51	40
178.546	41
178.58	40
178.61	40
178.646	41
178.681	41
178.71	40
178.746	41
178.781	41
178.81	40
178.846	41
178.881	41
178.91	40
178.946	41
178.982	42
179.01	40
179.047	42
179.082	42
179.11	40
179.147	42
179.18	40
179.21	40
179.247	42
179.28	40
179.31	40
179.347	42
179.38	40
179.41	40
179.447	42
179.48	40
179.51	40
179.547	42
179.582	42
179.61	40
179.647	42
179.682	42
179.71	40
179.747	42
179.782	42
179.81	40
179.847	42
179.882	42
179.908	38
179.934	34
179.959	49
179.992	47
180.022	47
180.047	42
180.08	40
180.11	40
180.147	42
180.182	42
180.21	40
180.247	42
180.28	40
180.31	40
180.347	42
180.38	40
180.41	40
180.447	42
180.482	42
180.51	40
180.547	42
180.582	42
180.608	38
180.634	34
180.659	49
180.684	44
180.71	40
180.747	42
180.782	42
180.81	40
180.847	42
180.882	42
180.91	40
180.947	42
180.982	42
181.01	40
181.047	42
181.082	42
181.11	40
181.147	42
181.182	42
181.208	38
181.234	34
181.26	50
181.295	50
181.321	46
181.347	42
181.382	42
181.408	38
181.434	34
181.46	50
181.495	50
181.521	46
181.547	42
181.582	42
181.61	40
181.647	42
181.682	42
181.71	40
181.747	42
181.78	40
181.81	40
181.847	42
181.882	42
181.91	40
181.947	42
181.982	42
182.01	40
182.047	42
182.082	42
182.11	40
182.147	42
182.182	42
182.21	40
182.247	42
182.282	42
182.31	40
182.347	42
182.382	42
182.41	40
182.447	42
182.48	40
182.51	40
182.547	42
182.58	40
182.61	40
182.647	42
182.68	40
182.71	40
182.747	42
182.78	40
182.81	40
182.847	42
182.88	40
182.91	40
182.947	42
182.98	40
183.01	40
183.047	42
183.08	40
183.11	40
183.147	42
183.182	42
183.21	40
183.247	42
183.282	42
183.311	41
183.347	42
183.382	42
183.409	39
183.434	34
183.46	50
183.485	45
183.511	41
183.547	42
183.572	37
183.611	41
183.647	42
183.672	37
183.711	41
183.747	42
183.772	37
183.811	41
183.847	42
183.872	37
183.911	41
183.947	42
183.972	37
184.011	41
184.047	42
184.072	37
184.111	41
184.147	42
184.172	37
184.211	41
184.248	43
184.274	39
184.311	41
184.348	43
184.374	39
184.411	41
184.448	43
184.474	39
184.511	41
184.548	43
184.574	39
184.611	41
184.648	43
184.674	39
184.711	41
184.748	43
184.774	39
184.811	41
184.848	43
184.874	39
184.911	41
184.948	43
184.974	39
185.011	41
185.048	43
185.074	39
185.11	40
185.135	35
185.161	51
185.186	46
185.212	42
185.248	43
185.274	39
185.31	40
185.336	36
185.361	51
185.386	46
185.412	42
185.448	43
185.474	39
185.51	40
185.536	36
185.561	51
185.587	47
185.612	42
185.648	43
185.674	39
185.71	40
185.736	36
185.761	51
185.787	47
185.812	42
185.848	43
185.874	39
185.91	40
185.936	36
185.961	51
185.987	47
186.012	42
186.048	43
186.074	39
186.108	38
186.134	34
186.161	51
186.187	47
186.212	42
186.248	43
186.273	38
186.308	38
186.334	34
186.361	51
186.387	47
186.412	42
186.448	43
186.474	39
186.51	40
186.536	36
186.561	51
186.587	47
186.612	42
186.649	44
186.674	39
186.71	40
186.736	36
186.761	51
186.787	47
186.812	42
186.849	44
186.874	39
186.91	40
186.936	36
186.961	51
186.987	47
187.012	42
187.049	44
187.074	39
187.11	40
187.136	36
187.161	51
187.187	47
187.212	42
187.249	44
187.274	39
187.31	40
187.336	36
187.361	51
187.387	47
187.412	42
187.449	44
187.474	39
187.511	41
187.536	36
187.561	51
187.587	47
187.612	42
187.649	44
187.675	40
187.711	41
187.736	36
187.762	52
187.787	47
187.812	42
187.849	44
187.875	40
187.911	41
187.936	36
187.961	51
187.986	46
188.011	41
188.036	36
188.062	52
188.087	47
188.112	42
188.149	44
188.175	40
188.211	41
188.236	36
188.262	52
188.288	48
188.314	44
188.349	44
188.375	40
188.411	41
188.436	36
188.462	52
188.488	48
188.514	44
188.549	44
188.575	40
188.611	41
188.636	36
188.662	52
188.688	48
188.714	44
188.749	44
188.775	40
188.811	41
188.836	36
188.862	52
188.888	48
188.914	44
188.949	44
188.974	39
189.011	41
189.036	36
189.062	52
189.089	49
189.114	44
189.15	45
189.176	41
189.211	41
189.237	37
189.263	53
189.29	50
189.316	46
189.351	46
189.376	41
189.413	43
189.439	39
189.465	55
189.492	52
189.518	48
189.554	49
189.58	45
189.616	46
189.642	42
189.668	58
189.693	53
189.718	48
189.744	44
189.771	61
189.797	57
189.822	52
189.86	55
189.885	50
189.922	52
189.947	47
189.975	65
190.002	62
190.027	57
190.052	52
190.078	48
190.103	63
190.128	58
190.153	53
190.179	69
190.206	66
190.241	66
190.266	61
190.293	58
190.331	61
190.365	60
190.39	55
190.43	60
190.455	55
190.489	54
190.528	58
190.557	57
190.593	58
190.626	56
190.651	51
190.679	69
190.707	67
190.733	63
190.765	60
190.796	61
190.831	61
190.863	58
190.89	55
190.932	62
190.957	57
190.988	53
191.026	56
191.054	54
191.086	54
191.12	50
191.157	52
191.186	51
191.227	57
191.264	59
191.296	56
191.33	55
191.356	51
191.382	47
191.412	42
191.448	43
191.473	38
191.509	39
191.534	34
191.561	51
191.587	47
191.613	43
191.648	43
191.673	38
191.71	40
191.736	36
191.762	52
191.787	47
191.812	42
191.847	42
191.872	37
191.908	38
191.934	34
191.961	51
191.986	46
192.012	42
192.049	44
192.075	40
192.11	40
192.136	36
192.164	54
192.189	49
192.215	45
192.24	40
192.267	57
192.293	53
192.318	48
192.344	44
192.371	61
192.397	57
192.422	52
192.448	48
192.475	65
192.501	61
192.527	57
192.564	59
192.59	55
192.627	57
192.661	56
192.689	54
192.726	56
192.752	52
192.777	67
192.803	63
192.828	58
192.854	54
192.888	53
192.926	56
192.952	52
192.991	56
193.025	55
193.053	53
193.089	54
193.127	57
193.153	53
193.186	61
193.228	58
193.263	58
193.292	57
193.334	64
193.366	61
193.398	58
193.423	53
193.455	55
193.489	54
193.52	50
193.545	45
193.571	61
193.602	62
193.637	62
193.663	58
193.696	56
193.721	51
193.757	52
193.782	47
193.814	44
193.85	45
193.875	40
193.91	40
193.936	36
193.962	52
193.987	47
194.012	42
194.048	43
194.073	38
194.11	40
194.136	36
194.17	35
194.208	38
194.234	34
194.261	51
194.286	46
194.312	42
194.347	42
194.372	37
194.408	38
194.434	34
194.461	51
194.486	46
194.512	42
194.547	42
194.572	37
194.598	53
194.624	49
194.649	44
194.674	39
194.699	54
194.726	51
194.751	46
194.776	41
194.801	56
194.826	51
194.851	46
194.876	41
194.903	58
194.928	53
194.953	48
194.978	43
195.005	60
195.03	55
195.055	50
195.082	47
195.107	62
195.135	60
195.161	56
195.187	52
195.224	54
195.25	50
195.277	67
195.302	62
195.337	62
195.362	57
195.39	55
195.416	61
195.442	67
195.467	62
195.502	62
195.53	60
195.566	61
195.591	56
195.626	56
195.655	55
195.68	60
195.707	62
195.739	64
195.764	59
195.791	56
195.826	56
195.852	52
195.881	56
195.906	66
195.931	61
195.963	58
195.989	54
196.028	58
196.065	60
196.095	60
196.129	59
196.155	55
196.185	50
196.223	53
196.248	48
196.275	65
196.307	67
196.338	63
196.373	63
196.398	58
196.423	53
196.458	53
196.484	49
196.514	44
196.551	46
196.577	42
196.61	40
196.636	36
196.662	52
196.687	47
196.712	42
196.748	43
196.773	38
196.81	40
196.836	36
196.861	51
196.887	47
196.912	42
196.947	42
196.973	38
197.009	39
197.035	35
197.063	53
197.088	48
197.113	43
197.138	38
197.165	55
197.19	50
197.215	45
197.241	41
197.268	58
197.293	53
197.319	49
197.345	45
197.372	62
197.398	58
197.424	54
197.449	49
197.475	65
197.501	61
197.527	57
197.553	53
197.58	65
197.608	63
197.636	61
197.663	58
197.688	53
197.726	56
197.752	52
197.78	55
197.805	65
197.83	60
197.864	59
197.889	54
197.914	54
197.94	65
197.966	61
197.998	58
198.023	53
198.049	49
198.082	47
198.117	47
198.143	43
198.176	41
198.211	41
198.236	36
198.27	35
198.309	39
198.334	34
198.36	50
198.385	45
198.41	40
198.436	36
198.47	35
198.509	39
198.534	34
198.56	50
198.585	45
198.61	40
198.636	36
198.67	35
198.709	39
198.734	34
198.76	50
198.785	45
198.81	40
198.836	36
198.861	51
198.886	46
198.912	42
198.947	42
198.972	37
199.008	38
199.034	34
199.061	51
199.086	46
199.112	42
199.147	42
199.172	37
199.208	38
199.234	34
199.261	51
199.286	46
199.312	42
199.347	42
199.372	37
199.408	38
199.434	34
199.461	51
199.486	46
199.512	42
199.547	42
199.572	37
199.608	38
199.634	34
199.661	51
199.686	46
199.712	42
199.747	42
199.772	37
199.808	38
199.834	34
199.861	51
199.886	46
199.912	42
199.947	42
199.972	37
200.008	38
