0.066	31
0.094	31
0.144	31
0.169	31
0.204	31
0.234	31
0.269	31
0.304	31
0.334	31
0.369	31
0.404	31
0.434	31
0.469	31
0.504	31
0.531	30
0.569	31
0.604	31
0.634	31
0.669	31
0.704	31
0.734	31
0.769	31
0.804	31
0.834	31
0.869	31
0.904	31
0.934	31
0.969	31
1.004	31
1.034	31
1.069	31
1.104	31
1.134	31
1.169	31
1.204	31
1.234	31
1.269	31
1.304	31
1.334	31
1.369	31
1.404	31
1.434	31
1.469	31
1.504	31
1.534	31
1.569	31
1.604	31
1.631	30
1.669	31
1.704	31
1.734	31
1.769	31
1.804	31
1.834	31
1.869	31
1.904	31
1.934	31
1.969	31
2.004	31
2.034	31
2.061	30
2.104	31
2.134	31
2.169	31
2.204	31
2.231	30
2.269	31
2.304	31
2.334	31
2.369	31
2.404	31
2.434	31
2.469	31
2.496	30
2.534	31
2.569	31
2.596	30
2.634	31
2.669	31
2.704	31
2.734	31
2.769	31
2.804	31
2.834	31
2.869	31
2.904	31
2.934	31
2.969	31
3.004	31
3.034	31
3.069	31
3.101	30
3.134	31
3.169	31
3.204	31
3.234	31
3.269	31
3.304	31
3.334	31
3.369	31
3.404	31
3.434	31
3.469	31
3.504	31
3.534	31
3.569	31
3.604	31
3.634	31
3.669	31
3.704	31
3.734	31
3.769	31
3.804	31
3.834	31
3.869	31
3.904	31
3.934	31
3.969	31
4.004	31
4.034	31
4.069	31
4.104	31
4.134	31
4.169	31
4.204	31
4.234	31
4.269	31
4.304	31
4.334	31
4.369	31
4.404	31
4.434	31
4.469	31
4.504	31
4.534	31
4.564	30
4.604	31
4.634	31
4.669	31
4.696	30
4.734	31
4.769	31
4.804	31
4.834	31
4.869	31
4.904	31
4.934	31
4.969	31
5.004	31
5.034	31
5.069	31
5.104	31
5.134	31
5.169	31
5.204	31
5.234	31
5.269	31
5.304	31
5.334	31
5.369	31
5.404	31
5.434	31
5.469	31
5.501	30
5.534	31
5.569	31
5.596	30
5.634	31
5.669	31
5.704	31
5.734	31
5.769	31
5.804	31
5.834	31
5.866	30
5.904	31
5.934	31
5.969	31
6.004	31
6.034	31
6.069	31
6.096	30
6.134	31
6.169	31
6.204	31
6.234	31
6.269	31
6.304	31
6.331	30
6.369	31
6.404	31
6.434	31
6.469	31
6.504	31
6.534	31
6.569	31
6.604	31
6.634	31
6.669	31
6.704	31
6.734	31
6.769	31
6.804	31
6.834	31
6.869	31
6.904	31
6.934	31
6.969	31
7.004	31
7.034	31
7.069	31
7.104	31
7.134	31
7.169	31
7.204	31
7.234	31
7.264	30
7.304	31
7.334	31
7.369	31
7.404	31
7.434	31
7.469	31
7.504	31
7.534	31
7.569	31
7.604	31
7.634	31
7.669	31
7.704	31
7.731	30
7.769	31
7.804	31
7.831	30
7.869	31
7.904	31
7.934	31
7.969	31
8.004	31
8.034	31
8.069	31
8.104	31
8.134	31
8.169	31
8.204	31
8.234	31
8.269	31
8.304	31
8.334	31
8.369	31
8.404	31
8.434	31
8.469	31
8.496	30
8.534	31
8.569	31
8.604	31
8.634	31
8.669	31
8.704	31
8.734	31
8.769	31
8.804	31
8.834	31
8.869	31
8.904	31
8.934	31
8.969	31
9.004	31
9.034	31
9.069	31
9.104	31
9.134	31
9.169	31
9.204	31
9.234	31
9.269	31
9.304	31
9.334	31
9.369	31
9.404	31
9.434	31
9.469	31
9.496	30
9.534	31
9.566	30
9.604	31
9.634	31
9.669	31
9.704	31
9.734	31
9.769	31
9.804	31
9.834	31
9.869	31
9.904	31
9.934	31
9.969	31
10.004	31
10.034	31
10.069	31
10.104	31
10.134	31
10.169	31
10.204	31
10.234	31
10.269	31
10.304	31
10.334	31
10.369	31
10.404	31
10.434	31
10.469	31
10.498	30
10.534	31
10.569	31
10.604	31
10.634	31
10.669	31
10.698	30
10.734	31
10.769	31
10.804	31
10.834	31
10.869	31
10.904	31
10.934	31
10.969	31
11.004	31
11.034	31
11.069	31
11.104	31
11.134	31
11.169	31
11.204	31
11.234	31
11.269	31
11.301	30
11.334	31
11.369	31
11.404	31
11.434	31
11.469	31
11.504	31
11.534	31
11.569	31
11.604	31
11.634	31
11.669	31
11.704	31
11.734	31
11.769	31
11.804	31
11.834	31
11.869	31
11.904	31
11.934	31
11.969	31
12.004	31
12.034	31
12.069	31
12.104	31
12.134	31
12.169	31
12.204	31
12.234	31
12.269	31
12.304	31
12.334	31
12.364	30
12.404	31
12.434	31
12.469	31
12.498	30
12.534	31
12.569	31
12.604	31
12.634	31
12.669	31
12.704	31
12.734	31
12.766	30
12.804	31
12.834	31
12.864	30
12.904	31
12.934	31
12.969	31
13.004	31
13.034	31
13.069	31
13.096	30
13.134	31
13.169	31
13.196	30
13.234	31
13.269	31
13.304	31
13.334	31
13.369	31
13.404	31
13.434	31
13.469	31
13.504	31
13.534	31
13.569	31
13.604	31
13.634	31
13.661	30
13.704	31
13.734	31
13.761	30
13.804	31
13.834	31
13.869	31
13.898	30
13.934	31
13.969	31
14.004	31
14.034	31
14.069	31
14.104	31
14.134	31
14.169	31
14.204	31
14.234	31
14.269	31
14.304	31
14.334	31
14.369	31
14.404	31
14.434	31
14.469	31
14.504	31
14.534	31
14.569	31
14.604	31
14.634	31
14.669	31
14.704	31
14.734	31
14.766	30
14.804	31
14.834	31
14.869	31
14.904	31
14.934	31
14.969	31
15.004	31
15.031	30
15.069	31
15.104	31
15.134	31
15.169	31
15.204	31
15.234	31
15.269	31
15.304	31
15.334	31
15.369	31
15.404	31
15.434	31
15.469	31
15.504	31
15.534	31
15.569	31
15.601	30
15.634	31
15.669	31
15.696	30
15.734	31
15.769	31
15.804	31
15.834	31
15.864	30
15.904	31
15.934	31
15.969	31
16.004	31
16.034	31
16.069	31
16.104	31
16.134	31
16.169	31
16.204	31
16.234	31
16.269	31
16.304	31
16.334	31
16.369	31
16.404	31
16.434	31
16.469	31
16.504	31
16.534	31
16.569	31
16.604	31
16.634	31
16.666	30
16.704	31
16.734	31
16.769	31
16.799	31
16.834	31
16.869	31
16.899	31
16.934	31
16.969	31
16.999	31
17.034	31
17.061	30
17.099	31
17.134	31
17.169	31
17.199	31
17.234	31
17.269	31
17.299	31
17.334	31
17.369	31
17.399	31
17.434	31
17.469	31
17.499	31
17.534	31
17.569	31
17.599	31
17.634	31
17.669	31
17.699	31
17.734	31
17.769	31
17.799	31
17.834	31
17.869	31
17.899	31
17.931	30
17.969	31
17.999	31
18.026	30
18.069	31
18.099	31
18.126	30
18.169	31
18.199	31
18.234	31
18.269	31
18.299	31
18.334	31
18.369	31
18.399	31
18.434	31
18.469	31
18.499	31
18.534	31
18.569	31
18.599	31
18.634	31
18.669	31
18.699	31
18.734	31
18.769	31
18.797	30
18.834	31
18.864	30
18.899	31
18.934	31
18.969	31
18.996	30
19.034	31
19.069	31
19.099	31
19.134	31
19.164	30
19.199	31
19.234	31
19.269	31
19.299	31
19.326	30
19.369	31
19.399	31
19.434	31
19.469	31
19.499	31
19.531	30
19.569	31
19.599	31
19.634	31
19.669	31
19.699	31
19.734	31
19.769	31
19.799	31
19.834	31
19.869	31
19.899	31
19.934	31
19.961	30
19.999	31
20.034	31
20.069	31
20.099	31
20.134	31
20.169	31
20.199	31
20.234	31
20.269	31
20.299	31
20.334	31
20.369	31
20.399	31
20.434	31
20.469	31
20.499	31
20.526	30
20.569	31
20.599	31
20.634	31
20.669	31
20.699	31
20.734	31
20.769	31
20.799	31
20.834	31
20.869	31
20.899	31
20.934	31
20.969	31
20.999	31
21.034	31
21.069	31
21.099	31
21.134	31
21.169	31
21.199	31
21.234	31
21.269	31
21.299	31
21.334	31
21.364	30
21.399	31
21.434	31
21.469	31
21.499	31
21.534	31
21.569	31
21.596	30
21.634	31
21.666	30
21.699	31
21.734	31
21.769	31
21.799	31
21.834	31
21.869	31
21.899	31
21.934	31
21.969	31
21.999	31
22.034	31
22.069	31
22.099	31
22.134	31
22.169	31
22.199	31
22.234	31
22.269	31
22.299	31
22.334	31
22.369	31
22.399	31
22.434	31
22.469	31
22.499	31
22.534	31
22.569	31
22.599	31
22.634	31
22.669	31
22.699	31
22.734	31
22.769	31
22.799	31
22.834	31
22.869	31
22.899	31
22.934	31
22.969	31
22.999	31
23.034	31
23.069	31
23.099	31
23.134	31
23.169	31
23.199	31
23.234	31
23.269	31
23.299	31
23.334	31
23.369	31
23.396	30
23.434	31
23.466	30
23.499	31
23.534	31
23.569	31
23.599	31
23.634	31
23.669	31
23.699	31
23.734	31
23.769	31
23.799	31
23.834	31
23.869	31
23.899	31
23.934	31
23.969	31
23.999	31
24.034	31
24.069	31
24.096	30
24.134	31
24.169	31
24.199	31
24.231	30
24.269	31
24.299	31
24.334	31
24.369	31
24.396	30
24.434	31
24.469	31
24.499	31
24.534	31
24.561	30
24.599	31
24.634	31
24.669	31
24.699	31
24.734	31
24.769	31
24.799	31
24.834	31
24.869	31
24.899	31
24.934	31
24.969	31
24.999	31
25.034	31
25.061	30
25.099	31
25.134	31
25.169	31
25.199	31
25.234	31
25.269	31
25.299	31
25.331	30
25.369	31
25.399	31
25.434	31
25.469	31
25.496	30
25.534	31
25.569	31
25.596	30
25.634	31
25.669	31
25.699	31
25.734	31
25.769	31
25.799	31
25.834	31
25.869	31
25.899	31
25.934	31
25.969	31
25.999	31
26.034	31
26.069	31
26.099	31
26.134	31
26.169	31
26.199	31
26.234	31
26.269	31
26.299	31
26.334	31
26.369	31
26.399	31
26.434	31
26.469	31
26.499	31
26.534	31
26.569	31
26.599	31
26.634	31
26.669	31
26.699	31
26.734	31
26.769	31
26.799	31
26.834	31
26.869	31
26.899	31
26.934	31
26.969	31
26.999	31
27.031	30
27.069	31
27.099	31
27.134	31
27.169	31
27.199	31
27.234	31
27.269	31
27.299	31
27.334	31
27.369	31
27.399	31
27.434	31
27.469	31
27.499	31
27.534	31
27.569	31
27.599	31
27.634	31
27.669	31
27.699	31
27.734	31
27.764	30
27.799	31
27.834	31
27.869	31
27.899	31
27.934	31
27.969	31
27.999	31
28.034	31
28.069	31
28.099	31
28.134	31
28.169	31
28.199	31
28.234	31
28.269	31
28.299	31
28.334	31
28.369	31
28.399	31
28.434	31
28.469	31
28.499	31
28.534	31
28.561	30
28.599	31
28.634	31
28.669	31
28.696	30
28.734	31
28.769	31
28.799	31
28.834	31
28.869	31
28.899	31
28.934	31
28.969	31
28.999	31
29.026	30
29.069	31
29.099	31
29.134	31
29.169	31
29.199	31
29.234	31
29.269	31
29.299	31
29.334	31
29.369	31
29.399	31
29.434	31
29.469	31
29.499	31
29.534	31
29.569	31
29.599	31
29.634	31
29.669	31
29.699	31
29.734	31
29.769	31
29.799	31
29.834	31
29.864	30
29.899	31
29.934	31
29.969	31
29.999	31
30.034	31
30.069	31
30.099	31
30.134	31
30.169	31
30.199	31
30.234	31
30.269	31
30.299	31
30.334	31
30.369	31
30.399	31
30.434	31
30.469	31
30.499	31
30.526	30
30.569	31
30.599	31
30.634	31
30.669	31
30.699	31
30.734	31
30.769	31
30.799	31
30.834	31
30.869	31
30.899	31
30.934	31
30.969	31
30.999	31
31.034	31
31.069	31
31.099	31
31.134	31
31.169	31
31.199	31
31.234	31
31.269	31
31.299	31
31.334	31
31.369	31
31.399	31
31.434	31
31.469	31
31.499	31
31.534	31
31.569	31
31.599	31
31.634	31
31.669	31
31.699	31
31.734	31
31.769	31
31.799	31
31.834	31
31.869	31
31.899	31
31.934	31
31.969	31
31.999	31
32.034	31
32.069	31
32.099	31
32.134	31
32.169	31
32.199	31
32.234	31
32.269	31
32.299	31
32.334	31
32.369	31
32.399	31
32.434	31
32.466	30
32.499	31
32.534	31
32.569	31
32.599	31
32.634	31
32.669	31
32.699	31
32.734	31
32.769	31
32.799	31
32.834	31
32.869	31
32.899	31
32.934	31
32.969	31
32.999	31
33.034	31
33.069	31
33.099	31
33.134	31
33.169	31
33.197	30
33.234	31
33.261	30
33.299	31
33.334	31
33.369	31
33.399	31
33.431	30
33.469	31
33.499	31
33.534	31
33.569	31
33.599	31
33.634	31
33.661	30
33.699	31
33.734	31
33.769	31
33.799	31
33.834	31
33.869	31
33.899	31
33.934	31
33.969	31
33.999	31
34.034	31
34.069	31
34.099	31
34.134	31
34.169	31
34.199	31
34.234	31
34.269	31
34.299	31
34.334	31
34.369	31
34.399	31
34.434	31
34.464	30
34.499	31
34.534	31
34.569	31
34.599	31
34.634	31
34.669	31
34.699	31
34.734	31
34.769	31
34.799	31
34.834	31
34.866	30
34.899	31
34.934	31
34.969	31
34.999	31
35.034	31
35.069	31
35.099	31
35.131	30
35.174	36
35.199	31
35.236	33
35.273	35
35.299	31
35.324	46
35.349	41
35.375	37
35.401	33
35.434	31
35.46	47
35.485	42
35.513	40
35.538	35
35.573	35
35.599	31
35.624	46
35.65	42
35.675	37
35.701	33
35.734	31
35.76	47
35.785	42
35.813	40
35.838	35
35.873	35
35.899	31
35.925	47
35.95	42
35.975	37
36.001	33
36.031	30
36.058	45
36.085	42
36.112	39
36.138	35
36.173	35
36.199	31
36.225	47
36.251	43
36.277	39
36.303	35
36.334	31
36.359	46
36.384	43
36.412	39
36.438	35
36.473	35
36.499	31
36.524	46
36.549	41
36.575	37
36.601	33
36.626	48
36.651	43
36.677	39
36.703	35
36.734	31
36.759	46
36.786	43
36.813	40
36.838	35
36.873	35
36.899	31
36.924	46
36.95	42
36.975	37
37.001	33
37.026	48
37.052	44
37.077	39
37.103	35
37.134	31
37.159	46
37.186	43
37.213	40
37.238	35
37.273	35
37.299	31
37.324	46
37.35	42
37.375	37
37.401	33
37.426	48
37.452	44
37.477	39
37.503	35
37.534	31
37.559	46
37.586	43
37.613	40
37.638	35
37.663	32
37.688	45
37.713	40
37.738	35
37.763	37
37.788	45
37.813	40
37.838	35
37.873	35
37.899	31
37.924	46
37.95	42
37.975	37
38.001	33
38.026	48
38.052	44
38.077	39
38.103	35
38.134	31
38.159	46
38.186	43
38.213	40
38.238	35
38.273	35
38.299	31
38.324	46
38.35	42
38.375	37
38.401	33
38.426	48
38.452	44
38.477	39
38.503	35
38.534	31
38.559	46
38.586	43
38.613	40
38.638	35
38.663	32
38.688	45
38.713	40
38.738	35
38.773	35
38.799	31
38.824	46
38.85	42
38.875	37
38.901	33
38.926	48
38.952	44
38.977	39
39.003	35
39.034	31
39.059	46
39.086	43
39.113	40
39.138	35
39.173	35
39.199	31
39.224	46
39.25	42
39.275	37
39.301	33
39.326	48
39.352	44
39.377	39
39.403	35
39.434	31
39.459	46
39.486	43
39.513	40
39.538	35
39.571	35
39.596	48
39.624	46
39.65	42
39.675	37
39.701	33
39.726	48
39.752	44
39.777	39
39.803	35
39.831	30
39.859	46
39.886	43
39.913	40
39.938	35
39.973	35
39.999	31
40.024	46
40.05	42
40.075	37
40.101	33
40.126	48
40.152	44
40.177	39
40.203	35
40.234	31
40.259	46
40.286	43
40.313	40
40.338	35
40.373	35
40.399	31
40.424	46
40.45	42
40.475	37
40.501	33
40.526	48
40.552	44
40.577	39
40.603	35
40.628	42
40.659	46
40.686	43
40.713	40
40.738	35
40.773	35
40.8	32
40.826	48
40.852	44
40.877	39
40.903	35
40.928	37
40.959	46
40.986	43
41.013	40
41.038	35
41.073	35
41.099	31
41.124	46
41.15	42
41.175	37
41.201	33
41.226	48
41.252	44
41.277	39
41.303	35
41.334	31
41.359	46
41.386	43
41.413	40
41.438	35
41.473	35
41.499	31
41.524	46
41.55	42
41.575	37
41.601	33
41.626	48
41.652	44
41.677	39
41.703	35
41.734	31
41.759	46
41.786	43
41.811	40
41.836	33
41.861	48
41.886	43
41.913	40
41.938	35
41.973	35
41.999	31
42.024	46
42.05	42
42.075	37
42.101	33
42.126	48
42.152	44
42.177	39
42.203	35
42.234	31
42.259	46
42.286	43
42.313	40
42.338	35
42.373	35
42.399	31
42.424	46
42.45	42
42.475	37
42.501	33
42.526	48
42.552	44
42.577	39
42.603	35
42.634	31
42.659	46
42.686	43
42.713	40
42.738	35
42.773	35
42.799	31
42.824	46
42.85	42
42.875	37
42.901	33
42.926	48
42.952	44
42.977	39
43.003	35
43.034	31
43.059	46
43.086	43
43.113	40
43.138	35
43.173	35
43.199	31
43.224	46
43.25	42
43.275	37
43.301	33
43.326	48
43.352	44
43.377	39
43.403	35
43.434	31
43.459	46
43.486	43
43.513	40
43.538	35
43.573	35
43.599	31
43.624	46
43.65	42
43.675	37
43.701	33
43.726	48
43.752	44
43.777	39
43.803	35
43.834	31
43.859	46
43.886	43
43.913	40
43.938	35
43.963	37
43.988	45
44.013	40
44.038	35
44.063	32
44.088	45
44.113	40
44.138	35
44.173	35
44.199	31
44.224	46
44.25	42
44.275	37
44.301	33
44.326	48
44.352	44
44.377	39
44.403	35
44.434	31
44.459	46
44.486	43
44.513	40
44.538	35
44.573	35
44.599	31
44.624	46
44.65	42
44.675	37
44.701	33
44.726	48
44.752	44
44.777	39
44.803	35
44.834	31
44.859	46
44.886	43
44.913	40
44.938	35
44.973	35
44.999	31
45.024	46
45.05	42
45.075	37
45.101	33
45.126	48
45.152	44
45.177	39
45.203	35
45.234	31
45.259	46
45.286	43
45.313	40
45.338	35
45.364	30
45.39	47
45.415	42
45.44	37
45.473	35
45.499	31
45.524	46
45.55	42
45.575	37
45.601	33
45.626	48
45.652	44
45.677	39
45.703	35
45.734	31
45.759	46
45.786	43
45.813	40
45.838	35
45.873	35
45.899	31
45.924	46
45.95	42
45.975	37
46.001	33
46.026	48
46.052	44
46.077	39
46.103	35
46.128	47
46.159	46
46.186	43
46.213	40
46.238	35
46.263	37
46.288	45
46.313	40
46.338	35
46.373	35
46.399	31
46.424	46
46.45	42
46.475	37
46.501	33
46.526	48
46.552	44
46.577	39
46.603	35
46.634	31
46.659	46
46.686	43
46.713	40
46.738	35
46.763	32
46.788	45
46.813	40
46.838	35
46.863	37
46.888	45
46.913	40
46.938	35
46.973	35
46.999	31
47.024	46
47.05	42
47.075	37
47.101	33
47.126	48
47.152	44
47.177	39
47.203	35
47.234	31
47.259	46
47.284	43
47.313	40
47.338	35
47.373	35
47.4	32
47.426	48
47.452	44
47.477	39
47.503	35
47.534	31
47.559	46
47.586	43
47.613	40
47.638	35
47.673	35
47.699	31
47.724	46
47.75	42
47.775	37
47.801	33
47.826	48
47.852	44
47.877	39
47.903	35
47.934	31
47.959	46
47.986	43
48.013	40
48.038	35
48.073	35
48.099	31
48.124	46
48.15	42
48.175	37
48.201	33
48.226	48
48.252	44
48.277	39
48.303	35
48.334	31
48.359	46
48.386	43
48.413	40
48.438	35
48.473	35
48.499	31
48.524	46
48.55	42
48.575	37
48.601	33
48.626	48
48.652	44
48.677	39
48.703	35
48.734	31
48.759	46
48.786	43
48.813	40
48.838	35
48.863	42
48.888	45
48.913	40
48.938	35
48.973	35
48.999	31
49.024	46
49.05	42
49.075	37
49.101	33
49.126	48
49.152	44
49.177	39
49.203	35
49.228	42
49.259	46
49.286	43
49.313	40
49.338	35
49.363	37
49.388	45
49.413	40
49.438	35
49.463	47
49.488	45
49.513	40
49.538	35
49.573	35
49.599	31
49.624	46
49.65	42
49.675	37
49.701	33
49.726	48
49.752	44
49.777	39
49.803	35
49.834	31
49.859	46
49.886	43
49.913	40
49.938	35
49.973	35
49.999	31
50.024	46
50.05	42
50.075	37
50.101	33
50.126	48
50.152	44
50.177	39
50.203	35
50.234	31
50.259	46
50.286	43
50.313	40
50.338	35
50.373	35
50.399	31
50.424	46
50.45	42
50.475	37
50.501	33
50.526	48
50.552	44
50.577	39
50.603	35
50.628	47
50.659	46
50.686	43
50.711	40
50.736	33
50.761	48
50.786	43
50.813	40
50.838	35
50.873	35
50.899	31
50.924	46
50.95	42
50.975	37
51.001	33
51.026	48
51.052	44
51.077	39
51.103	35
51.134	31
51.159	46
51.186	43
51.213	40
51.238	35
51.273	35
51.299	31
51.324	46
51.35	42
51.375	37
51.401	33
51.426	48
51.452	44
51.477	39
51.503	35
51.534	31
51.559	46
51.586	43
51.613	40
51.638	35
51.673	35
51.699	31
51.724	46
51.75	42
51.775	37
51.801	33
51.826	48
51.852	44
51.877	39
51.903	35
51.934	31
51.959	46
51.986	43
52.013	40
52.038	35
52.073	35
52.099	31
52.124	46
52.15	42
52.175	37
52.201	33
52.226	48
52.252	44
52.277	39
52.303	35
52.334	31
52.359	46
52.386	43
52.413	40
52.438	35
52.473	35
52.499	31
52.524	46
52.55	42
52.575	37
52.601	33
52.626	48
52.652	44
52.677	39
52.703	35
52.734	31
52.759	46
52.786	43
52.813	40
52.838	35
52.873	35
52.899	31
52.924	46
52.95	42
52.975	37
53.001	33
53.026	48
53.052	44
53.077	39
53.103	35
53.134	31
53.159	46
53.186	43
53.213	40
53.238	35
53.273	35
53.299	31
53.324	46
53.35	42
53.375	37
53.401	33
53.426	48
53.452	44
53.477	39
53.503	35
53.53	30
53.559	46
53.586	43
53.613	40
53.638	35
53.673	35
53.699	31
53.724	46
53.75	42
53.775	37
53.801	33
53.826	48
53.852	44
53.877	39
53.903	35
53.928	32
53.959	46
53.986	43
54.011	40
54.036	33
54.061	48
54.086	43
54.113	40
54.138	35
54.163	37
54.188	45
54.213	40
54.238	35
54.273	35
54.299	31
54.324	46
54.35	42
54.375	37
54.401	33
54.426	48
54.452	44
54.477	39
54.503	35
54.534	31
54.559	46
54.586	43
54.613	40
54.638	35
54.673	35
54.699	31
54.724	46
54.75	42
54.775	37
54.801	33
54.826	48
54.852	44
54.877	39
54.903	35
54.934	31
54.959	46
54.986	43
55.013	40
55.038	35
55.073	35
55.099	31
55.124	46
55.15	42
55.175	37
55.201	33
55.226	48
55.252	44
55.277	39
55.303	35
55.334	31
55.359	46
55.386	43
55.413	40
55.438	35
55.473	35
55.499	31
55.524	46
55.55	42
55.575	37
55.601	33
55.626	48
55.652	44
55.677	39
55.703	35
55.734	31
55.759	46
55.786	43
55.813	40
55.838	35
55.873	35
55.899	31
55.924	46
55.95	42
55.975	37
56.001	33
56.026	48
56.052	44
56.077	39
56.103	35
56.134	31
56.159	46
56.186	43
56.213	40
56.238	35
56.273	35
56.299	31
56.324	46
56.35	42
56.375	37
56.401	33
56.426	48
56.452	44
56.477	39
56.503	35
56.53	30
56.559	46
56.586	43
56.613	40
56.638	35
56.673	35
56.699	31
56.724	46
56.75	42
56.775	37
56.801	33
56.826	48
56.852	44
56.877	39
56.903	35
56.934	31
56.959	46
56.986	43
57.013	40
57.038	35
57.073	35
57.099	31
57.124	46
57.15	42
57.175	37
57.201	33
57.226	48
57.252	44
57.277	39
57.303	35
57.328	32
57.359	46
57.386	43
57.413	40
57.438	35
57.463	47
57.488	45
57.513	40
57.538	35
57.573	35
57.599	31
57.624	46
57.65	42
57.675	37
57.701	33
57.726	48
57.752	44
57.777	39
57.803	35
57.834	31
57.859	46
57.886	43
57.913	40
57.938	35
57.971	35
57.996	48
58.024	46
58.05	42
58.075	37
58.101	33
58.126	48
58.152	44
58.177	39
58.203	35
58.234	31
58.259	46
58.286	43
58.313	40
58.338	35
58.373	35
58.399	31
58.424	46
58.45	42
58.475	37
58.501	33
58.526	48
58.552	44
58.577	39
58.603	35
58.634	31
58.659	46
58.686	43
58.713	40
58.738	35
58.773	35
58.799	31
58.824	46
58.85	42
58.875	37
58.901	33
58.926	48
58.952	44
58.977	39
59.003	35
59.034	31
59.059	46
59.086	43
59.113	40
59.138	35
59.173	35
59.199	31
59.224	46
59.25	42
59.275	37
59.301	33
59.326	48
59.352	44
59.377	39
59.403	35
59.428	47
59.459	46
59.486	43
59.513	40
59.538	35
59.573	35
59.599	31
59.624	46
59.65	42
59.675	37
59.701	33
59.726	48
59.752	44
59.777	39
59.803	35
59.834	31
59.859	46
59.886	43
59.913	40
59.938	35
59.973	35
59.999	31
60.024	46
60.05	42
60.075	37
60.101	33
60.126	48
60.152	44
60.177	39
60.203	35
60.234	31
60.259	46
60.286	43
60.313	40
60.338	35
60.373	35
60.399	31
60.424	46
60.45	42
60.475	37
60.501	33
60.526	48
60.552	44
60.577	39
60.603	35
60.634	31
60.659	46
60.686	43
60.713	40
60.738	35
60.773	35
60.799	31
60.824	46
60.85	42
60.875	37
60.901	33
60.926	48
60.952	44
60.977	39
61.003	35
61.034	31
61.059	46
61.086	43
61.113	40
61.138	35
61.171	35
61.196	48
61.224	46
61.25	42
61.275	37
61.301	33
61.326	48
61.352	44
61.377	39
61.403	35
61.428	42
61.459	46
61.486	43
61.513	40
61.538	35
61.573	35
61.599	31
61.624	46
61.65	42
61.675	37
61.701	33
61.726	48
61.752	44
61.777	39
61.803	35
61.828	37
61.859	46
61.886	43
61.913	40
61.938	35
61.973	35
61.999	31
62.024	46
62.05	42
62.075	37
62.101	33
62.126	48
62.152	44
62.177	39
62.203	35
62.228	42
62.259	46
62.286	43
62.313	40
62.338	35
62.373	35
62.399	31
62.424	46
62.45	42
62.475	37
62.501	33
62.526	48
62.552	44
62.577	39
62.603	35
62.634	31
62.659	46
62.686	43
62.713	40
62.738	35
62.773	35
62.799	31
62.824	46
62.85	42
62.875	37
62.901	33
62.926	48
62.952	44
62.977	39
63.003	35
63.034	31
63.059	46
63.086	43
63.113	40
63.138	35
63.173	35
63.199	31
63.224	46
63.25	42
63.275	37
63.301	33
63.326	48
63.352	44
63.377	39
63.403	35
63.428	42
63.459	46
63.486	43
63.513	40
63.538	35
63.573	35
63.599	31
63.624	46
63.65	42
63.675	37
63.701	33
63.726	48
63.752	44
63.777	39
63.803	35
63.834	31
63.859	46
63.886	43
63.913	40
63.938	35
63.973	35
63.999	31
64.024	46
64.05	42
64.075	37
64.101	33
64.126	48
64.152	44
64.177	39
64.203	35
64.23	30
64.259	46
64.286	43
64.313	40
64.338	35
64.373	35
64.399	31
64.424	46
64.45	42
64.475	37
64.501	33
64.526	48
64.552	44
64.577	39
64.603	35
64.634	31
64.659	46
64.686	43
64.713	40
64.738	35
64.773	35
64.799	31
64.824	46
64.85	42
64.875	37
64.901	33
64.926	48
64.952	44
64.977	39
65.003	35
65.034	31
65.059	46
65.086	43
65.113	40
65.138	35
65.173	35
65.199	31
65.224	46
65.25	42
65.275	37
65.301	33
65.326	48
65.352	44
65.377	39
65.403	35
65.434	31
65.459	46
65.486	43
65.513	40
65.538	35
65.573	35
65.599	31
65.624	46
65.65	42
65.675	37
65.701	33
65.726	48
65.752	44
65.777	39
65.803	35
65.834	31
65.859	46
65.886	43
65.913	40
65.938	35
65.973	35
65.999	31
66.024	46
66.05	42
66.075	37
66.101	33
66.126	48
66.152	44
66.177	39
66.203	35
66.234	31
66.259	46
66.286	43
66.313	40
66.338	35
66.373	35
66.399	31
66.424	46
66.45	42
66.475	37
66.501	33
66.526	48
66.552	44
66.577	39
66.603	35
66.634	31
66.659	46
66.686	43
66.713	40
66.738	35
66.773	35
66.799	31
66.824	46
66.85	42
66.875	37
66.901	33
66.926	48
66.952	44
66.977	39
67.003	35
67.034	31
67.059	46
67.086	43
67.113	40
67.138	35
67.173	35
67.199	31
67.224	46
67.25	42
67.275	37
67.301	33
67.326	48
67.352	44
67.377	39
67.403	35
67.434	31
67.459	46
67.486	43
67.513	40
67.538	35
67.573	35
67.599	31
67.624	46
67.65	42
67.675	37
67.701	33
67.726	48
67.752	44
67.777	39
67.803	35
67.834	31
67.859	46
67.886	43
67.913	40
67.938	35
67.973	35
67.999	31
68.024	46
68.05	42
68.075	37
68.101	33
68.126	48
68.152	44
68.177	39
68.203	35
68.234	31
68.259	46
68.286	43
68.313	40
68.338	35
68.373	35
68.399	31
68.424	46
68.45	42
68.475	37
68.501	33
68.526	48
68.552	44
68.577	39
68.603	35
68.634	31
68.659	46
68.686	43
68.713	40
68.738	35
68.773	35
68.799	31
68.824	46
68.85	42
68.875	37
68.901	33
68.926	48
68.952	44
68.977	39
69.003	35
69.034	31
69.059	46
69.086	43
69.113	40
69.138	35
69.173	35
69.199	31
69.224	46
69.25	42
69.275	37
69.301	33
69.326	48
69.352	44
69.377	39
69.403	35
69.428	37
69.459	46
69.486	43
69.513	40
69.538	35
69.573	35
69.599	31
69.624	46
69.65	42
69.675	37
69.701	33
69.726	48
69.752	44
69.777	39
69.803	35
69.834	31
69.859	46
69.886	43
69.913	40
69.938	35
69.973	35
69.999	31
70.024	46
70.05	42
70.075	37
70.101	33
70.126	48
70.152	44
70.177	39
70.203	35
70.234	31
70.259	46
70.286	43
70.313	40
70.338	35
70.363	42
70.388	45
70.413	40
70.438	35
70.473	35
70.499	31
70.524	46
70.55	42
70.575	37
70.601	33
70.626	48
70.652	44
70.677	39
70.703	35
70.734	31
70.759	46
70.786	43
70.811	40
70.836	33
70.861	48
70.886	43
70.913	40
70.938	35
70.973	35
70.999	31
71.024	46
71.05	42
71.075	37
71.101	33
71.126	48
71.152	44
71.177	39
71.203	35
71.228	37
71.259	46
71.286	43
71.313	40
71.338	35
71.364	30
71.39	47
71.415	42
71.44	37
71.473	35
71.499	31
71.524	46
71.55	42
71.575	37
71.601	33
71.626	48
71.652	44
71.677	39
71.703	35
71.728	37
71.759	46
71.786	43
71.813	40
71.838	35
71.863	37
71.888	45
71.913	40
71.938	35
71.973	35
71.999	31
72.024	46
72.05	42
72.075	37
72.101	33
72.126	48
72.152	44
72.177	39
72.203	35
72.234	31
72.259	46
72.286	43
72.313	40
72.338	35
72.373	35
72.399	31
72.424	46
72.45	42
72.475	37
72.501	33
72.526	48
72.552	44
72.577	39
72.603	35
72.634	31
72.659	46
72.686	43
72.713	40
72.738	35
72.773	35
72.799	31
72.824	46
72.85	42
72.875	37
72.901	33
72.926	48
72.952	44
72.977	39
73.003	35
73.034	31
73.059	46
73.086	43
73.113	40
73.138	35
73.173	35
73.199	31
73.224	46
73.25	42
73.275	37
73.301	33
73.326	48
73.352	44
73.377	39
73.403	35
73.43	30
73.459	46
73.486	43
73.513	40
73.538	35
73.573	35
73.599	31
73.624	46
73.65	42
73.675	37
73.701	33
73.726	48
73.752	44
73.777	39
73.803	35
73.834	31
73.859	46
73.886	43
73.913	40
73.938	35
73.963	47
73.988	45
74.013	40
74.038	35
74.073	35
74.099	31
74.124	46
74.15	42
74.175	37
74.201	33
74.226	48
74.252	44
74.277	39
74.303	35
74.334	31
74.359	46
74.386	43
74.413	40
74.438	35
74.473	35
74.499	31
74.524	46
74.55	42
74.575	37
74.601	33
74.626	48
74.652	44
74.677	39
74.703	35
74.734	31
74.759	46
74.786	43
74.813	40
74.838	35
74.873	35
74.899	31
74.924	46
74.95	42
74.975	37
75.001	33
75.026	48
75.052	44
75.077	39
75.103	35
75.134	31
75.159	46
75.186	43
75.213	40
75.238	35
75.263	32
75.288	45
75.313	40
75.338	35
75.373	35
75.399	31
75.424	46
75.45	42
75.475	37
75.501	33
75.526	48
75.552	44
75.577	39
75.603	35
75.634	31
75.659	46
75.686	43
75.713	40
75.738	35
75.773	35
75.799	31
75.824	46
75.85	42
75.875	37
75.901	33
75.926	48
75.952	44
75.977	39
76.003	35
76.034	31
76.059	46
76.086	43
76.113	40
76.138	35
76.173	35
76.199	31
76.224	46
76.25	42
76.275	37
76.301	33
76.326	48
76.352	44
76.377	39
76.403	35
76.434	31
76.459	46
76.486	43
76.513	40
76.538	35
76.573	35
76.599	31
76.624	46
76.65	42
76.675	37
76.701	33
76.726	48
76.752	44
76.777	39
76.803	35
76.834	31
76.859	46
76.886	43
76.913	40
76.938	35
76.973	35
76.999	31
77.024	46
77.05	42
77.075	37
77.101	33
77.126	48
77.152	44
77.177	39
77.203	35
77.234	31
77.259	46
77.286	43
77.313	40
77.338	35
77.373	35
77.399	31
77.424	46
77.45	42
77.475	37
77.501	33
77.526	48
77.552	44
77.577	39
77.603	35
77.628	47
77.659	46
77.686	43
77.713	40
77.738	35
77.773	35
77.799	31
77.824	46
77.85	42
77.875	37
77.901	33
77.926	48
77.952	44
77.977	39
78.003	35
78.034	31
78.059	46
78.086	43
78.113	40
78.138	35
78.173	35
78.199	31
78.224	46
78.25	42
78.275	37
78.301	33
78.326	48
78.352	44
78.377	39
78.403	35
78.434	31
78.459	46
78.486	43
78.513	40
78.538	35
78.573	35
78.599	31
78.624	46
78.65	42
78.675	37
78.701	33
78.726	48
78.752	44
78.777	39
78.803	35
78.828	47
78.859	46
78.886	43
78.913	40
78.938	35
78.973	35
78.999	31
79.024	46
79.05	42
79.075	37
79.101	33
79.126	48
79.152	44
79.177	39
79.203	35
79.234	31
79.259	46
79.286	43
79.313	40
79.338	35
79.373	35
79.399	31
79.424	46
79.45	42
79.475	37
79.501	33
79.526	48
79.552	44
79.577	39
79.603	35
79.634	31
79.659	46
79.686	43
79.713	40
79.738	35
79.773	35
79.799	31
79.824	46
79.85	42
79.875	37
79.901	33
79.926	48
79.952	44
79.977	39
80.003	35
80.034	31
80.059	46
80.089	46
80.123	50
80.148	45
80.173	60
80.199	56
80.225	52
80.257	49
80.282	44
80.308	40
80.338	60
80.366	58
80.392	54
80.417	69
80.454	51
80.48	67
80.512	64
80.543	65
80.571	63
80.597	59
80.622	54
80.653	50
80.679	66
80.709	66
80.734	61
80.765	57
80.791	53
80.817	49
80.844	48
80.885	47
80.911	43
80.936	58
80.967	54
80.994	51
81.02	47
81.052	44
81.078	40
81.103	35
81.128	50
81.154	46
81.18	42
81.214	41
81.24	37
81.276	38
81.301	33
81.328	50
81.354	46
81.38	42
81.414	41
81.44	37
81.476	38
81.502	34
81.529	51
81.554	46
81.58	42
81.615	42
81.64	37
81.676	38
81.701	33
81.73	52
81.755	47
81.781	43
81.816	43
81.842	39
81.877	39
81.902	34
81.931	53
81.956	48
81.982	44
82.017	44
82.043	40
82.078	40
82.103	35
82.133	55
82.159	51
82.194	51
82.219	46
82.245	42
82.28	42
82.305	37
82.334	56
82.359	51
82.385	47
82.42	47
82.446	43
82.471	55
82.497	54
82.523	50
82.558	50
82.583	45
82.609	41
82.637	59
82.663	55
82.688	50
82.723	50
82.749	46
82.785	47
82.811	43
82.839	61
82.865	57
82.89	52
82.925	52
82.951	48
82.987	49
83.013	45
83.041	63
83.066	58
83.092	54
83.122	51
83.15	47
83.176	63
83.204	61
83.229	56
83.255	52
83.29	52
83.315	47
83.345	67
83.371	63
83.401	60
83.429	56
83.455	52
83.491	53
83.517	49
83.547	69
83.573	65
83.608	65
83.633	60
83.666	58
83.691	53
83.717	64
83.753	50
83.779	66
83.807	64
83.833	60
83.859	56
83.892	54
83.917	49
83.948	60
83.98	67
84.009	66
84.034	61
84.069	61
84.095	57
84.121	53
84.152	49
84.178	65
84.207	64
84.233	60
84.259	56
84.292	54
84.318	50
84.351	48
84.376	63
84.406	63
84.432	59
84.466	58
84.492	54
84.517	49
84.543	65
84.568	60
84.594	56
84.628	55
84.654	51
84.69	52
84.715	47
84.743	65
84.768	60
84.803	60
84.828	55
84.863	55
84.888	50
84.914	46
84.94	62
84.965	57
85	57
85.026	53
85.06	52
85.086	48
85.112	44
85.138	60
85.165	57
85.198	55
85.223	50
85.25	47
85.283	45
85.308	40
85.338	60
85.365	57
85.399	56
85.425	52
85.451	48
85.484	46
85.509	41
85.539	61
85.567	59
85.6	57
85.625	52
85.653	50
85.687	49
85.713	45
85.741	63
85.769	61
85.803	60
85.828	55
85.856	53
85.889	51
85.914	46
85.944	66
85.972	64
86.006	63
86.031	58
86.057	54
86.09	52
86.115	67
86.156	53
86.188	50
86.213	45
86.243	65
86.27	64
86.303	60
86.328	55
86.356	53
86.382	59
86.408	65
86.434	61
86.46	57
86.492	54
86.518	50
86.546	68
86.573	65
86.598	60
86.631	58
86.658	55
86.69	52
86.716	68
86.747	47
86.773	60
86.8	57
86.826	53
86.854	51
86.879	56
86.91	67
86.956	53
86.988	50
87.014	66
87.044	66
87.073	65
87.102	59
87.128	55
87.153	50
87.178	65
87.204	61
87.229	56
87.254	51
87.287	49
87.313	45
87.338	60
87.365	57
87.397	54
87.422	49
87.447	44
87.479	41
87.504	36
87.531	53
87.558	50
87.591	48
87.616	43
87.641	38
87.676	38
87.702	34
87.729	51
87.756	48
87.791	48
87.816	43
87.842	39
87.876	38
87.902	34
87.93	52
87.957	49
87.991	48
88.017	44
88.043	40
88.076	38
88.101	33
88.13	52
88.158	50
88.191	48
88.216	43
88.243	40
88.277	39
88.303	35
88.331	53
88.36	52
88.392	49
88.419	46
88.446	43
88.481	43
88.506	38
88.535	57
88.566	58
88.6	57
88.626	53
88.653	50
88.687	49
88.712	44
88.741	63
88.772	64
88.803	60
88.828	55
88.855	52
88.884	48
88.911	63
88.944	66
88.972	64
88.998	60
89.027	56
89.054	51
89.079	66
89.105	62
89.134	61
89.159	56
89.188	50
89.213	45
89.243	65
89.279	66
89.307	64
89.333	60
89.359	56
89.385	67
89.41	67
89.435	62
89.46	57
89.493	55
89.519	51
89.545	59
89.576	63
89.603	60
89.63	57
89.659	56
89.691	53
89.717	49
89.745	52
89.772	64
89.806	63
89.831	58
89.856	53
89.888	50
89.913	45
89.95	47
89.975	52
90.001	58
90.026	53
90.051	48
90.083	45
90.109	41
90.146	43
90.179	41
90.204	36
90.243	40
90.276	38
90.302	34
90.341	38
90.376	38
90.402	34
90.429	51
90.457	49
90.491	48
90.517	44
90.542	39
90.576	38
90.601	33
90.63	52
90.658	50
90.691	48
90.716	43
90.744	41
90.777	39
90.802	34
90.833	55
90.862	54
90.896	53
90.921	48
90.948	45
90.983	45
91.008	40
91.039	61
91.068	60
91.102	59
91.127	54
91.155	52
91.187	49
91.213	45
91.243	65
91.272	64
91.305	62
91.33	57
91.356	53
91.388	50
91.414	46
91.446	53
91.473	65
91.498	60
91.531	58
91.558	55
91.59	52
91.616	63
91.648	55
91.674	66
91.704	61
91.73	57
91.759	56
91.784	61
91.813	65
91.844	66
91.874	66
91.909	66
91.935	62
91.969	61
92.004	61
92.034	61
92.063	60
92.088	50
92.113	45
92.146	48
92.173	65
92.198	60
92.228	55
92.253	50
92.278	50
92.307	64
92.333	60
92.358	55
92.386	48
92.411	63
92.443	62
92.47	62
92.498	55
92.523	50
92.548	45
92.581	43
92.607	39
92.643	40
92.676	38
92.701	33
92.73	30
92.756	48
92.79	47
92.815	42
92.841	38
92.876	38
92.901	33
92.928	50
92.955	47
92.98	42
93.014	41
93.041	38
93.076	38
93.102	34
93.129	51
93.156	48
93.191	48
93.217	44
93.242	39
93.276	38
93.301	33
93.33	52
93.358	50
93.391	48
93.417	44
93.443	40
93.476	38
93.501	33
93.53	52
93.558	50
93.593	50
93.618	45
93.646	43
93.68	42
93.706	38
93.737	59
93.766	58
93.8	57
93.826	53
93.853	50
93.888	50
93.913	45
93.944	53
93.972	64
94.002	59
94.028	55
94.057	54
94.092	54
94.117	49
94.144	66
94.173	65
94.205	62
94.231	58
94.257	54
94.29	52
94.315	47
94.353	50
94.384	46
94.41	42
94.437	59
94.462	54
94.492	49
94.518	45
94.543	40
94.576	38
94.601	33
94.627	49
94.655	47
94.681	43
94.715	42
94.741	38
94.776	38
94.801	33
94.827	49
94.855	47
94.881	43
94.915	42
94.941	38
94.976	38
95.001	33
95.041	38
95.076	38
95.101	33
95.126	48
95.153	45
95.178	40
95.203	35
95.241	38
95.276	38
95.301	33
95.328	50
95.355	47
95.38	42
95.405	37
95.441	38
95.476	38
95.502	34
95.528	50
95.555	47
95.58	42
95.605	37
95.641	38
95.676	38
95.702	34
95.728	50
95.755	47
95.78	42
95.805	37
95.841	38
95.876	38
95.902	34
95.928	50
95.955	47
95.98	42
96.005	37
96.041	38
96.076	38
96.102	34
96.129	51
96.155	47
96.18	42
96.206	38
96.241	38
96.276	38
96.302	34
96.329	51
96.354	46
96.38	42
96.406	38
96.441	38
96.476	38
96.502	34
96.527	49
96.556	48
96.589	46
96.616	43
96.642	39
96.676	38
96.702	34
96.729	51
96.755	47
96.78	42
96.805	37
96.842	39
96.876	38
96.903	35
96.929	51
96.956	48
96.989	46
97.02	47
97.046	43
97.076	38
97.103	35
97.129	51
97.157	49
97.189	46
97.22	47
97.246	43
97.276	38
97.303	35
97.329	51
97.357	49
97.382	44
97.407	39
97.432	36
97.457	49
97.482	44
97.507	39
97.542	39
97.576	38
97.604	36
97.63	52
97.655	47
97.68	42
97.706	38
97.742	39
97.776	38
97.804	36
97.83	52
97.857	49
97.882	44
97.908	40
97.943	40
97.976	38
98.004	36
98.03	52
98.056	48
98.082	44
98.108	40
98.143	40
98.176	38
98.204	36
98.23	52
98.258	50
98.291	48
98.316	45
98.343	40
98.376	38
98.404	36
98.43	52
98.456	48
98.482	44
98.508	40
98.543	40
98.576	38
98.604	36
98.63	52
98.656	48
98.682	44
98.708	40
98.733	37
98.758	50
98.783	45
98.808	40
98.844	41
98.877	39
98.905	37
98.931	53
98.959	51
98.984	46
99.009	41
99.034	53
99.06	52
99.093	50
99.123	50
99.149	46
99.179	41
99.207	39
99.233	55
99.259	51
99.284	46
99.31	42
99.347	44
99.381	43
99.409	41
99.435	57
99.463	55
99.488	50
99.514	46
99.549	46
99.583	45
99.611	43
99.638	60
99.666	58
99.699	56
99.729	56
99.754	51
99.786	48
99.814	46
99.84	62
99.867	59
99.893	55
99.919	51
99.944	48
99.97	62
99.995	57
100.021	53
100.056	53
100.088	50
100.117	49
100.143	65
100.171	63
100.196	58
100.222	54
100.256	53
100.281	58
100.307	64
100.335	62
100.36	57
100.391	53
100.419	51
100.446	68
100.476	68
100.506	63
100.534	61
100.56	57
100.594	56
100.62	52
100.645	67
100.671	63
100.702	59
100.737	64
100.762	59
100.793	55
100.819	51
100.849	56
100.876	68
100.906	63
100.935	62
100.961	58
100.988	50
101.017	49
101.043	65
101.071	63
101.096	58
101.121	53
101.156	53
101.191	53
101.219	51
101.244	66
101.27	62
101.295	57
101.32	52
101.355	52
101.389	51
101.416	48
101.442	64
101.469	61
101.502	59
101.53	57
101.556	53
101.585	47
101.612	44
101.638	60
101.664	56
101.689	51
101.715	47
101.75	47
101.783	45
101.81	42
101.836	58
101.864	56
101.898	55
101.926	53
101.952	49
101.984	46
102.011	43
102.038	60
102.066	58
102.091	53
102.117	49
102.153	50
102.187	49
102.216	48
102.242	64
102.271	63
102.296	58
102.322	54
102.359	56
102.387	49
102.416	48
102.443	65
102.471	63
102.497	59
102.523	55
102.559	56
102.594	56
102.62	52
102.647	69
102.675	67
102.7	62
102.726	58
102.76	57
102.785	57
102.811	68
102.839	66
102.865	62
102.893	55
102.918	60
102.945	67
102.975	67
103.001	63
103.036	63
103.062	59
103.095	57
103.121	53
103.147	66
103.175	62
103.204	61
103.239	66
103.271	63
103.297	59
103.323	55
103.349	61
103.375	67
103.405	62
103.435	62
103.461	58
103.489	51
103.517	49
103.554	51
103.588	50
103.613	45
103.651	48
103.683	45
103.708	40
103.735	44
103.761	53
103.793	50
103.821	48
103.846	43
103.877	39
103.903	35
103.942	39
103.977	39
104.004	36
104.029	51
104.057	49
104.082	44
104.108	40
104.143	40
104.177	39
104.204	36
104.231	53
104.259	51
104.284	46
104.31	42
104.345	42
104.38	42
104.409	41
104.437	59
104.465	57
104.5	57
104.53	57
104.555	52
104.588	50
104.618	50
104.644	66
104.676	63
104.704	61
104.733	60
104.759	56
104.79	52
104.818	50
104.845	67
104.874	66
104.899	61
104.925	57
104.955	52
104.981	68
105.009	66
105.037	64
105.063	57
105.089	51
105.117	49
105.143	65
105.171	63
105.202	59
105.23	57
105.256	53
105.282	44
105.309	41
105.339	38
105.367	54
105.393	50
105.419	46
105.445	42
105.475	37
105.503	35
105.529	38
105.555	47
105.58	42
105.605	37
105.64	37
105.675	37
105.703	35
105.74	37
105.775	37
105.803	35
105.84	37
105.876	38
105.903	35
105.928	50
105.955	47
105.98	42
106.006	38
106.041	38
106.076	38
106.104	36
106.129	51
106.156	48
106.182	44
106.207	39
106.233	55
106.259	51
106.285	47
106.311	43
106.336	58
106.363	55
106.389	51
106.414	46
106.44	62
106.467	59
106.493	55
106.518	50
106.544	66
106.573	60
106.6	57
106.631	58
106.657	54
106.682	64
106.708	65
106.737	64
106.77	62
106.795	57
106.821	53
106.848	60
106.874	66
106.903	60
106.937	64
106.963	60
106.992	54
107.017	49
107.044	66
107.072	64
107.1	62
107.135	62
107.161	58
107.189	51
107.215	62
107.245	67
107.273	65
107.298	60
107.324	56
107.362	59
107.388	50
107.413	65
107.438	65
107.467	64
107.494	56
107.52	52
107.555	52
107.583	55
107.613	60
107.639	66
107.67	62
107.701	58
107.727	59
107.754	51
107.785	47
107.811	43
107.838	50
107.867	59
107.898	55
107.925	52
107.951	48
107.976	38
108.003	35
108.041	38
108.076	38
108.103	35
108.141	38
108.176	38
108.203	35
108.241	38
108.276	38
108.303	35
108.341	38
108.377	39
108.403	35
108.428	50
108.456	48
108.482	44
108.507	39
108.542	39
108.576	38
108.605	37
108.632	54
108.661	53
108.695	52
108.724	51
108.749	46
108.782	44
108.812	44
108.839	61
108.868	60
108.901	58
108.931	58
108.956	53
108.989	51
109.014	66
109.045	67
109.074	66
109.107	64
109.137	64
109.162	59
109.191	53
109.217	49
109.245	67
109.273	65
109.305	62
109.334	61
109.36	57
109.392	54
109.418	50
109.452	49
109.482	44
109.508	40
109.541	38
109.576	38
109.603	35
109.641	38
109.676	38
109.703	35
109.741	38
109.776	38
109.803	35
109.841	38
109.876	38
109.903	35
109.941	38
109.976	38
110.003	35
110.041	38
110.076	38
110.103	35
110.13	30
110.156	48
110.189	46
110.218	45
110.243	40
110.276	38
110.303	35
110.341	38
110.376	38
110.403	35
110.441	38
110.476	38
110.503	35
110.541	38
110.571	35
110.596	48
110.621	48
110.654	46
110.68	42
110.705	37
110.741	38
110.776	38
110.803	35
110.841	38
110.876	38
110.903	35
110.941	38
110.976	38
111.003	35
111.041	38
111.076	38
111.103	35
111.141	38
111.176	38
111.203	35
111.241	38
111.276	38
111.303	35
111.341	38
111.371	35
111.396	48
111.421	48
111.454	46
111.48	42
111.505	37
111.541	38
111.576	38
111.603	35
111.641	38
111.676	38
111.703	35
111.741	38
111.776	38
111.803	35
111.841	38
111.876	38
111.903	35
111.941	38
111.976	38
112.003	35
112.041	38
112.076	38
112.103	35
112.141	38
112.176	38
112.203	35
112.241	38
112.276	38
112.303	35
112.341	38
112.376	38
112.403	35
112.441	38
112.476	38
112.503	35
112.541	38
112.576	38
112.603	35
112.641	38
112.676	38
112.703	35
112.741	38
112.776	38
112.803	35
112.829	38
112.854	46
112.88	42
112.905	37
112.941	38
112.976	38
113.003	35
113.041	38
113.076	38
113.103	35
113.141	38
113.176	38
113.203	35
113.241	38
113.276	38
113.303	35
113.341	38
113.376	38
113.403	35
113.441	38
113.476	38
113.503	35
113.541	38
113.576	38
113.603	35
113.641	38
113.676	38
113.703	35
113.741	38
113.776	38
113.803	35
113.841	38
113.876	38
113.903	35
113.941	38
113.976	38
114.003	35
114.041	38
114.076	38
114.103	35
114.141	38
114.176	38
114.203	35
114.241	38
114.276	38
114.303	35
114.329	43
114.354	46
114.38	42
114.405	37
114.441	38
114.476	38
114.503	35
114.541	38
114.571	35
114.597	49
114.627	49
114.654	46
114.68	42
114.705	37
114.741	38
114.776	38
114.803	35
114.841	38
114.876	38
114.903	35
114.93	30
114.956	48
114.989	46
115.018	45
115.043	40
115.076	38
115.103	35
115.141	38
115.177	39
115.203	35
115.242	39
115.277	39
115.303	35
115.329	33
115.354	46
115.38	42
115.405	37
115.442	39
115.477	39
115.503	35
115.542	39
115.577	39
115.603	35
115.642	39
115.677	39
115.703	35
115.742	39
115.777	39
115.803	35
115.842	39
115.877	39
115.903	35
115.942	39
115.977	39
116.003	35
116.042	39
116.077	39
116.103	35
116.142	39
116.177	39
116.203	35
116.242	39
116.277	39
116.303	35
116.329	33
116.355	47
116.38	42
116.405	37
116.442	39
116.477	39
116.503	35
116.542	39
116.577	39
116.603	35
116.628	50
116.655	47
116.68	42
116.705	37
116.742	39
116.777	39
116.803	35
116.828	50
116.855	47
116.88	42
116.905	37
116.93	34
116.955	47
116.981	43
117.007	39
117.042	39
117.077	39
117.103	35
117.128	50
117.155	47
117.181	43
117.207	39
117.242	39
117.277	39
117.303	35
117.328	50
117.355	47
117.381	43
117.407	39
117.442	39
117.477	39
117.503	35
117.528	50
117.555	47
117.581	43
117.607	39
117.642	39
117.677	39
117.703	35
117.728	50
117.755	47
117.781	43
117.807	39
117.842	39
117.871	35
117.898	50
117.928	50
117.955	47
117.981	43
118.007	39
118.042	39
118.077	39
118.103	35
118.128	50
118.155	47
118.181	43
118.207	39
118.242	39
118.277	39
118.303	35
118.328	50
118.355	47
118.381	43
118.407	39
118.442	39
118.477	39
118.503	35
118.528	50
118.555	47
118.581	43
118.607	39
118.642	39
118.677	39
118.703	35
118.728	50
118.755	47
118.781	43
118.807	39
118.842	39
118.877	39
118.903	35
118.928	50
118.955	47
118.981	43
119.007	39
119.042	39
119.077	39
119.103	35
119.128	50
119.155	47
119.181	43
119.206	38
119.242	39
119.277	39
119.304	36
119.329	51
119.355	47
119.381	43
119.406	38
119.431	40
119.457	49
119.49	47
119.519	46
119.544	41
119.577	39
119.604	36
119.629	51
119.655	47
119.681	43
119.706	38
119.731	50
119.756	48
119.781	43
119.806	38
119.842	39
119.877	39
119.904	36
119.929	51
119.955	47
119.981	43
120.006	38
120.042	39
120.077	39
120.104	36
120.129	51
120.157	49
120.182	44
120.207	39
120.242	39
120.277	39
120.304	36
120.329	51
120.357	49
120.382	44
120.407	39
120.442	39
120.477	39
120.504	36
120.529	51
120.557	49
120.589	46
120.62	47
120.646	43
120.677	39
120.704	36
120.729	51
120.757	49
120.789	46
120.82	47
120.846	43
120.877	39
120.904	36
120.929	51
120.957	49
120.982	44
121.007	39
121.043	40
121.077	39
121.104	36
121.13	52
121.157	49
121.182	44
121.207	39
121.243	40
121.277	39
121.304	36
121.33	52
121.357	49
121.382	44
121.407	39
121.443	40
121.477	39
121.504	36
121.53	52
121.558	50
121.591	48
121.62	47
121.645	42
121.677	39
121.704	36
121.73	52
121.758	50
121.79	47
121.82	47
121.845	42
121.877	39
121.904	36
121.93	52
121.958	50
121.99	47
122.021	48
122.047	44
122.077	39
122.104	36
122.13	52
122.158	50
122.192	49
122.22	47
122.246	43
122.276	38
122.304	36
122.33	52
122.359	51
122.392	49
122.42	47
122.445	42
122.476	38
122.504	36
122.531	53
122.559	51
122.592	49
122.62	47
122.645	42
122.671	35
122.696	53
122.721	48
122.747	44
122.777	39
122.805	37
122.832	54
122.86	52
122.891	48
122.921	48
122.946	43
122.978	40
123.006	38
123.031	53
123.061	53
123.092	49
123.122	49
123.147	44
123.179	41
123.207	39
123.234	56
123.262	54
123.295	52
123.324	51
123.35	47
123.38	42
123.409	41
123.435	57
123.463	55
123.497	54
123.525	52
123.55	47
123.582	44
123.61	42
123.637	59
123.665	57
123.699	56
123.727	54
123.752	49
123.784	46
123.812	44
123.839	61
123.867	59
123.901	58
123.929	56
123.954	51
123.986	48
124.014	46
124.041	63
124.07	62
124.1	57
124.128	55
124.153	50
124.178	65
124.204	61
124.233	60
124.259	56
124.286	48
124.314	46
124.341	63
124.371	63
124.404	61
124.433	60
124.459	56
124.487	49
124.516	48
124.542	64
124.57	62
124.595	57
124.62	52
124.653	50
124.678	55
124.704	61
124.733	60
124.759	56
124.787	49
124.812	64
124.843	65
124.873	60
124.9	57
124.928	55
124.954	51
124.981	63
125.006	63
125.034	61
125.068	60
125.101	58
125.129	56
125.156	53
125.189	51
125.217	49
125.253	50
125.286	48
125.314	46
125.34	62
125.369	61
125.402	59
125.429	56
125.455	52
125.486	48
125.514	46
125.539	61
125.567	59
125.601	58
125.629	56
125.655	52
125.685	47
125.713	45
125.739	61
125.767	59
125.8	57
125.829	56
125.855	52
125.885	47
125.913	45
125.94	62
125.968	60
126.002	59
126.031	58
126.056	53
126.088	50
126.117	49
126.142	64
126.17	62
126.203	60
126.232	59
126.257	54
126.291	53
126.318	50
126.353	50
126.379	66
126.405	62
126.431	60
126.456	53
126.488	50
126.516	48
126.541	63
126.566	63
126.591	53
126.616	48
126.643	65
126.671	63
126.696	58
126.731	58
126.757	54
126.789	51
126.819	51
126.844	66
126.871	63
126.897	59
126.922	54
126.956	53
126.989	51
127.015	62
127.043	65
127.071	63
127.102	59
127.131	58
127.158	55
127.189	51
127.216	48
127.241	63
127.268	60
127.303	60
127.33	57
127.355	52
127.388	50
127.415	47
127.44	62
127.467	59
127.495	54
127.528	55
127.553	50
127.584	46
127.611	43
127.637	59
127.664	56
127.698	55
127.726	53
127.751	48
127.783	45
127.811	43
127.837	59
127.865	57
127.899	56
127.928	55
127.953	50
127.985	47
128.014	46
128.039	63
128.069	61
128.104	61
128.133	60
128.158	55
128.189	51
128.218	50
128.246	68
128.275	62
128.302	59
128.331	58
128.357	54
128.384	66
128.412	64
128.437	64
128.463	60
128.492	54
128.52	52
128.557	54
128.589	51
128.614	61
128.639	66
128.673	65
128.699	61
128.724	56
128.752	59
128.778	65
128.803	60
128.835	62
128.861	58
128.886	63
128.914	66
128.939	66
128.973	65
129.006	63
129.038	65
129.072	64
129.098	60
129.131	58
129.158	55
129.189	51
129.214	66
129.254	51
129.287	49
129.312	44
129.35	47
129.375	39
129.406	38
129.442	39
129.476	38
129.503	35
129.541	38
129.576	38
129.603	35
129.641	38
129.676	38
129.703	35
129.741	38
129.776	38
129.803	35
129.828	50
129.855	47
129.88	42
129.905	37
129.93	30
129.956	48
129.991	48
130.018	45
130.044	41
130.076	38
130.104	36
130.13	52
130.158	50
130.191	48
130.219	46
130.244	41
130.277	39
130.306	38
130.332	54
130.36	52
130.394	51
130.422	49
130.448	45
130.48	42
130.509	41
130.535	57
130.563	55
130.597	54
130.625	52
130.65	47
130.683	45
130.712	44
130.738	60
130.766	58
130.8	57
130.828	55
130.853	50
130.887	49
130.915	47
130.941	63
130.969	61
131.003	60
131.031	58
131.056	53
131.09	52
131.116	48
131.143	65
131.171	63
131.204	61
131.235	62
131.261	58
131.29	52
131.316	48
131.343	65
131.373	65
131.408	65
131.435	62
131.461	58
131.492	54
131.517	64
131.543	65
131.574	66
131.604	61
131.637	64
131.662	59
131.696	58
131.722	54
131.748	65
131.779	66
131.805	62
131.835	62
131.86	57
131.886	63
131.914	66
131.939	66
131.972	64
132.004	61
132.03	62
132.057	54
132.091	53
132.117	49
132.149	56
132.178	50
132.204	61
132.232	59
132.266	58
132.291	53
132.316	48
132.35	47
132.38	42
132.408	40
132.444	41
132.476	38
132.503	35
132.541	38
132.576	38
132.603	35
132.628	37
132.656	48
132.691	48
132.717	44
132.743	40
132.776	38
132.803	35
132.841	38
132.876	38
132.903	35
132.928	50
132.955	47
132.98	42
133.005	37
133.041	38
133.076	38
133.104	36
133.129	51
133.156	48
133.191	48
133.219	46
133.244	41
133.276	38
133.305	37
133.333	55
133.362	54
133.396	53
133.426	53
133.451	48
133.484	46
133.513	45
133.541	63
133.57	62
133.605	62
133.634	61
133.66	57
133.687	49
133.716	48
133.744	66
133.775	67
133.809	66
133.835	62
133.869	61
133.895	57
133.921	53
133.946	50
133.974	61
134.002	54
134.028	50
134.053	45
134.079	41
134.105	37
134.142	39
134.177	39
134.203	35
134.242	39
134.277	39
134.303	35
134.342	39
134.377	39
134.403	35
134.442	39
134.477	39
134.503	35
134.542	39
134.577	39
134.603	35
134.642	39
134.677	39
134.703	35
134.742	39
134.777	39
134.803	35
134.842	39
134.877	39
134.903	35
134.942	39
134.977	39
135.003	35
135.042	39
135.077	39
135.103	35
135.142	39
135.177	39
135.203	35
135.242	39
135.277	39
135.302	34
135.341	38
135.376	38
135.402	34
135.441	38
135.476	38
135.502	34
135.541	38
135.576	38
135.602	34
135.641	38
135.676	38
135.702	34
135.741	38
135.776	38
135.802	34
135.827	31
135.853	45
135.878	40
135.904	36
135.941	38
135.976	38
136.002	34
136.027	36
136.053	45
136.078	40
136.104	36
136.141	38
136.176	38
136.202	34
136.241	38
136.276	38
136.303	35
136.328	37
136.353	45
136.378	40
136.403	35
136.441	38
136.476	38
136.503	35
136.541	38
136.576	38
136.603	35
136.641	38
136.676	38
136.703	35
136.741	38
136.776	38
136.803	35
136.841	38
136.876	38
136.903	35
136.941	38
136.976	38
137.003	35
137.028	32
137.054	46
137.08	42
137.105	37
137.141	38
137.176	38
137.203	35
137.241	38
137.276	38
137.303	35
137.341	38
137.376	38
137.403	35
137.441	38
137.476	38
137.503	35
137.541	38
137.577	39
137.603	35
137.642	39
137.677	39
137.703	35
137.742	39
137.777	39
137.803	35
137.842	39
137.877	39
137.903	35
137.929	38
137.954	46
137.98	42
138.005	37
138.042	39
138.077	39
138.103	35
138.142	39
138.177	39
138.203	35
138.242	39
138.277	39
138.303	35
138.342	39
138.377	39
138.403	35
138.442	39
138.477	39
138.503	35
138.542	39
138.577	39
138.603	35
138.642	39
138.677	39
138.703	35
138.742	39
138.777	39
138.803	35
138.842	39
138.877	39
138.903	35
138.942	39
138.977	39
139.003	35
139.042	39
139.077	39
139.103	35
139.142	39
139.177	39
139.203	35
139.242	39
139.277	39
139.303	35
139.342	39
139.377	39
139.403	35
139.442	39
139.477	39
139.503	35
139.542	39
139.577	39
139.603	35
139.629	48
139.655	47
139.68	42
139.705	37
139.742	39
139.777	39
139.803	35
139.842	39
139.877	39
139.903	35
139.942	39
139.977	39
140.003	35
140.042	39
140.077	39
140.103	35
140.142	39
140.177	39
140.203	35
140.229	33
140.255	47
140.28	42
140.305	37
140.342	39
140.377	39
140.403	35
140.442	39
140.477	39
140.503	35
140.542	39
140.577	39
140.603	35
140.642	39
140.677	39
140.703	35
140.742	39
140.777	39
140.803	35
140.836	35
140.862	49
140.89	47
140.918	45
140.944	41
140.977	39
141.003	35
141.042	39
141.077	39
141.103	35
141.142	39
141.177	39
141.203	35
141.242	39
141.277	39
141.303	35
141.342	39
141.377	39
141.403	35
141.428	50
141.455	47
141.481	43
141.507	39
141.542	39
141.577	39
141.603	35
141.642	39
141.677	39
141.703	35
141.742	39
141.777	39
141.803	35
141.842	39
141.877	39
141.903	35
141.928	50
141.955	47
141.981	43
142.007	39
142.042	39
142.077	39
142.103	35
142.128	50
142.155	47
142.181	43
142.207	39
142.242	39
142.277	39
142.303	35
142.328	50
142.355	47
142.381	43
142.407	39
142.442	39
142.477	39
142.503	35
142.528	50
142.555	47
142.581	43
142.607	39
142.641	38
142.676	38
142.703	35
142.728	50
142.755	47
142.78	42
142.805	37
142.83	49
142.855	47
142.88	42
142.905	37
142.941	38
142.976	38
143.003	35
143.028	50
143.056	48
143.09	47
143.118	45
143.143	40
143.176	38
143.203	35
143.228	50
143.255	47
143.28	42
143.305	37
143.341	38
143.376	38
143.403	35
143.429	51
143.455	47
143.48	42
143.505	37
143.541	38
143.576	38
143.603	35
143.629	51
143.656	48
143.691	48
143.718	45
143.743	40
143.776	38
143.803	35
143.829	51
143.856	48
143.891	48
143.918	45
143.943	40
143.976	38
144.003	35
144.029	51
144.056	48
144.091	48
144.118	45
144.143	40
144.176	38
144.204	36
144.229	51
144.256	48
144.291	48
144.318	45
144.343	40
144.376	38
144.404	36
144.429	51
144.456	48
144.491	48
144.518	45
144.543	40
144.576	38
144.604	36
144.629	51
144.656	48
144.691	48
144.718	45
144.744	41
144.776	38
144.804	36
144.829	51
144.856	48
144.891	48
144.918	45
144.944	41
144.976	38
145.004	36
145.029	51
145.056	48
145.091	48
145.118	45
145.144	41
145.176	38
145.204	36
145.229	51
145.256	48
145.291	48
145.318	45
145.344	41
145.376	38
145.404	36
145.43	52
145.457	49
145.491	48
145.518	45
145.544	41
145.576	38
145.604	36
145.63	52
145.657	49
145.685	44
145.719	46
145.744	41
145.776	38
145.804	36
145.83	52
145.857	49
145.891	48
145.919	46
145.944	41
145.976	38
146.004	36
146.03	52
146.057	49
146.091	48
146.119	46
146.144	41
146.176	38
146.204	36
146.23	52
146.257	49
146.291	48
146.319	46
146.344	41
146.376	38
146.404	36
146.43	52
146.457	49
146.491	48
146.519	46
146.544	41
146.571	35
146.599	51
146.63	52
146.657	49
146.691	48
146.719	46
146.745	42
146.776	38
146.804	36
146.83	52
146.857	49
146.891	48
146.919	46
146.945	42
146.976	38
147.004	36
147.03	52
147.058	50
147.091	48
147.119	46
147.145	42
147.176	38
147.204	36
147.23	52
147.258	50
147.291	48
147.319	46
147.345	42
147.376	38
147.404	36
147.43	52
147.458	50
147.491	48
147.519	46
147.545	42
147.576	38
147.604	36
147.631	53
147.658	50
147.691	48
147.719	46
147.745	42
147.777	39
147.805	37
147.831	53
147.859	51
147.892	49
147.92	47
147.946	43
147.977	39
148.006	38
148.032	54
148.059	51
148.093	50
148.121	48
148.147	44
148.178	40
148.206	38
148.233	55
148.26	52
148.294	51
148.322	49
148.348	45
148.38	42
148.408	40
148.434	56
148.461	53
148.495	52
148.523	50
148.549	46
148.581	43
148.609	41
148.635	57
148.663	55
148.697	54
148.725	52
148.751	48
148.783	45
148.811	43
148.837	59
148.865	57
148.899	56
148.927	54
148.953	50
148.985	47
149.013	45
149.039	61
149.067	59
149.101	58
149.129	56
149.155	52
149.187	49
149.215	47
149.242	64
149.269	61
149.303	60
149.331	58
149.356	53
149.389	51
149.418	50
149.444	66
149.475	62
149.502	59
149.53	57
149.555	52
149.589	51
149.617	49
149.644	66
149.671	63
149.696	58
149.722	54
149.757	54
149.783	55
149.809	66
149.835	62
149.861	58
149.889	51
149.915	67
149.946	68
149.974	66
150.005	62
150.031	58
150.057	54
150.083	55
150.109	66
150.135	62
150.16	57
150.19	52
150.217	49
150.243	65
150.27	62
150.305	62
150.336	63
150.361	58
150.387	49
150.412	44
150.438	60
150.467	59
150.492	54
150.518	50
150.543	65
150.57	62
150.603	60
150.63	57
150.655	52
150.686	48
150.713	45
150.739	61
150.766	58
150.799	56
150.826	53
150.852	49
150.883	45
150.91	42
150.936	58
150.963	55
150.996	53
151.024	51
151.05	47
151.081	43
151.109	41
151.135	57
151.163	55
151.196	53
151.224	51
151.25	47
151.282	44
151.31	42
151.336	58
151.364	56
151.398	55
151.426	53
151.452	49
151.484	46
151.512	44
151.539	61
151.568	60
151.602	59
151.63	57
151.655	52
151.688	50
151.716	48
151.743	65
151.772	64
151.802	59
151.831	58
151.856	53
151.89	52
151.919	51
151.945	67
151.973	65
152.007	64
152.033	60
152.059	56
152.089	51
152.114	66
152.144	66
152.171	63
152.196	58
152.222	54
152.259	56
152.291	53
152.319	51
152.345	67
152.372	64
152.406	63
152.437	64
152.472	64
152.507	64
152.533	60
152.559	56
152.59	52
152.619	51
152.645	67
152.674	66
152.705	62
152.733	60
152.758	55
152.791	53
152.818	50
152.844	66
152.871	63
152.902	59
152.929	56
152.954	51
152.989	51
153.016	48
153.042	64
153.069	61
153.1	57
153.127	54
153.152	49
153.185	47
153.213	45
153.238	60
153.266	58
153.298	55
153.326	53
153.351	48
153.383	45
153.41	42
153.436	58
153.464	56
153.497	54
153.525	52
153.551	48
153.582	44
153.61	42
153.636	58
153.664	56
153.697	54
153.725	52
153.75	47
153.783	45
153.811	43
153.838	60
153.866	58
153.899	56
153.928	55
153.954	51
153.986	48
154.014	46
154.041	63
154.07	62
154.103	60
154.132	59
154.157	54
154.187	49
154.216	48
154.243	65
154.274	66
154.304	61
154.333	60
154.359	56
154.391	53
154.418	50
154.444	66
154.473	65
154.498	60
154.523	55
154.557	54
154.589	51
154.618	50
154.644	66
154.672	64
154.698	60
154.724	56
154.759	56
154.792	54
154.818	50
154.844	66
154.879	66
154.906	63
154.943	65
154.97	62
154.996	58
155.021	53
155.048	65
155.074	66
155.106	63
155.135	62
155.16	57
155.189	51
155.214	46
155.255	52
155.28	57
155.305	62
155.332	59
155.358	55
155.385	47
155.411	43
155.447	44
155.478	40
155.504	36
155.541	38
155.576	38
155.603	35
155.641	38
155.676	38
155.703	35
155.741	38
155.776	38
155.803	35
155.828	50
155.855	47
155.88	42
155.905	37
155.941	38
155.976	38
156.004	36
156.029	51
156.056	48
156.091	48
156.118	45
156.144	41
156.176	38
156.204	36
156.23	52
156.258	50
156.291	48
156.319	46
156.345	42
156.378	40
156.407	39
156.435	57
156.464	56
156.499	56
156.528	55
156.553	50
156.586	48
156.615	47
156.641	63
156.67	62
156.705	62
156.734	61
156.76	57
156.789	51
156.818	50
156.845	67
156.874	61
156.905	62
156.932	59
156.958	55
156.992	54
157.018	50
157.043	65
157.07	62
157.095	57
157.122	54
157.155	52
157.18	47
157.206	63
157.231	58
157.258	55
157.29	52
157.317	49
157.345	52
157.371	63
157.401	58
157.428	55
157.454	51
157.484	46
157.51	42
157.535	57
157.561	53
157.589	48
157.62	47
157.646	43
157.677	39
157.703	35
157.728	50
157.755	47
157.781	43
157.807	39
157.842	39
157.877	39
157.904	36
157.942	39
157.977	39
158.004	36
158.029	51
158.056	48
158.082	44
158.108	40
158.143	40
158.177	39
158.204	36
158.23	52
158.258	50
158.292	49
158.32	47
158.346	43
158.378	40
158.405	37
158.43	52
158.461	53
158.495	52
158.525	52
158.55	47
158.583	45
158.608	60
158.639	61
158.669	61
158.702	59
158.727	56
158.755	52
158.79	52
158.817	49
158.844	66
158.874	63
158.905	62
158.936	63
158.961	58
158.992	54
159.02	52
159.058	55
159.083	65
159.108	65
159.133	60
159.158	55
159.189	51
159.218	50
159.244	63
159.269	61
159.298	55
159.325	52
159.35	47
159.377	39
159.403	35
159.441	38
159.476	38
159.502	34
159.527	49
159.553	45
159.578	40
159.604	36
159.641	38
159.676	38
159.702	34
159.727	49
159.753	45
159.778	40
159.804	36
159.841	38
159.871	35
159.897	49
159.922	49
159.953	45
159.978	40
160.003	35
160.028	50
160.054	46
160.08	42
160.105	37
160.141	38
160.176	38
160.203	35
160.228	50
160.255	47
160.28	42
160.306	38
160.342	39
160.376	38
160.404	36
160.43	52
160.455	47
160.48	42
160.506	38
160.542	39
160.576	38
160.604	36
160.629	51
160.657	49
160.683	45
160.709	41
160.744	41
160.778	40
160.806	38
160.832	54
160.858	50
160.884	46
160.91	42
160.946	43
160.979	41
161.007	39
161.032	54
161.06	52
161.086	48
161.112	44
161.142	41
161.168	55
161.194	51
161.224	51
161.249	46
161.282	44
161.311	43
161.337	59
161.363	55
161.389	51
161.414	46
161.451	48
161.485	47
161.513	45
161.539	61
161.565	57
161.59	52
161.616	48
161.641	63
161.667	59
161.693	55
161.719	51
161.755	52
161.789	51
161.817	49
161.843	65
161.87	62
161.901	58
161.932	59
161.958	55
161.992	54
162.02	52
162.046	68
162.072	64
162.097	59
162.123	55
162.155	52
162.189	51
162.217	49
162.243	65
162.273	65
162.3	59
162.333	60
162.359	56
162.391	53
162.417	49
162.442	64
162.468	60
162.494	56
162.522	54
162.557	54
162.588	50
162.614	56
162.642	64
162.668	60
162.693	55
162.719	51
162.747	59
162.776	68
162.803	60
162.832	59
162.858	55
162.893	55
162.918	50
162.943	65
162.969	61
162.994	56
163.019	51
163.045	67
163.07	62
163.095	57
163.121	53
163.155	52
163.188	50
163.215	47
163.24	62
163.266	58
163.291	53
163.317	49
163.351	48
163.384	46
163.412	44
163.437	59
163.463	55
163.489	51
163.514	46
163.55	47
163.583	45
163.611	43
163.637	59
163.663	55
163.689	51
163.715	47
163.75	47
163.784	46
163.812	44
163.837	59
163.865	57
163.89	52
163.916	48
163.941	63
163.967	59
163.992	54
164.017	49
164.042	64
164.07	62
164.095	57
164.12	52
164.156	53
164.19	52
164.215	62
164.24	67
164.266	63
164.291	53
164.319	51
164.344	66
164.373	65
164.399	61
164.424	56
164.46	57
164.492	54
164.52	52
164.545	67
164.573	65
164.599	61
164.625	57
164.659	56
164.693	55
164.719	66
164.745	67
164.773	65
164.8	57
164.833	60
164.859	56
164.885	62
164.911	68
164.936	63
164.961	58
164.994	56
165.022	54
165.059	56
165.089	51
165.118	50
165.148	55
165.175	67
165.207	64
165.235	62
165.261	58
165.29	52
165.316	48
165.341	63
165.369	61
165.401	58
165.429	56
165.454	51
165.484	46
165.511	43
165.536	58
165.562	54
165.587	49
165.612	44
165.646	43
165.679	41
165.706	38
165.731	53
165.757	49
165.783	45
165.808	40
165.833	47
165.859	51
165.89	47
165.92	47
165.946	43
165.978	40
166.006	38
166.033	55
166.059	51
166.084	46
166.109	41
166.135	57
166.162	54
166.187	49
166.212	44
166.237	59
166.265	57
166.29	52
166.315	47
166.34	62
166.369	61
166.394	56
166.419	51
166.445	67
166.471	63
166.497	59
166.522	54
166.549	56
166.574	66
166.605	62
166.635	62
166.664	61
166.693	55
166.722	54
166.758	55
166.783	55
166.812	64
166.837	64
166.863	60
166.89	52
166.916	68
166.947	69
166.975	67
167.005	62
167.036	63
167.063	60
167.093	55
167.118	50
167.143	65
167.168	65
167.193	60
167.221	53
167.257	54
167.282	64
167.309	51
167.341	68
167.366	63
167.392	54
167.418	55
167.444	66
167.474	66
167.502	59
167.53	57
167.556	53
167.581	58
167.608	65
167.634	61
167.665	57
167.697	54
167.728	55
167.754	51
167.782	44
167.807	39
167.845	42
167.877	39
167.903	35
167.942	39
167.977	39
168.003	35
168.042	39
168.077	39
168.103	35
168.142	39
168.177	39
168.203	35
168.242	39
168.271	35
168.298	50
168.328	50
168.355	47
168.381	43
168.406	38
168.442	39
168.477	39
168.505	37
168.53	52
168.557	49
168.583	45
168.609	41
168.644	41
168.677	39
168.706	38
168.732	54
168.759	51
168.784	46
168.809	41
168.834	56
168.861	53
168.886	48
168.911	43
168.937	59
168.966	58
168.992	54
169.018	50
169.043	65
169.07	62
169.102	59
169.132	59
169.157	54
169.187	49
169.212	64
169.237	64
169.263	60
169.289	51
169.317	49
169.342	64
169.374	66
169.4	62
169.435	62
169.461	58
169.49	52
169.515	62
169.543	65
169.572	64
169.602	59
169.635	62
169.663	60
169.689	51
169.717	49
169.742	64
169.772	64
169.797	59
169.822	54
169.855	52
169.88	52
169.906	63
169.932	59
169.957	54
169.986	48
170.011	43
170.038	52
170.063	55
170.094	51
170.121	48
170.147	44
170.176	38
170.203	35
170.229	30
170.255	47
170.281	43
170.306	38
170.341	38
170.376	38
170.403	35
170.441	38
170.476	38
170.503	35
170.541	38
170.576	38
170.603	35
170.628	50
170.655	47
170.68	42
170.705	37
170.741	38
170.776	38
170.804	36
170.83	52
170.857	49
170.89	47
170.92	47
170.945	42
170.977	39
171.007	39
171.032	54
171.062	54
171.088	50
171.114	46
171.139	61
171.167	59
171.193	55
171.219	51
171.245	67
171.272	64
171.297	59
171.323	55
171.357	54
171.382	54
171.407	64
171.437	64
171.463	60
171.489	51
171.518	50
171.546	53
171.573	60
171.599	56
171.625	52
171.654	46
171.685	42
171.714	41
171.739	36
171.774	36
171.803	35
171.834	33
171.874	36
171.903	35
171.939	36
171.974	36
172.003	35
172.039	36
172.074	36
172.103	35
172.139	36
172.174	36
172.203	35
172.239	36
172.274	36
172.303	35
172.339	36
172.374	36
172.403	35
172.44	37
172.475	37
172.503	35
172.54	37
172.575	37
172.603	35
172.64	37
172.675	37
172.703	35
172.74	37
172.775	37
172.803	35
172.84	37
172.875	37
172.903	35
172.94	37
172.975	37
173.003	35
173.04	37
173.075	37
173.103	35
173.14	37
173.175	37
173.203	35
173.24	37
173.275	37
173.303	35
173.34	37
173.375	37
173.403	35
173.44	37
173.475	37
173.503	35
173.54	37
173.575	37
173.603	35
173.629	30
173.655	47
173.686	43
173.715	42
173.74	37
173.775	37
173.803	35
173.84	37
173.869	33
173.894	46
173.919	46
173.944	41
173.975	37
174.003	35
174.04	37
174.075	37
174.103	35
174.14	37
174.175	37
174.203	35
174.24	37
174.275	37
174.303	35
174.34	37
174.375	37
174.403	35
174.44	37
174.475	37
174.503	35
174.54	37
174.575	37
174.603	35
174.64	37
174.675	37
174.703	35
174.74	37
174.775	37
174.803	35
174.84	37
174.875	37
174.903	35
174.94	37
174.975	37
175.003	35
175.04	37
175.075	37
175.103	35
175.14	37
175.175	37
175.202	34
175.239	36
175.274	36
175.302	34
175.339	36
175.374	36
175.402	34
175.439	36
175.474	36
175.502	34
175.539	36
175.574	36
175.602	34
175.639	36
175.674	36
175.702	34
175.739	36
175.774	36
175.802	34
175.839	36
175.874	36
175.902	34
175.939	36
175.974	36
176.002	34
176.039	36
176.074	36
176.102	34
176.139	36
176.174	36
176.202	34
176.239	36
176.274	36
176.302	34
176.339	36
176.374	36
176.402	34
176.439	36
176.474	36
176.502	34
176.539	36
176.574	36
176.602	34
176.639	36
176.674	36
176.702	34
176.739	36
176.774	36
176.802	34
176.839	36
176.874	36
176.902	34
176.939	36
176.974	36
177.002	34
177.039	36
177.074	36
177.102	34
177.139	36
177.174	36
177.202	34
177.239	36
177.274	36
177.302	34
177.339	36
177.374	36
177.402	34
177.439	36
177.474	36
177.502	34
177.539	36
177.574	36
177.602	34
177.639	36
177.674	36
177.702	34
177.739	36
177.774	36
177.802	34
177.839	36
177.874	36
177.902	34
177.939	36
177.974	36
178.002	34
178.039	36
178.074	36
178.102	34
178.139	36
178.174	36
178.202	34
178.239	36
178.274	36
178.302	34
178.339	36
178.374	36
178.402	34
178.439	36
178.474	36
178.503	35
178.539	36
178.574	36
178.603	35
178.639	36
178.674	36
178.703	35
178.739	36
178.774	36
178.803	35
178.828	37
178.853	45
178.878	40
178.903	35
178.939	36
178.974	36
179.003	35
179.039	36
179.074	36
179.103	35
179.139	36
179.174	36
179.203	35
179.228	37
179.254	46
179.287	44
179.317	44
179.343	40
179.374	36
179.403	35
179.439	36
179.474	36
179.503	35
179.539	36
179.574	36
179.603	35
179.639	36
179.674	36
179.703	35
179.739	36
179.774	36
179.803	35
179.839	36
179.874	36
179.903	35
179.928	32
179.954	46
179.987	44
180.017	44
180.043	40
180.074	36
180.103	35
180.139	36
180.174	36
180.203	35
180.239	36
180.274	36
180.303	35
180.339	36
180.374	36
180.403	35
180.439	36
180.474	36
180.503	35
180.528	47
180.554	46
180.58	42
180.605	37
180.639	36
180.674	36
180.703	35
180.728	47
180.754	46
180.78	42
180.805	37
180.839	36
180.874	36
180.903	35
180.939	36
180.974	36
181.003	35
181.039	36
181.074	36
181.103	35
181.139	36
181.174	36
181.203	35
181.229	30
181.254	46
181.28	42
181.305	37
181.339	36
181.375	37
181.403	35
181.44	37
181.475	37
181.503	35
181.54	37
181.575	37
181.603	35
181.64	37
181.675	37
181.703	35
181.74	37
181.775	37
181.803	35
181.84	37
181.875	37
181.903	35
181.934	33
181.962	49
181.989	46
182.018	45
182.043	40
182.075	37
182.103	35
182.129	38
182.155	47
182.18	42
182.205	37
182.24	37
182.275	37
182.303	35
182.34	37
182.375	37
182.403	35
182.44	37
182.475	37
182.503	35
182.54	37
182.575	37
182.603	35
182.64	37
182.675	37
182.703	35
182.74	37
182.775	37
182.803	35
182.84	37
182.875	37
182.903	35
182.94	37
182.975	37
183.003	35
183.029	48
183.055	47
183.088	45
183.118	45
183.144	41
183.175	37
183.203	35
183.24	37
183.275	37
183.303	35
183.34	37
183.375	37
183.403	35
183.428	50
183.455	47
183.481	43
183.507	39
183.54	37
183.566	33
183.592	49
183.618	45
183.644	41
183.67	37
183.703	35
183.73	44
183.755	47
183.781	43
183.807	39
183.84	37
183.866	33
183.893	50
183.918	45
183.944	41
183.97	37
184.003	35
184.028	50
184.055	47
184.081	43
184.107	39
184.14	37
184.165	32
184.193	50
184.218	45
184.244	41
184.27	37
184.303	35
184.328	50
184.355	47
184.38	42
184.405	37
184.44	37
184.466	33
184.493	50
184.518	45
184.544	41
184.57	37
184.603	35
184.628	50
184.655	47
184.68	42
184.705	37
184.74	37
184.765	32
184.793	50
184.818	45
184.844	41
184.87	37
184.903	35
184.928	50
184.955	47
184.98	42
185.005	37
185.03	49
185.055	47
185.081	43
185.107	39
185.141	38
185.167	34
185.193	50
185.219	46
185.245	42
185.279	41
185.305	37
185.33	44
185.355	47
185.381	43
185.407	39
185.441	38
185.467	34
185.492	49
185.519	46
185.545	42
185.571	38
185.603	35
185.628	50
185.656	48
185.681	43
185.707	39
185.741	38
185.767	34
185.794	51
185.819	46
185.845	42
185.871	38
185.903	35
185.928	50
185.956	48
185.981	43
186.007	39
186.041	38
186.067	34
186.092	49
186.117	44
186.143	40
186.169	36
186.194	51
186.219	46
186.245	42
186.271	38
186.303	35
186.328	50
186.356	48
186.381	43
186.407	39
186.441	38
186.467	34
186.494	51
186.519	46
186.545	42
186.571	38
186.603	35
186.628	50
186.656	48
186.682	44
186.707	39
186.741	38
186.767	34
186.794	51
186.819	46
186.845	42
186.871	38
186.903	35
186.929	51
186.956	48
186.982	44
187.007	39
187.036	35
187.063	50
187.094	51
187.119	46
187.145	42
187.171	38
187.203	35
187.229	51
187.256	48
187.282	44
187.307	39
187.341	38
187.367	34
187.393	50
187.419	46
187.445	42
187.471	38
187.503	35
187.529	51
187.556	48
187.582	44
187.607	39
187.641	38
187.667	34
187.695	52
187.721	48
187.747	44
187.782	44
187.807	39
187.841	38
187.867	34
187.895	52
187.921	48
187.947	44
187.982	44
188.007	39
188.041	38
188.066	33
188.093	50
188.119	46
188.145	42
188.171	38
188.203	35
188.229	51
188.256	48
188.282	44
188.307	39
188.341	38
188.366	33
188.395	52
188.42	47
188.445	42
188.47	37
188.495	52
188.52	47
188.545	42
188.57	37
188.595	52
188.62	47
188.645	42
188.67	37
188.695	52
188.72	47
188.745	42
188.77	37
188.795	52
188.82	47
188.845	42
188.87	37
188.895	52
188.92	47
188.945	42
188.97	37
188.996	53
189.022	49
189.047	44
189.072	39
189.103	35
189.129	51
189.157	49
189.183	45
189.209	41
189.242	39
189.267	34
189.297	54
189.323	50
189.349	46
189.374	41
189.405	37
189.432	54
189.459	51
189.486	48
189.511	43
189.546	43
189.571	38
189.599	56
189.625	52
189.65	47
189.676	43
189.701	58
189.727	54
189.752	49
189.777	44
189.805	62
189.831	58
189.856	53
189.881	48
189.907	64
189.932	59
189.958	55
189.983	50
190.01	67
190.036	63
190.061	58
190.086	53
190.111	68
190.137	64
190.162	59
190.187	54
190.212	51
190.237	64
190.262	59
190.287	54
190.317	64
190.344	66
190.372	64
190.399	61
190.424	56
190.449	58
190.475	67
190.5	62
190.526	58
190.551	58
190.578	65
190.604	66
190.636	63
190.662	59
190.688	55
190.716	63
190.744	66
190.772	64
190.813	57
190.842	64
190.87	62
190.899	61
190.925	57
190.951	58
190.979	61
191.014	56
191.039	66
191.064	61
191.089	56
191.114	46
191.15	47
191.175	52
191.213	65
191.238	65
191.271	63
191.298	57
191.325	52
191.351	48
191.377	44
191.406	38
191.441	38
191.466	33
191.503	35
191.541	38
191.566	33
191.594	48
191.62	47
191.646	43
191.68	42
191.706	38
191.741	38
191.766	33
191.803	35
191.841	38
191.867	34
191.894	51
191.919	46
191.945	42
191.98	42
192.005	37
192.031	45
192.057	49
192.082	44
192.107	39
192.132	51
192.159	51
192.184	46
192.209	41
192.245	42
192.271	38
192.302	59
192.327	54
192.353	50
192.378	45
192.406	63
192.431	58
192.457	54
192.483	50
192.516	48
192.544	66
192.573	65
192.599	61
192.625	57
192.654	51
192.68	67
192.713	60
192.739	66
192.764	61
192.797	59
192.823	55
192.848	55
192.875	67
192.901	63
192.935	62
192.96	57
192.986	53
193.013	60
193.044	66
193.079	66
193.114	61
193.14	67
193.175	67
193.203	65
193.237	64
193.272	64
193.301	63
193.327	59
193.359	56
193.393	55
193.418	50
193.45	57
193.478	65
193.513	45
193.55	47
193.576	58
193.601	63
193.632	59
193.658	55
193.69	52
193.716	48
193.75	47
193.775	42
193.807	39
193.843	40
193.868	35
193.903	35
193.929	38
193.957	49
193.982	44
194.008	40
194.041	38
194.066	33
194.103	35
194.129	48
194.155	47
194.18	42
194.206	38
194.241	38
194.266	33
194.293	50
194.319	46
194.345	42
194.379	41
194.405	37
194.441	38
194.467	34
194.495	52
194.52	47
194.546	43
194.581	43
194.606	38
194.642	39
194.667	34
194.697	54
194.722	49
194.747	44
194.772	39
194.797	54
194.822	49
194.848	45
194.873	40
194.899	56
194.924	51
194.95	47
194.975	42
195.002	59
195.027	54
195.052	49
195.077	44
195.105	62
195.131	58
195.157	54
195.183	50
195.216	48
195.244	66
195.273	65
195.298	60
195.331	58
195.357	54
195.383	50
195.421	53
195.456	53
195.482	49
195.513	60
195.539	66
195.564	61
195.593	57
195.618	50
195.649	56
195.678	65
195.712	59
195.737	64
195.762	59
195.787	54
195.815	62
195.845	67
195.877	64
195.917	59
195.944	66
195.974	61
196	62
196.025	57
196.057	54
196.083	65
196.115	57
196.14	67
196.165	62
196.194	56
196.219	51
196.255	52
196.28	67
196.306	68
196.332	59
196.357	54
196.382	49
196.414	46
196.451	48
196.476	43
196.507	39
196.543	40
196.569	36
196.596	30
196.621	48
196.646	43
196.68	42
196.705	37
196.741	38
196.766	33
196.795	39
196.821	48
196.856	48
196.881	43
196.907	39
196.941	38
196.966	33
196.995	52
197.02	47
197.045	42
197.07	37
197.097	54
197.122	49
197.147	44
197.172	39
197.199	56
197.224	51
197.25	47
197.275	42
197.302	59
197.328	55
197.354	51
197.38	47
197.407	64
197.433	60
197.459	56
197.485	52
197.51	67
197.536	63
197.562	59
197.588	55
197.615	47
197.641	63
197.673	65
197.699	61
197.724	56
197.757	54
197.782	49
197.814	61
197.839	66
197.873	65
197.898	60
197.924	56
197.957	54
197.983	50
198.01	57
198.04	62
198.069	61
198.104	61
198.135	57
198.163	55
198.198	55
198.229	51
198.256	48
198.281	43
198.307	39
198.341	38
198.366	33
198.392	49
198.418	45
198.443	40
198.468	35
198.503	35
198.541	38
198.566	33
198.592	49
198.618	45
198.643	40
198.668	35
198.703	35
198.741	38
198.766	33
198.792	49
198.817	44
198.843	40
198.868	35
198.893	50
198.919	46
198.945	42
198.979	41
199.005	37
199.041	38
199.066	33
199.093	50
199.119	46
199.145	42
199.179	41
199.205	37
199.241	38
199.266	33
199.293	50
199.319	46
199.345	42
199.379	41
199.405	37
199.43	39
199.456	48
199.481	43
199.506	38
199.541	38
199.567	34
199.594	51
199.619	46
199.645	42
199.679	41
199.705	37
199.741	38
199.767	34
199.794	51
199.819	46
199.845	42
199.879	41
199.905	37
199.93	31
199.956	48
199.981	43
200.006	38
