35.034	500
35.062	500
35.112	500
35.137	1489.14
35.172	1489.14
35.202	2228.7
35.235	2228.7
35.27	2228.7
35.305	2228.7
35.335	1968.4
35.37	1968.4
35.405	1975.99
35.435	1975.99
35.47	1983.61
35.505	1991.26
35.535	1991.26
35.57	1998.93
35.605	2006.64
35.635	2006.64
35.67	2014.38
35.705	2022.14
35.735	2022.14
35.77	2029.94
35.805	2037.76
35.835	2037.76
35.87	2045.62
35.905	2053.51
35.935	2053.51
35.97	2061.43
36.005	2069.37
36.035	2069.37
36.07	2077.35
36.105	2085.36
36.135	2085.36
36.17	2093.4
36.205	2101.47
36.235	2101.47
36.27	2109.57
36.305	2117.71
36.335	2117.71
36.37	2125.87
36.405	2134.07
36.435	2134.07
36.47	2142.29
36.505	2150.55
36.535	2150.55
36.57	2158.85
36.605	2167.17
36.635	2167.17
36.67	2175.52
36.705	2183.91
36.735	2183.91
36.77	2192.33
36.805	2200.78
36.835	2200.78
36.87	2209.27
36.905	2217.79
36.935	2217.79
36.97	2226.34
37.005	2228.7
37.035	2228.7
37.07	2228.7
37.105	2228.7
37.135	2228.7
37.17	2228.7
37.205	2228.7
37.235	2228.7
37.27	2228.7
37.305	2228.7
37.335	2228.7
37.37	2228.7
37.405	2228.7
37.435	2228.7
37.47	2228.7
37.505	2228.7
37.535	2228.7
37.57	2228.7
37.605	2228.7
37.635	2228.7
37.67	2228.7
37.705	2228.7
37.735	2228.7
37.77	2228.7
37.805	2228.7
37.835	2228.7
37.87	2228.7
37.905	2228.7
37.935	2228.7
37.97	2228.7
38.005	2228.7
38.035	2228.7
38.07	2228.7
38.105	2228.7
38.135	2228.7
38.17	2228.7
38.205	2228.7
38.235	2228.7
38.27	2228.7
38.305	2228.7
38.335	2228.7
38.37	2228.7
38.405	2228.7
38.435	2228.7
38.47	2228.7
38.505	2228.7
38.535	2228.7
38.57	2228.7
38.605	2228.7
38.635	2228.7
38.67	2228.7
38.705	2228.7
38.735	2228.7
38.77	2228.7
38.805	2228.7
38.835	2228.7
38.87	2228.7
38.905	2228.7
38.935	2228.7
38.97	2228.7
39.005	2228.7
39.035	2228.7
39.07	2228.7
39.105	2228.7
39.135	2228.7
39.17	2228.7
39.205	2228.7
39.235	2228.7
39.27	2228.7
39.305	2228.7
39.335	2228.7
39.37	2228.7
39.405	2228.7
39.435	2228.7
39.47	2228.7
39.505	2228.7
39.535	2228.7
39.57	2228.7
39.605	2228.7
39.635	2228.7
39.67	2228.7
39.705	2228.7
39.735	2228.7
39.77	2228.7
39.805	2228.7
39.835	2228.7
39.87	2228.7
39.905	2228.7
39.935	2228.7
39.97	2228.7
40.005	2228.7
40.035	2228.7
40.07	2228.7
40.105	2228.7
40.135	2228.7
40.17	2228.7
40.205	2228.7
40.235	2228.7
40.27	2228.7
40.305	2228.7
40.335	2228.7
40.37	2228.7
40.405	2228.7
40.435	2228.7
40.47	2228.7
40.505	2228.7
40.535	2228.7
40.57	2228.7
40.605	2228.7
40.635	2228.7
40.67	2228.7
40.705	2228.7
40.735	2228.7
40.77	2228.7
40.805	2228.7
40.835	2228.7
40.87	2228.7
40.905	2228.7
40.935	2228.7
40.97	2228.7
41.005	2228.7
41.035	2228.7
41.07	2228.7
41.105	2228.7
41.135	2228.7
41.17	2228.7
41.205	2228.7
41.235	2228.7
41.27	2228.7
41.305	2228.7
41.335	2228.7
41.37	2228.7
41.405	2228.7
41.435	2228.7
41.47	2228.7
41.505	2228.7
41.535	2228.7
41.57	2228.7
41.605	2228.7
41.635	2228.7
41.67	2228.7
41.705	2228.7
41.735	2228.7
41.77	2228.7
41.805	2228.7
41.835	2228.7
41.87	2228.7
41.905	2228.7
41.935	2228.7
41.97	2228.7
42.005	2228.7
42.035	2228.7
42.07	2228.7
42.105	2228.7
42.135	2228.7
42.17	2228.7
42.205	2228.7
42.235	2228.7
42.27	2228.7
42.305	2228.7
42.335	2228.7
42.37	2228.7
42.405	2228.7
42.435	2228.7
42.47	2228.7
42.505	2228.7
42.535	2228.7
42.57	2228.7
42.605	2228.7
42.635	2228.7
42.67	2228.7
42.705	2228.7
42.735	2228.7
42.77	2228.7
42.805	2228.7
42.835	2228.7
42.87	2228.7
42.905	2228.7
42.935	2228.7
42.97	2228.7
43.005	2228.7
43.035	2228.7
43.07	2228.7
43.105	2228.7
43.135	2228.7
43.17	2228.7
43.205	2228.7
43.235	2228.7
43.27	2228.7
43.305	2228.7
43.335	2228.7
43.37	2228.7
43.405	2228.7
43.435	2228.7
43.47	2228.7
43.505	2228.7
43.535	2228.7
43.57	2228.7
43.605	2228.7
43.635	2228.7
43.67	2228.7
43.705	2228.7
43.735	2228.7
43.77	2228.7
43.805	2228.7
43.835	2228.7
43.87	2228.7
43.905	2228.7
43.935	2228.7
43.97	2228.7
44.005	2228.7
44.035	2228.7
44.07	2228.7
44.105	2228.7
44.135	2228.7
44.17	2228.7
44.205	2228.7
44.235	2228.7
44.27	2228.7
44.305	2228.7
44.335	2228.7
44.37	2228.7
44.405	2228.7
44.435	2228.7
44.47	2228.7
44.505	2228.7
44.535	2228.7
44.57	2228.7
44.605	2228.7
44.635	2228.7
44.67	2228.7
44.705	2228.7
44.735	2228.7
44.77	2228.7
44.805	2228.7
44.835	2228.7
44.87	2228.7
44.905	2228.7
44.935	2228.7
44.97	2228.7
45.005	2228.7
45.035	2228.7
45.07	2228.7
45.105	2228.7
45.135	2228.7
45.17	2228.7
45.205	2228.7
45.235	2228.7
45.27	2228.7
45.305	2228.7
45.335	2228.7
45.37	2228.7
45.405	2228.7
45.435	2228.7
45.47	2228.7
45.505	2228.7
45.535	2228.7
45.57	2228.7
45.605	2228.7
45.635	2228.7
45.67	2228.7
45.705	2228.7
45.735	2228.7
45.77	2228.7
45.805	2228.7
45.835	2228.7
45.87	2228.7
45.905	2228.7
45.935	2228.7
45.97	2228.7
46.005	2228.7
46.035	2228.7
46.07	2228.7
46.105	2228.7
46.135	2228.7
46.17	2228.7
46.205	2228.7
46.235	2228.7
46.27	2228.7
46.305	2228.7
46.335	2228.7
46.37	2228.7
46.405	2228.7
46.435	2228.7
46.47	2228.7
46.505	2228.7
46.535	2228.7
46.57	2228.7
46.605	2228.7
46.635	2228.7
46.67	2228.7
46.705	2228.7
46.735	2228.7
46.77	2228.7
46.805	2228.7
46.835	2228.7
46.87	2228.7
46.905	2228.7
46.935	2228.7
46.97	2228.7
47.005	2228.7
47.035	2228.7
47.07	2228.7
47.105	2228.7
47.135	2228.7
47.17	2228.7
47.205	2228.7
47.235	2228.7
47.27	2228.7
47.305	2228.7
47.335	2228.7
47.37	2228.7
47.405	2228.7
47.435	2228.7
47.47	2228.7
47.505	2228.7
47.535	2228.7
47.57	2228.7
47.605	2228.7
47.635	2228.7
47.67	2228.7
47.705	2228.7
47.735	2228.7
47.77	2228.7
47.805	2228.7
47.835	2228.7
47.87	2228.7
47.905	2228.7
47.935	2228.7
47.97	2228.7
48.005	2228.7
48.035	2228.7
48.07	2228.7
48.105	2228.7
48.135	2228.7
48.17	2228.7
48.205	2228.7
48.235	2228.7
48.27	2228.7
48.305	2228.7
48.335	2228.7
48.37	2228.7
48.405	2228.7
48.435	2228.7
48.47	2228.7
48.505	2228.7
48.535	2228.7
48.57	2228.7
48.605	2228.7
48.635	2228.7
48.67	2228.7
48.705	2228.7
48.735	2228.7
48.77	2228.7
48.805	2228.7
48.835	2228.7
48.87	2228.7
48.905	2228.7
48.935	2228.7
48.97	2228.7
49.005	2228.7
49.035	2228.7
49.07	2228.7
49.105	2228.7
49.135	2228.7
49.17	2228.7
49.205	2228.7
49.235	2228.7
49.27	2228.7
49.305	2228.7
49.335	2228.7
49.37	2228.7
49.405	2228.7
49.435	2228.7
49.47	2228.7
49.505	2228.7
49.535	2228.7
49.57	2228.7
49.605	2228.7
49.635	2228.7
49.67	2228.7
49.705	2228.7
49.735	2228.7
49.77	2228.7
49.805	2228.7
49.835	2228.7
49.87	2228.7
49.905	2228.7
49.935	2228.7
49.97	2228.7
50.005	2228.7
50.035	2228.7
50.07	2228.7
50.105	2228.7
50.135	2228.7
50.17	2228.7
50.205	2228.7
50.235	2228.7
50.27	2228.7
50.305	2228.7
50.335	2228.7
50.37	2228.7
50.405	2228.7
50.435	2228.7
50.47	2228.7
50.505	2228.7
50.535	2228.7
50.57	2228.7
50.605	2228.7
50.635	2228.7
50.67	2228.7
50.705	2228.7
50.735	2228.7
50.77	2228.7
50.805	2228.7
50.835	2228.7
50.87	2228.7
50.905	2228.7
50.935	2228.7
50.97	2228.7
51.005	2228.7
51.035	2228.7
51.07	2228.7
51.105	2228.7
51.135	2228.7
51.17	2228.7
51.205	2228.7
51.235	2228.7
51.27	2228.7
51.305	2228.7
51.335	2228.7
51.37	2228.7
51.405	2228.7
51.435	2228.7
51.47	2228.7
51.505	2228.7
51.535	2228.7
51.57	2228.7
51.605	2228.7
51.635	2228.7
51.67	2228.7
51.705	2228.7
51.735	2228.7
51.77	2228.7
51.805	2228.7
51.835	2228.7
51.87	2228.7
51.905	2228.7
51.935	2228.7
51.97	2228.7
52.005	2228.7
52.035	2228.7
52.07	2228.7
52.105	2228.7
52.135	2228.7
52.17	2228.7
52.205	2228.7
52.235	2228.7
52.27	2228.7
52.305	2228.7
52.335	2228.7
52.37	2228.7
52.405	2228.7
52.435	2228.7
52.47	2228.7
52.505	2228.7
52.535	2228.7
52.57	2228.7
52.605	2228.7
52.635	2228.7
52.67	2228.7
52.705	2228.7
52.735	2228.7
52.77	2228.7
52.805	2228.7
52.835	2228.7
52.87	2228.7
52.905	2228.7
52.935	2228.7
52.97	2228.7
53.005	2228.7
53.035	2228.7
53.07	2228.7
53.105	2228.7
53.135	2228.7
53.17	2228.7
53.205	2228.7
53.235	2228.7
53.27	2228.7
53.305	2228.7
53.335	2228.7
53.37	2228.7
53.405	2228.7
53.435	2228.7
53.47	2228.7
53.505	2228.7
53.535	2228.7
53.57	2228.7
53.605	2228.7
53.635	2228.7
53.67	2228.7
53.705	2228.7
53.735	2228.7
53.77	2228.7
53.805	2228.7
53.835	2228.7
53.87	2228.7
53.905	2228.7
53.935	2228.7
53.97	2228.7
54.005	2228.7
54.035	2228.7
54.07	2228.7
54.105	2228.7
54.135	2228.7
54.17	2228.7
54.205	2228.7
54.235	2228.7
54.27	2228.7
54.305	2228.7
54.335	2228.7
54.37	2228.7
54.405	2228.7
54.435	2228.7
54.47	2228.7
54.505	2228.7
54.535	2228.7
54.57	2228.7
54.605	2228.7
54.635	2228.7
54.67	2228.7
54.705	2228.7
54.735	2228.7
54.77	2228.7
54.805	2228.7
54.835	2228.7
54.87	2228.7
54.905	2228.7
54.935	2228.7
54.97	2228.7
55.005	2228.7
55.035	2228.7
55.07	2228.7
55.105	2228.7
55.135	2228.7
55.17	2228.7
55.205	2228.7
55.235	2228.7
55.27	2228.7
55.305	2228.7
55.335	2228.7
55.37	2228.7
55.405	2228.7
55.435	2228.7
55.47	2228.7
55.505	2228.7
55.535	2228.7
55.57	2228.7
55.605	2228.7
55.635	2228.7
55.67	2228.7
55.705	2228.7
55.735	2228.7
55.77	2228.7
55.805	2228.7
55.835	2228.7
55.87	2228.7
55.905	2228.7
55.935	2228.7
55.97	2228.7
56.005	2228.7
56.035	2228.7
56.07	2228.7
56.105	2228.7
56.135	2228.7
56.17	2228.7
56.205	2228.7
56.235	2228.7
56.27	2228.7
56.305	2228.7
56.335	2228.7
56.37	2228.7
56.405	2228.7
56.435	2228.7
56.47	2228.7
56.505	2228.7
56.535	2228.7
56.57	2228.7
56.605	2228.7
56.635	2228.7
56.67	2228.7
56.705	2228.7
56.735	2228.7
56.77	2228.7
56.805	2228.7
56.835	2228.7
56.87	2228.7
56.905	2228.7
56.935	2228.7
56.97	2228.7
57.005	2228.7
57.035	2228.7
57.07	2228.7
57.105	2228.7
57.135	2228.7
57.17	2228.7
57.205	2228.7
57.235	2228.7
57.27	2228.7
57.305	2228.7
57.335	2228.7
57.37	2228.7
57.405	2228.7
57.435	2228.7
57.47	2228.7
57.505	2228.7
57.535	2228.7
57.57	2228.7
57.605	2228.7
57.635	2228.7
57.67	2228.7
57.705	2228.7
57.735	2228.7
57.77	2228.7
57.805	2228.7
57.835	2228.7
57.87	2228.7
57.905	2228.7
57.935	2228.7
57.97	2228.7
58.005	2228.7
58.035	2228.7
58.07	2228.7
58.105	2228.7
58.135	2228.7
58.17	2228.7
58.205	2228.7
58.235	2228.7
58.27	2228.7
58.305	2228.7
58.335	2228.7
58.37	2228.7
58.405	2228.7
58.435	2228.7
58.47	2228.7
58.505	2228.7
58.535	2228.7
58.57	2228.7
58.605	2228.7
58.635	2228.7
58.67	2228.7
58.705	2228.7
58.735	2228.7
58.77	2228.7
58.805	2228.7
58.835	2228.7
58.87	2228.7
58.905	2228.7
58.935	2228.7
58.97	2228.7
59.005	2228.7
59.035	2228.7
59.07	2228.7
59.105	2228.7
59.135	2228.7
59.17	2228.7
59.205	2228.7
59.235	2228.7
59.27	2228.7
59.305	2228.7
59.335	2228.7
59.37	2228.7
59.405	2228.7
59.435	2228.7
59.47	2228.7
59.505	2228.7
59.535	2228.7
59.57	2228.7
59.605	2228.7
59.635	2228.7
59.67	2228.7
59.705	2228.7
59.735	2228.7
59.77	2228.7
59.805	2228.7
59.835	2228.7
59.87	2228.7
59.905	2228.7
59.935	2228.7
59.97	2228.7
60.005	2228.7
60.035	2228.7
60.07	2228.7
60.105	2228.7
60.135	2228.7
60.17	2228.7
60.205	2228.7
60.235	2228.7
60.27	2228.7
60.305	2228.7
60.335	2228.7
60.37	2228.7
60.405	2228.7
60.435	2228.7
60.47	2228.7
60.505	2228.7
60.535	2228.7
60.57	2228.7
60.605	2228.7
60.635	2228.7
60.67	2228.7
60.705	2228.7
60.735	2228.7
60.77	2228.7
60.805	2228.7
60.835	2228.7
60.87	2228.7
60.905	2228.7
60.935	2228.7
60.97	2228.7
61.005	2228.7
61.035	2228.7
61.07	2228.7
61.105	2228.7
61.135	2228.7
61.17	2228.7
61.205	2228.7
61.235	2228.7
61.27	2228.7
61.305	2228.7
61.335	2228.7
61.37	2228.7
61.405	2228.7
61.435	2228.7
61.47	2228.7
61.505	2228.7
61.535	2228.7
61.57	2228.7
61.605	2228.7
61.635	2228.7
61.67	2228.7
61.705	2228.7
61.735	2228.7
61.77	2228.7
61.805	2228.7
61.835	2228.7
61.87	2228.7
61.905	2228.7
61.935	2228.7
61.97	2228.7
62.005	2228.7
62.035	2228.7
62.07	2228.7
62.105	2228.7
62.135	2228.7
62.17	2228.7
62.205	2228.7
62.235	2228.7
62.27	2228.7
62.305	2228.7
62.335	2228.7
62.37	2228.7
62.405	2228.7
62.435	2228.7
62.47	2228.7
62.505	2228.7
62.535	2228.7
62.57	2228.7
62.605	2228.7
62.635	2228.7
62.67	2228.7
62.705	2228.7
62.735	2228.7
62.77	2228.7
62.805	2228.7
62.835	2228.7
62.87	2228.7
62.905	2228.7
62.935	2228.7
62.97	2228.7
63.005	2228.7
63.035	2228.7
63.07	2228.7
63.105	2228.7
63.135	2228.7
63.17	2228.7
63.205	2228.7
63.235	2228.7
63.27	2228.7
63.305	2228.7
63.335	2228.7
63.37	2228.7
63.405	2228.7
63.435	2228.7
63.47	2228.7
63.505	2228.7
63.535	2228.7
63.57	2228.7
63.605	2228.7
63.635	2228.7
63.67	2228.7
63.705	2228.7
63.735	2228.7
63.77	2228.7
63.805	2228.7
63.835	2228.7
63.87	2228.7
63.905	2228.7
63.935	2228.7
63.97	2228.7
64.005	2228.7
64.035	2228.7
64.07	2228.7
64.105	2228.7
64.135	2228.7
64.17	2228.7
64.205	2228.7
64.235	2228.7
64.27	2228.7
64.305	2228.7
64.335	2228.7
64.37	2228.7
64.405	2228.7
64.435	2228.7
64.47	2228.7
64.505	2228.7
64.535	2228.7
64.57	2228.7
64.605	2228.7
64.635	2228.7
64.67	2228.7
64.705	2228.7
64.735	2228.7
64.77	2228.7
64.805	2228.7
64.835	2228.7
64.87	2228.7
64.905	2228.7
64.935	2228.7
64.97	2228.7
65.005	2228.7
65.035	2228.7
65.07	2228.7
65.105	2228.7
65.135	2228.7
65.17	2228.7
65.205	2228.7
65.235	2228.7
65.27	2228.7
65.305	2228.7
65.335	2228.7
65.37	2228.7
65.405	2228.7
65.435	2228.7
65.47	2228.7
65.505	2228.7
65.535	2228.7
65.57	2228.7
65.605	2228.7
65.635	2228.7
65.67	2228.7
65.705	2228.7
65.735	2228.7
65.77	2228.7
65.805	2228.7
65.835	2228.7
65.87	2228.7
65.905	2228.7
65.935	2228.7
65.97	2228.7
66.005	2228.7
66.035	2228.7
66.07	2228.7
66.105	2228.7
66.135	2228.7
66.17	2228.7
66.205	2228.7
66.235	2228.7
66.27	2228.7
66.305	2228.7
66.335	2228.7
66.37	2228.7
66.405	2228.7
66.435	2228.7
66.47	2228.7
66.505	2228.7
66.535	2228.7
66.57	2228.7
66.605	2228.7
66.635	2228.7
66.67	2228.7
66.705	2228.7
66.735	2228.7
66.77	2228.7
66.805	2228.7
66.835	2228.7
66.87	2228.7
66.905	2228.7
66.935	2228.7
66.97	2228.7
67.005	2228.7
67.035	2228.7
67.07	2228.7
67.105	2228.7
67.135	2228.7
67.17	2228.7
67.205	2228.7
67.235	2228.7
67.27	2228.7
67.305	2228.7
67.335	2228.7
67.37	2228.7
67.405	2228.7
67.435	2228.7
67.47	2228.7
67.505	2228.7
67.535	2228.7
67.57	2228.7
67.605	2228.7
67.635	2228.7
67.67	2228.7
67.705	2228.7
67.735	2228.7
67.77	2228.7
67.805	2228.7
67.835	2228.7
67.87	2228.7
67.905	2228.7
67.935	2228.7
67.97	2228.7
68.005	2228.7
68.035	2228.7
68.07	2228.7
68.105	2228.7
68.135	2228.7
68.17	2228.7
68.205	2228.7
68.235	2228.7
68.27	2228.7
68.305	2228.7
68.335	2228.7
68.37	2228.7
68.405	2228.7
68.435	2228.7
68.47	2228.7
68.505	2228.7
68.535	2228.7
68.57	2228.7
68.605	2228.7
68.635	2228.7
68.67	2228.7
68.705	2228.7
68.735	2228.7
68.77	2228.7
68.805	2228.7
68.835	2228.7
68.87	2228.7
68.905	2228.7
68.935	2228.7
68.97	2228.7
69.005	2228.7
69.035	2228.7
69.07	2228.7
69.105	2228.7
69.135	2228.7
69.17	2228.7
69.205	2228.7
69.235	2228.7
69.27	2228.7
69.305	2228.7
69.335	2228.7
69.37	2228.7
69.405	2228.7
69.435	2228.7
69.47	2228.7
69.505	2228.7
69.535	2228.7
69.57	2228.7
69.605	2228.7
69.635	2228.7
69.67	2228.7
69.705	2228.7
69.735	2228.7
69.77	2228.7
69.805	2228.7
69.835	2228.7
69.87	2228.7
69.905	2228.7
69.935	2228.7
69.97	2228.7
70.005	2228.7
70.035	2228.7
70.07	2228.7
70.105	2228.7
70.135	2228.7
70.17	2228.7
70.205	2228.7
70.235	2228.7
70.27	2228.7
70.305	2228.7
70.335	2228.7
70.37	2228.7
70.405	2228.7
70.435	2228.7
70.47	2228.7
70.505	2228.7
70.535	2228.7
70.57	2228.7
70.605	2228.7
70.635	2228.7
70.67	2228.7
70.705	2228.7
70.735	2228.7
70.77	2228.7
70.805	2228.7
70.835	2228.7
70.87	2228.7
70.905	2228.7
70.935	2228.7
70.97	2228.7
71.005	2228.7
71.035	2228.7
71.07	2228.7
71.105	2228.7
71.135	2228.7
71.17	2228.7
71.205	2228.7
71.235	2228.7
71.27	2228.7
71.305	2228.7
71.335	2228.7
71.37	2228.7
71.405	2228.7
71.435	2228.7
71.47	2228.7
71.505	2228.7
71.535	2228.7
71.57	2228.7
71.605	2228.7
71.635	2228.7
71.67	2228.7
71.705	2228.7
71.735	2228.7
71.77	2228.7
71.805	2228.7
71.835	2228.7
71.87	2228.7
71.905	2228.7
71.935	2228.7
71.97	2228.7
72.005	2228.7
72.035	2228.7
72.07	2228.7
72.105	2228.7
72.135	2228.7
72.17	2228.7
72.205	2228.7
72.235	2228.7
72.27	2228.7
72.305	2228.7
72.335	2228.7
72.37	2228.7
72.405	2228.7
72.435	2228.7
72.47	2228.7
72.505	2228.7
72.535	2228.7
72.57	2228.7
72.605	2228.7
72.635	2228.7
72.67	2228.7
72.705	2228.7
72.735	2228.7
72.77	2228.7
72.805	2228.7
72.835	2228.7
72.87	2228.7
72.905	2228.7
72.935	2228.7
72.97	2228.7
73.005	2228.7
73.035	2228.7
73.07	2228.7
73.105	2228.7
73.135	2228.7
73.17	2228.7
73.205	2228.7
73.235	2228.7
73.27	2228.7
73.305	2228.7
73.335	2228.7
73.37	2228.7
73.405	2228.7
73.435	2228.7
73.47	2228.7
73.505	2228.7
73.535	2228.7
73.57	2228.7
73.605	2228.7
73.635	2228.7
73.67	2228.7
73.705	2228.7
73.735	2228.7
73.77	2228.7
73.805	2228.7
73.835	2228.7
73.87	2228.7
73.905	2228.7
73.935	2228.7
73.97	2228.7
74.005	2228.7
74.035	2228.7
74.07	2228.7
74.105	2228.7
74.135	2228.7
74.17	2228.7
74.205	2228.7
74.235	2228.7
74.27	2228.7
74.305	2228.7
74.335	2228.7
74.37	2228.7
74.405	2228.7
74.435	2228.7
74.47	2228.7
74.505	2228.7
74.535	2228.7
74.57	2228.7
74.605	2228.7
74.635	2228.7
74.67	2228.7
74.705	2228.7
74.735	2228.7
74.77	2228.7
74.805	2228.7
74.835	2228.7
74.87	2228.7
74.905	2228.7
74.935	2228.7
74.97	2228.7
75.005	2228.7
75.035	2228.7
75.07	2228.7
75.105	2228.7
75.135	2228.7
75.17	2228.7
75.205	2228.7
75.235	2228.7
75.27	2228.7
75.305	2228.7
75.335	2228.7
75.37	2228.7
75.405	2228.7
75.435	2228.7
75.47	2228.7
75.505	2228.7
75.535	2228.7
75.57	2228.7
75.605	2228.7
75.635	2228.7
75.67	2228.7
75.705	2228.7
75.735	2228.7
75.77	2228.7
75.805	2228.7
75.835	2228.7
75.87	2228.7
75.905	2228.7
75.935	2228.7
75.97	2228.7
76.005	2228.7
76.035	2228.7
76.07	2228.7
76.105	2228.7
76.135	2228.7
76.17	2228.7
76.205	2228.7
76.235	2228.7
76.27	2228.7
76.305	2228.7
76.335	2228.7
76.37	2228.7
76.405	2228.7
76.435	2228.7
76.47	2228.7
76.505	2228.7
76.535	2228.7
76.57	2228.7
76.605	2228.7
76.635	2228.7
76.67	2228.7
76.705	2228.7
76.735	2228.7
76.77	2228.7
76.805	2228.7
76.835	2228.7
76.87	2228.7
76.905	2228.7
76.935	2228.7
76.97	2228.7
77.005	2228.7
77.035	2228.7
77.07	2228.7
77.105	2228.7
77.135	2228.7
77.17	2228.7
77.205	2228.7
77.235	2228.7
77.27	2228.7
77.305	2228.7
77.335	2228.7
77.37	2228.7
77.405	2228.7
77.435	2228.7
77.47	2228.7
77.505	2228.7
77.535	2228.7
77.57	2228.7
77.605	2228.7
77.635	2228.7
77.67	2228.7
77.705	2228.7
77.735	2228.7
77.77	2228.7
77.805	2228.7
77.835	2228.7
77.87	2228.7
77.905	2228.7
77.935	2228.7
77.97	2228.7
78.005	2228.7
78.035	2228.7
78.07	2228.7
78.105	2228.7
78.135	2228.7
78.17	2228.7
78.205	2228.7
78.235	2228.7
78.27	2228.7
78.305	2228.7
78.335	2228.7
78.37	2228.7
78.405	2228.7
78.435	2228.7
78.47	2228.7
78.505	2228.7
78.535	2228.7
78.57	2228.7
78.605	2228.7
78.635	2228.7
78.67	2228.7
78.705	2228.7
78.735	2228.7
78.77	2228.7
78.805	2228.7
78.835	2228.7
78.87	2228.7
78.905	2228.7
78.935	2228.7
78.97	2228.7
79.005	2228.7
79.035	2228.7
79.07	2228.7
79.105	2228.7
79.135	2228.7
79.17	2228.7
79.205	2228.7
79.235	2228.7
79.27	2228.7
79.305	2228.7
79.335	2228.7
79.37	2228.7
79.405	2228.7
79.435	2228.7
79.47	2228.7
79.505	2228.7
79.535	2228.7
79.57	2228.7
79.605	2228.7
79.635	2228.7
79.67	2228.7
79.705	2228.7
79.735	2228.7
79.77	2228.7
79.805	2228.7
79.835	2228.7
79.87	2228.7
79.905	2228.7
79.935	2228.7
79.97	2228.7
80.005	2228.7
80.035	2228.7
80.07	2228.7
80.105	2228.7
80.135	2228.7
80.17	2228.7
80.205	2228.7
80.235	2228.7
80.27	2228.7
80.305	2228.7
80.335	2228.7
80.37	2228.7
80.405	2228.7
80.435	2228.7
80.47	2228.7
80.505	2228.7
80.535	2228.7
80.57	2228.7
80.605	2228.7
80.635	2228.7
80.67	2228.7
80.705	2228.7
80.735	2228.7
80.77	2228.7
80.805	2228.7
80.835	2228.7
80.87	2228.7
80.905	2228.7
80.935	2228.7
80.97	2228.7
81.005	2228.7
81.035	2228.7
81.07	2228.7
81.105	2228.7
81.135	2228.7
81.17	2228.7
81.205	2228.7
81.235	2228.7
81.27	2228.7
81.305	2228.7
81.335	2228.7
81.37	2228.7
81.405	2228.7
81.435	2228.7
81.47	2228.7
81.505	2228.7
81.535	2228.7
81.57	2228.7
81.605	2228.7
81.635	2228.7
81.67	2228.7
81.705	2228.7
81.735	2228.7
81.77	2228.7
81.805	2228.7
81.835	2228.7
81.87	2228.7
81.905	2228.7
81.935	2228.7
81.97	2228.7
82.005	2228.7
82.035	2228.7
82.07	2228.7
82.105	2228.7
82.135	2228.7
82.17	2228.7
82.205	2228.7
82.235	2228.7
82.27	2228.7
82.305	2228.7
82.335	2228.7
82.37	2228.7
82.405	2228.7
82.435	2228.7
82.47	2228.7
82.505	2228.7
82.535	2228.7
82.57	2228.7
82.605	2228.7
82.635	2228.7
82.67	2228.7
82.705	2228.7
82.735	2228.7
82.77	2228.7
82.805	2228.7
82.835	2228.7
82.87	2228.7
82.905	2228.7
82.935	2228.7
82.97	2228.7
83.005	2228.7
83.035	2228.7
83.07	2228.7
83.105	2228.7
83.135	2228.7
83.17	2228.7
83.205	2228.7
83.235	2228.7
83.27	2228.7
83.305	2228.7
83.335	2228.7
83.37	2228.7
83.405	2228.7
83.435	2228.7
83.47	2228.7
83.505	2228.7
83.535	2228.7
83.57	2228.7
83.605	2228.7
83.635	2228.7
83.67	2228.7
83.705	2228.7
83.735	2228.7
83.77	2228.7
83.805	2228.7
83.835	2228.7
83.87	2228.7
83.905	2228.7
83.935	2228.7
83.97	2228.7
84.005	2228.7
84.035	2228.7
84.07	2228.7
84.105	2228.7
84.135	2228.7
84.17	2228.7
84.205	2228.7
84.235	2228.7
84.27	2228.7
84.305	2228.7
84.335	2228.7
84.37	2228.7
84.405	2228.7
84.435	2228.7
84.47	2228.7
84.505	2228.7
84.535	2228.7
84.57	2228.7
84.605	2228.7
84.635	2228.7
84.67	2228.7
84.705	2228.7
84.735	2228.7
84.77	2228.7
84.805	2228.7
84.835	2228.7
84.87	2228.7
84.905	2228.7
84.935	2228.7
84.97	2228.7
85.005	2228.7
85.035	2228.7
85.07	2228.7
85.1	2228.7
85.135	2228.7
85.17	2228.7
85.2	2228.7
85.235	2228.7
85.27	2228.7
85.3	2228.7
85.335	2228.7
85.37	2228.7
85.4	2228.7
85.435	2228.7
85.47	2228.7
85.5	2228.7
85.535	2228.7
85.57	2228.7
85.6	2228.7
85.635	2228.7
85.67	2228.7
85.7	2228.7
85.735	2228.7
85.77	2228.7
85.8	2228.7
85.835	2228.7
85.87	2228.7
85.9	2228.7
85.935	2228.7
85.97	2228.7
86	2228.7
86.035	2228.7
86.07	2228.7
86.1	2228.7
86.135	2228.7
86.17	2228.7
86.2	2228.7
86.235	2228.7
86.27	2228.7
86.3	2228.7
86.335	2228.7
86.37	2228.7
86.4	2228.7
86.435	2228.7
86.47	2228.7
86.5	2228.7
86.535	2228.7
86.57	2228.7
86.6	2228.7
86.635	2228.7
86.67	2228.7
86.7	2228.7
86.735	2228.7
86.77	2228.7
86.8	2228.7
86.835	2228.7
86.87	2228.7
86.9	2228.7
86.935	2228.7
86.97	2228.7
87	2228.7
87.035	2228.7
87.07	2228.7
87.1	2228.7
87.135	2228.7
87.17	2228.7
87.2	2228.7
87.235	2228.7
87.27	2228.7
87.3	2228.7
87.335	2228.7
87.37	2228.7
87.4	2228.7
87.435	2228.7
87.47	2228.7
87.5	2228.7
87.535	2228.7
87.57	2228.7
87.6	2228.7
87.635	2228.7
87.67	2228.7
87.7	2228.7
87.735	2228.7
87.77	2228.7
87.8	2228.7
87.835	2228.7
87.87	2228.7
87.9	2228.7
87.935	2228.7
87.97	2228.7
88	2228.7
88.035	2228.7
88.07	2228.7
88.1	2228.7
88.135	2228.7
88.17	2228.7
88.2	2228.7
88.235	2228.7
88.27	2228.7
88.3	2228.7
88.335	2228.7
88.37	2228.7
88.4	2228.7
88.435	2228.7
88.47	2228.7
88.5	2228.7
88.535	2228.7
88.57	2228.7
88.6	2228.7
88.635	2228.7
88.67	2228.7
88.7	2228.7
88.735	2228.7
88.77	2228.7
88.8	2228.7
88.835	2228.7
88.87	2228.7
88.9	2228.7
88.935	2228.7
88.97	2228.7
89	2228.7
89.035	2228.7
89.07	2228.7
89.1	2228.7
89.135	2228.7
89.17	2228.7
89.2	2228.7
89.235	2228.7
89.27	2228.7
89.3	2228.7
89.335	2228.7
89.37	2228.7
89.4	2228.7
89.435	2228.7
89.47	2228.7
89.5	2228.7
89.535	2228.7
89.57	2228.7
89.6	2228.7
89.635	2228.7
89.67	2228.7
89.7	2228.7
89.735	2228.7
89.77	2228.7
89.8	2228.7
89.835	2228.7
89.87	2228.7
89.9	2228.7
89.935	2228.7
89.97	2228.7
90	2228.7
90.035	2228.7
90.07	2228.7
90.1	2228.7
90.135	2228.7
90.17	2228.7
90.2	2228.7
90.235	2228.7
90.27	2228.7
90.3	2228.7
90.335	2228.7
90.37	2228.7
90.4	2228.7
90.435	2228.7
90.47	2228.7
90.5	2228.7
90.535	2228.7
90.57	2228.7
90.6	2228.7
90.635	2228.7
90.67	2228.7
90.7	2228.7
90.735	2228.7
90.77	2228.7
90.8	2228.7
90.835	2228.7
90.87	2228.7
90.9	2228.7
90.935	2228.7
90.97	2228.7
91	2228.7
91.035	2228.7
91.07	2228.7
91.1	2228.7
91.135	2228.7
91.17	2228.7
91.2	2228.7
91.235	2228.7
91.27	2228.7
91.3	2228.7
91.335	2228.7
91.37	2228.7
91.4	2228.7
91.435	2228.7
91.47	2228.7
91.5	2228.7
91.535	2228.7
91.57	2228.7
91.6	2228.7
91.635	2228.7
91.67	2228.7
91.7	2228.7
91.735	2228.7
91.77	2228.7
91.8	2228.7
91.835	2228.7
91.87	2228.7
91.9	2228.7
91.935	2228.7
91.97	2228.7
92	2228.7
92.035	2228.7
92.07	2228.7
92.1	2228.7
92.135	2228.7
92.17	2228.7
92.2	2228.7
92.235	2228.7
92.27	2228.7
92.3	2228.7
92.335	2228.7
92.37	2228.7
92.4	2228.7
92.435	2228.7
92.47	2228.7
92.5	2228.7
92.535	2228.7
92.57	2228.7
92.6	2228.7
92.635	2228.7
92.67	2228.7
92.7	2228.7
92.735	2228.7
92.77	2228.7
92.8	2228.7
92.835	2228.7
92.87	2228.7
92.9	2228.7
92.935	2228.7
92.97	2228.7
93	2228.7
93.035	2228.7
93.07	2228.7
93.1	2228.7
93.135	2228.7
93.17	2228.7
93.2	2228.7
93.235	2228.7
93.27	2228.7
93.3	2228.7
93.335	2228.7
93.37	2228.7
93.4	2228.7
93.435	2228.7
93.47	2228.7
93.5	2228.7
93.535	2228.7
93.57	2228.7
93.6	2228.7
93.635	2228.7
93.67	2228.7
93.7	2228.7
93.735	2228.7
93.77	2228.7
93.8	2228.7
93.835	2228.7
93.87	2228.7
93.9	2228.7
93.935	2228.7
93.97	2228.7
94	2228.7
94.035	2228.7
94.07	2228.7
94.1	2228.7
94.135	2228.7
94.17	2228.7
94.2	1898.65
94.235	1898.65
94.27	1898.65
94.3	1898.65
94.335	1899.64
94.37	1900.67
94.4	1900.67
94.435	1901.66
94.47	1902.69
94.5	1902.69
94.535	1903.68
94.57	1904.71
94.6	1904.71
94.635	1904.71
94.67	1904.71
94.7	1904.71
94.735	1904.71
94.77	1904.71
94.8	1904.71
94.835	1904.71
94.87	1905.74
94.9	1905.74
94.935	1906.73
94.97	1907.77
95	1907.77
95.035	1908.76
95.07	1909.79
95.1	1909.79
95.135	1910.79
95.17	1911.82
95.2	1911.82
95.235	1912.82
95.27	1913.85
95.3	1913.85
95.335	1914.85
95.37	1915.89
95.4	1915.89
95.435	1916.89
95.47	1917.93
95.5	1917.93
95.535	1918.94
95.57	1919.99
95.6	1919.99
95.635	1921
95.67	1922.06
95.7	1922.06
95.735	1923.08
95.77	1924.14
95.8	1924.14
95.835	1925.16
95.87	1926.23
95.9	1926.23
95.935	1927.27
95.97	1928.35
96	1928.35
96.035	1929.39
96.07	1930.47
96.1	1930.47
96.135	1931.51
96.17	1932.6
96.2	1932.6
96.235	1933.64
96.27	1934.73
96.3	1934.73
96.335	1935.77
96.37	1936.86
96.4	1936.86
96.435	1937.91
96.47	1939
96.5	1939
96.535	1940.04
96.57	1941.13
96.6	1941.13
96.635	1942.18
96.67	1943.27
96.7	1943.27
96.735	1944.31
96.77	1945.4
96.8	1945.4
96.835	1946.44
96.87	1947.53
96.9	1947.53
96.935	1948.58
96.97	1949.67
97	1949.67
97.035	1950.72
97.07	1951.81
97.1	1951.81
97.135	1952.86
97.17	1953.95
97.2	1953.95
97.235	1955
97.27	1956.09
97.3	1956.09
97.335	1957.13
97.37	1958.22
97.4	1958.22
97.435	1959.27
97.47	1960.36
97.5	1960.36
97.535	1961.41
97.57	1962.5
97.6	1962.5
97.635	1963.55
97.67	1964.65
97.7	1964.65
97.735	1965.7
97.77	1966.79
97.8	1966.79
97.835	1967.84
97.87	1968.93
97.9	1968.93
97.935	1969.98
97.97	1971.07
98	1971.07
98.035	1972.12
98.07	1973.22
98.1	1973.22
98.135	1974.27
98.17	1975.36
98.2	1975.36
98.235	1976.41
98.27	1977.51
98.3	1977.51
98.335	1978.56
98.37	1979.66
98.4	1979.66
98.435	1980.71
98.47	1981.81
98.5	1981.81
98.535	1982.87
98.57	1983.96
98.6	1983.96
98.635	1985.02
98.67	1986.12
98.7	1986.12
98.735	1987.18
98.77	1988.28
98.8	1988.28
98.835	1989.34
98.87	1990.44
98.9	1990.44
98.935	1991.5
98.97	1992.6
99	1992.6
99.035	1993.66
99.07	1994.77
99.1	1994.77
99.135	1995.83
99.17	1996.94
99.2	1996.94
99.235	1998
99.27	1999.11
99.3	1999.11
99.335	2000.17
99.37	2001.28
99.4	2001.28
99.435	2002.35
99.47	2003.46
99.5	2003.46
99.535	2004.52
99.57	2005.64
99.6	2005.64
99.635	2006.7
99.67	2007.81
99.7	2007.81
99.735	2008.88
99.77	2009.99
99.8	2009.99
99.835	2011.05
99.87	2012.15
99.9	2012.15
99.935	2013.21
99.97	2014.31
100	2014.31
100.035	2015.37
100.07	2016.47
100.1	2016.47
100.135	2017.39
100.17	2018.35
100.2	2018.35
100.235	2019.27
100.27	2020.23
100.3	2020.23
100.335	2021.14
100.37	2022.1
100.4	2022.1
100.435	2023.01
100.47	2023.96
100.5	2023.96
100.535	2024.87
100.57	2025.82
100.6	2025.82
100.635	2026.73
100.67	2027.67
100.7	2027.67
100.735	2028.57
100.77	2029.51
100.8	2029.51
100.835	2030.41
100.87	2031.34
100.9	2031.34
100.935	2032.25
100.97	2033.16
101	2033.16
101.035	2034.08
101.07	2034.98
101.1	2034.98
101.135	2035.89
101.17	2036.8
101.2	2036.8
101.235	2037.7
101.27	2038.61
101.3	2038.61
101.335	2039.5
101.37	2040.42
101.4	2040.42
101.435	2041.31
101.47	2042.24
101.5	2042.24
101.535	2043.13
101.57	2044.06
101.6	2044.06
101.635	2044.95
101.67	2045.88
101.7	2045.88
101.735	2046.77
101.77	2047.7
101.8	2047.7
101.835	2048.59
101.87	2049.52
101.9	2049.52
101.935	2050.42
101.97	2051.35
102	2051.35
102.035	2052.25
102.07	2053.18
102.1	2053.18
102.135	2054.08
102.17	2055.01
102.2	2055.01
102.235	2055.92
102.27	2056.85
102.3	2056.85
102.335	2057.75
102.37	2058.69
102.4	2058.69
102.435	2059.6
102.47	2060.54
102.5	2060.54
102.535	2061.45
102.57	2062.39
102.6	2062.39
102.635	2063.3
102.67	2064.24
102.7	2064.24
102.735	2065.15
102.77	2066.1
102.8	2066.1
102.835	2067.01
102.87	2067.95
102.9	2067.95
102.935	2068.88
102.97	2069.8
103	2069.8
103.035	2070.73
103.07	2071.65
103.1	2071.65
103.135	2072.56
103.17	2073.5
103.2	2073.5
103.235	2074.43
103.27	2075.35
103.3	2075.35
103.335	2076.26
103.37	2077.2
103.4	2077.2
103.435	2078.12
103.47	2079.05
103.5	2079.05
103.535	2079.96
103.57	2080.9
103.6	2080.9
103.635	2081.81
103.67	2082.75
103.7	2082.75
103.735	2083.66
103.77	2084.6
103.8	2084.6
103.835	2085.53
103.87	2086.46
103.9	2086.46
103.935	2087.39
103.97	2087.39
104	2087.39
104.035	2087.39
104.07	2087.39
104.1	2087.39
104.135	2087.39
104.17	2088.35
104.2	2088.35
104.235	2089.28
104.27	2090.24
104.3	2090.24
104.335	2091.17
104.37	2092.14
104.4	2092.14
104.435	2093.08
104.47	2094.05
104.5	2094.05
104.535	2094.99
104.57	2095.97
104.6	2095.97
104.635	2096.91
104.67	2097.89
104.7	2097.89
104.735	2098.83
104.77	2098.83
104.8	2098.83
104.835	1651.74
104.87	1651.74
104.9	1651.74
104.935	1651.74
104.97	1658.24
105	1658.24
105.035	1664.51
105.07	1671.05
105.1	1671.05
105.135	1677.37
105.17	1683.96
105.2	1683.96
105.235	1690.32
105.27	1696.97
105.3	1696.97
105.335	1703.39
105.37	1710.08
105.4	1710.08
105.435	1716.55
105.47	1723.3
105.5	1723.3
105.535	1723.3
105.57	1723.3
105.6	1723.3
105.635	1723.3
105.67	1723.3
105.7	1723.3
105.735	1724.3
105.77	1731.08
105.8	1731.08
105.835	1737.62
105.87	1744.45
105.9	1744.45
105.935	1751.04
105.97	1757.93
106	1757.93
106.035	1764.57
106.07	1771.51
106.1	1771.51
106.135	1778.2
106.17	1785.2
106.2	1785.2
106.235	1791.94
106.27	1798.99
106.3	1798.99
106.335	1805.79
106.37	1812.89
106.4	1812.89
106.435	1819.74
106.47	1826.89
106.5	1826.89
106.535	1833.8
106.57	1841.01
106.6	1841.01
106.635	1847.96
106.67	1847.96
106.7	1847.96
106.735	1862.24
106.77	1869.56
106.8	1869.56
106.835	1876.63
106.87	1884.01
106.9	1884.01
106.935	1891.13
106.97	1898.56
107	1898.56
107.035	1905.74
107.07	1913.23
107.1	1913.23
107.135	1920.46
107.17	1928.01
107.2	1928.01
107.235	1935.3
107.27	1942.91
107.3	1942.91
107.335	1950.25
107.37	1957.92
107.4	1957.92
107.435	1965.32
107.47	1973.05
107.5	1973.05
107.535	1973.05
107.57	1973.05
107.6	1973.05
107.635	1973.05
107.67	1973.05
107.7	1973.05
107.735	1973.05
107.77	1973.05
107.8	1973.05
107.835	1973.05
107.87	1973.05
107.9	1973.05
107.935	1973.05
107.97	1973.05
108	1973.05
108.035	1973.05
108.07	1973.05
108.1	1973.05
108.135	1973.05
108.17	1973.05
108.2	1973.05
108.235	1973.05
108.27	1973.05
108.3	1973.05
108.335	1973.05
108.37	1973.05
108.4	1973.05
108.435	1973.05
108.47	1973.05
108.5	1973.05
108.535	2099.36
108.57	2107.61
108.6	2107.61
108.635	2115.58
108.67	2123.9
108.7	2123.9
108.735	2131.89
108.77	2131.89
108.8	2131.89
108.835	2131.89
108.87	2131.89
108.9	2131.89
108.935	2131.89
108.97	2131.89
109	2131.89
109.035	2131.89
109.07	2131.89
109.1	2131.89
109.135	2131.89
109.17	2131.89
109.2	2131.89
109.235	1813.97
109.27	1813.97
109.3	1813.97
109.335	1813.97
109.37	1813.97
109.4	1813.97
109.435	1814.91
109.47	1815.89
109.5	1815.89
109.535	1816.83
109.57	1817.81
109.6	1817.81
109.635	1818.76
109.67	1818.76
109.7	1818.76
109.735	1818.76
109.77	1818.76
109.8	1818.76
109.835	1818.76
109.87	1818.76
109.9	1818.76
109.935	1819.73
109.97	1820.69
110	1820.69
110.035	1821.66
110.07	1822.63
110.1	1822.63
110.135	1823.59
110.17	1824.56
110.2	1824.56
110.235	1825.53
110.27	1826.5
110.3	1826.5
110.335	1827.47
110.37	1828.44
110.4	1828.44
110.435	1829.41
110.47	1830.39
110.5	1830.39
110.535	1831.36
110.57	1832.34
110.6	1832.34
110.635	1833.3
110.67	1834.3
110.7	1834.3
110.735	1835.29
110.77	1836.28
110.8	1836.28
110.835	1837.25
110.87	1838.27
110.9	1838.27
110.935	1839.25
110.97	1840.27
111	1840.27
111.035	1841.25
111.07	1842.28
111.1	1842.28
111.135	1843.3
111.17	1844.31
111.2	1844.31
111.235	1845.33
111.27	1846.35
111.3	1846.35
111.335	1847.36
111.37	1848.38
111.4	1848.38
111.435	1849.4
111.47	1850.42
111.5	1850.42
111.535	1851.44
111.57	1852.46
111.6	1852.46
111.635	1853.48
111.67	1854.5
111.7	1854.5
111.735	1855.52
111.77	1856.54
111.8	1856.54
111.835	1857.57
111.87	1858.59
111.9	1858.59
111.935	1859.61
111.97	1860.64
112	1860.64
112.035	1861.66
112.07	1862.69
112.1	1862.69
112.135	1863.71
112.17	1864.74
112.2	1864.74
112.235	1865.75
112.27	1866.8
112.3	1866.8
112.335	1867.82
112.37	1868.85
112.4	1868.85
112.435	1869.86
112.47	1870.91
112.5	1870.91
112.535	1871.94
112.57	1872.98
112.6	1872.98
112.635	1874.01
112.67	1875.04
112.7	1875.04
112.735	1876.07
112.77	1877.11
112.8	1877.11
112.835	1878.14
112.87	1879.18
112.9	1879.18
112.935	1880.21
112.97	1881.25
113	1881.25
113.035	1882.29
113.07	1883.32
113.1	1883.32
113.135	1884.36
113.17	1885.4
113.2	1885.4
113.235	1886.44
113.27	1887.47
113.3	1887.47
113.335	1888.51
113.37	1889.55
113.4	1889.55
113.435	1890.59
113.47	1891.64
113.5	1891.64
113.535	1892.68
113.57	1893.72
113.6	1893.72
113.635	1894.76
113.67	1895.81
113.7	1895.81
113.735	1896.85
113.77	1897.9
113.8	1897.9
113.835	1898.94
113.87	1899.99
113.9	1899.99
113.935	1901.04
113.97	1902.08
114	1902.08
114.035	1903.13
114.07	1904.17
114.1	1904.17
114.135	1905.21
114.17	1906.26
114.2	1906.26
114.235	1907.31
114.27	1908.35
114.3	1908.35
114.335	1909.4
114.37	1910.44
114.4	1910.44
114.435	1911.49
114.47	1912.54
114.5	1912.54
114.535	1913.59
114.57	1914.64
114.6	1914.64
114.635	1915.69
114.67	1916.74
114.7	1916.74
114.735	1917.79
114.77	1918.84
114.8	1918.84
114.835	1919.89
114.87	1920.94
114.9	1920.94
114.935	1922
114.97	1923.05
115	1923.05
115.035	1924.11
115.07	1925.16
115.1	1925.16
115.135	1926.22
115.17	1927.28
115.2	1927.28
115.235	1928.33
115.27	1929.39
115.3	1929.39
115.335	1930.45
115.37	1931.51
115.4	1931.51
115.435	1932.55
115.47	1933.64
115.5	1933.64
115.535	1934.68
115.57	1935.77
115.6	1935.77
115.635	1936.81
115.67	1937.9
115.7	1937.9
115.735	1938.94
115.77	1940.03
115.8	1940.03
115.835	1941.08
115.87	1942.17
115.9	1942.17
115.935	1943.22
115.97	1944.31
116	1944.31
116.035	1945.36
116.07	1946.45
116.1	1946.45
116.135	1947.51
116.17	1948.6
116.2	1948.6
116.235	1949.65
116.27	1950.75
116.3	1950.75
116.335	1951.8
116.37	1952.9
116.4	1952.9
116.435	1953.95
116.47	1955.05
116.5	1955.05
116.535	1956.1
116.57	1957.2
116.6	1957.2
116.635	1958.26
116.67	1959.36
116.7	1959.36
116.735	1960.42
116.77	1961.52
116.8	1961.52
116.835	1962.58
116.87	1963.68
116.9	1963.68
116.935	1964.74
116.97	1965.85
117	1965.85
117.035	1966.91
117.07	1968.01
117.1	1968.01
117.135	1969.07
117.17	1970.18
117.2	1970.18
117.235	1971.24
117.27	1972.35
117.3	1972.35
117.335	1973.42
117.37	1974.53
117.4	1974.53
117.435	1975.59
117.47	1976.7
117.5	1976.7
117.535	1977.77
117.57	1978.88
117.6	1978.88
117.635	1979.95
117.67	1981.06
117.7	1981.06
117.735	1982.13
117.77	1983.24
117.8	1983.24
117.835	1984.31
117.87	1985.43
117.9	1985.43
117.935	1986.5
117.97	1987.62
118	1987.62
118.035	1988.69
118.07	1989.81
118.1	1989.81
118.135	1990.88
118.17	1992
118.2	1992
118.235	1993.08
118.27	1994.2
118.3	1994.2
118.335	1995.28
118.37	1996.4
118.4	1996.4
118.435	1997.47
118.47	1998.6
118.5	1998.6
118.535	1999.68
118.57	2000.8
118.6	2000.8
118.635	2001.88
118.67	2003
118.7	2003
118.735	2004.08
118.77	2005.21
118.8	2005.21
118.835	2006.29
118.87	2007.42
118.9	2007.42
118.935	2008.51
118.97	2009.63
119	2009.63
119.035	2010.72
119.07	2011.85
119.1	2011.85
119.135	2012.94
119.17	2014.07
119.2	2014.07
119.235	2015.15
119.27	2016.29
119.3	2016.29
119.335	2017.24
119.37	2018.23
119.4	2018.23
119.435	2019.18
119.47	2020.18
119.5	2020.18
119.535	2021.13
119.57	2022.12
119.6	2022.12
119.635	2023.08
119.67	2024.07
119.7	2024.07
119.735	2025.03
119.77	2026.03
119.8	2026.03
119.835	2026.98
119.87	2027.98
119.9	2027.98
119.935	2028.94
119.97	2029.94
120	2029.94
120.035	2030.9
120.07	2031.89
120.1	2031.89
120.135	2032.85
120.17	2033.85
120.2	2033.85
120.235	2034.81
120.27	2035.81
120.3	2035.81
120.335	2036.78
120.37	2037.78
120.4	2037.78
120.435	2038.74
120.47	2039.74
120.5	2039.74
120.535	2040.7
120.57	2041.7
120.6	2041.7
120.635	2042.66
120.67	2043.66
120.7	2043.66
120.735	2044.62
120.77	2045.62
120.8	2045.62
120.835	2046.59
120.87	2047.59
120.9	2047.59
120.935	2048.55
120.97	2049.55
121	2049.55
121.035	2050.52
121.07	2051.52
121.1	2051.52
121.135	2052.49
121.17	2053.49
121.2	2053.49
121.235	2054.45
121.27	2055.45
121.3	2055.45
121.335	2056.41
121.37	2057.41
121.4	2057.41
121.435	2058.38
121.47	2059.38
121.5	2059.38
121.535	2060.34
121.57	2061.35
121.6	2061.35
121.635	2062.31
121.67	2063.32
121.7	2063.32
121.735	2064.28
121.77	2065.28
121.8	2065.28
121.835	2066.25
121.87	2067.25
121.9	2067.25
121.935	2068.21
121.97	2069.21
122	2069.21
122.035	2070.18
122.07	2071.18
122.1	2071.18
122.135	2072.15
122.17	2073.15
122.2	2073.15
122.235	2074.12
122.27	2075.12
122.3	2075.12
122.335	2076.09
122.37	2077.1
122.4	2077.1
122.435	2078.08
122.47	2079.07
122.5	2079.07
122.535	2080.06
122.57	2081.05
122.6	2081.05
122.635	2082.04
122.67	2083.03
122.7	2083.03
122.735	2084.02
122.77	2085.01
122.8	2085.01
122.835	2086
122.87	2086.99
122.9	2086.99
122.935	2087.98
122.97	2088.98
123	2088.98
123.035	2089.97
123.07	2090.96
123.1	2090.96
123.135	2091.96
123.17	2092.95
123.2	2092.95
123.235	2093.95
123.27	2094.94
123.3	2094.94
123.335	2095.94
123.37	2096.94
123.4	2096.94
123.435	2097.93
123.47	2098.92
123.5	2098.92
123.535	2099.91
123.57	2100.91
123.6	2100.91
123.635	2101.9
123.67	2102.89
123.7	2102.89
123.735	2103.87
123.77	2104.86
123.8	2104.86
123.835	2105.84
123.87	2106.82
123.9	2106.82
123.935	2107.8
123.97	2108.78
124	2108.78
124.035	2109.76
124.07	2110.74
124.1	2110.74
124.135	2111.72
124.17	2112.7
124.2	2112.7
124.235	2113.67
124.27	2114.64
124.3	2114.64
124.335	2115.61
124.37	2116.58
124.4	2116.58
124.435	2117.53
124.47	2118.52
124.5	2118.52
124.535	2119.46
124.57	2120.45
124.6	2120.45
124.635	2121.4
124.67	2122.38
124.7	2122.38
124.735	2123.34
124.77	2124.3
124.8	2124.3
124.835	2125.26
124.87	2126.22
124.9	2126.22
124.935	2127.15
124.97	2128.13
125	2128.13
125.035	2129.06
125.07	2130.04
125.1	2130.04
125.135	2130.99
125.17	2131.95
125.2	2131.95
125.235	2132.89
125.27	2133.86
125.3	2133.86
125.335	2134.82
125.37	2135.78
125.4	2135.78
125.435	2136.72
125.47	2137.7
125.5	2137.7
125.535	2138.64
125.57	2139.61
125.6	2139.61
125.635	2140.55
125.67	2141.53
125.7	2141.53
125.735	2142.48
125.77	2143.46
125.8	2143.46
125.835	2144.4
125.87	2145.38
125.9	2145.38
125.935	2146.32
125.97	2147.31
126	2147.31
126.035	2148.25
126.07	2149.23
126.1	2149.23
126.135	2150.18
126.17	2151.16
126.2	2151.16
126.235	2152.13
126.27	2153.09
126.3	2153.09
126.335	2154.04
126.37	2155.03
126.4	2155.03
126.435	2155.99
126.47	2156.96
126.5	2156.96
126.535	2157.93
126.57	2158.9
126.6	2158.9
126.635	2159.87
126.67	2160.83
126.7	2160.83
126.735	2161.8
126.77	2162.77
126.8	2162.77
126.835	2163.73
126.87	2172.23
126.9	2172.23
126.935	2180.44
126.97	2189.02
127	2189.02
127.035	2197.46
127.07	2205.93
127.1	2205.93
127.135	2214.43
127.17	2222.97
127.2	2222.97
127.235	2228.7
127.27	2228.7
127.3	2228.7
127.335	2228.7
127.37	2228.7
127.4	2228.7
127.435	2228.7
127.47	2228.7
127.5	2228.7
127.535	2228.7
127.57	2228.7
127.6	2228.7
127.635	2228.7
127.67	2228.7
127.7	2228.7
127.735	2228.7
127.77	2228.7
127.8	2228.7
127.835	2228.7
127.87	2228.7
127.9	2228.7
127.935	2228.7
127.97	2228.7
128	2228.7
128.035	2228.7
128.07	2228.7
128.1	2228.7
128.135	2228.7
128.17	2228.7
128.2	2228.7
128.235	2228.7
128.27	2228.7
128.3	2228.7
128.335	2228.7
128.37	2228.7
128.4	2228.7
128.435	2228.7
128.47	2228.7
128.5	2228.7
128.535	2228.7
128.57	2228.7
128.6	2228.7
128.635	2228.7
128.67	2228.7
128.7	2228.7
128.735	2228.7
128.77	2228.7
128.8	2228.7
128.835	2228.7
128.87	2228.7
128.9	2228.7
128.935	2228.7
128.97	2228.7
129	2228.7
129.035	2228.7
129.07	2228.7
129.1	2228.7
129.135	2228.7
129.17	2228.7
129.2	2228.7
129.235	2228.7
129.27	2228.7
129.3	2228.7
129.335	2228.7
129.37	2228.7
129.4	2228.7
129.435	2228.7
129.47	2228.7
129.5	2228.7
129.535	2228.7
129.57	2228.7
129.6	2228.7
129.635	2228.7
129.67	2228.7
129.7	2228.7
129.735	2228.7
129.77	2228.7
129.8	2228.7
129.835	2228.7
129.87	2228.7
129.9	2228.7
129.935	2228.7
129.97	2228.7
130	2228.7
130.035	2228.7
130.07	2228.7
130.1	2228.7
130.135	2228.7
130.17	2228.7
130.2	2228.7
130.235	2228.7
130.27	2228.7
130.3	2228.7
130.335	2228.7
130.37	2228.7
130.4	2228.7
130.435	2228.7
130.47	2228.7
130.5	2228.7
130.535	2228.7
130.57	2228.7
130.6	2228.7
130.635	2228.7
130.67	2228.7
130.7	2228.7
130.735	2228.7
130.77	2228.7
130.8	2228.7
130.835	2228.7
130.87	2228.7
130.9	2228.7
130.935	2228.7
130.97	2228.7
131	2228.7
131.035	2228.7
131.07	2228.7
131.1	2228.7
131.135	2228.7
131.17	2228.7
131.2	2228.7
131.235	2228.7
131.27	2228.7
131.3	2228.7
131.335	2228.7
131.37	2228.7
131.4	2228.7
131.435	2228.7
131.47	2228.7
131.5	2228.7
131.535	2228.7
131.57	2228.7
131.6	2228.7
131.635	2228.7
131.67	2228.7
131.7	2228.7
131.735	2228.7
131.77	2228.7
131.795	2228.7
131.835	2228.7
131.87	2228.7
131.9	2228.7
131.935	2228.7
131.97	2228.7
132	2228.7
132.035	2228.7
132.07	2228.7
132.1	2228.7
132.135	2228.7
132.17	2228.7
132.2	2228.7
132.235	2228.7
132.27	2228.7
132.3	2228.7
132.335	2228.7
132.37	2228.7
132.4	2228.7
132.435	2228.7
132.47	2228.7
132.5	2228.7
132.535	2228.7
132.57	2228.7
132.6	2228.7
132.635	2228.7
132.67	2228.7
132.7	2228.7
132.735	2228.7
132.77	2228.7
132.8	2228.7
132.835	2228.7
132.87	2228.7
132.9	2228.7
132.935	2228.7
132.97	2228.7
133	2228.7
133.035	2228.7
133.07	2228.7
133.1	2228.7
133.135	2228.7
133.17	2228.7
133.2	2228.7
133.235	2228.7
133.27	2228.7
133.3	2228.7
133.335	2228.7
133.37	2228.7
133.4	2228.7
133.435	2228.7
133.47	2228.7
133.5	2228.7
133.535	2228.7
133.57	2228.7
133.6	2228.7
133.635	2228.7
133.67	2228.7
133.7	2228.7
133.735	2228.7
133.77	2228.7
133.8	2228.7
133.835	1897.31
133.87	1897.31
133.9	1897.31
133.935	1897.31
133.97	1898.34
134	1898.34
134.035	1899.33
134.07	1900.37
134.1	1900.37
134.135	1901.36
134.17	1902.4
134.2	1902.4
134.235	1902.4
134.27	1902.4
134.3	1902.4
134.335	1902.4
134.37	1902.4
134.4	1902.4
134.435	1902.4
134.47	1903.43
134.5	1903.43
134.535	1904.43
134.57	1905.46
134.6	1905.46
134.635	1906.46
134.67	1907.5
134.7	1907.5
134.735	1908.49
134.77	1909.53
134.8	1909.53
134.835	1910.53
134.87	1911.57
134.9	1911.57
134.935	1912.57
134.97	1913.62
135	1913.62
135.035	1914.62
135.07	1915.67
135.1	1915.67
135.135	1916.68
135.17	1917.73
135.2	1917.73
135.235	1918.74
135.27	1919.8
135.3	1919.8
135.335	1920.82
135.37	1921.88
135.4	1921.88
135.435	1922.91
135.47	1923.98
135.5	1923.98
135.535	1925.01
135.57	1926.09
135.6	1926.09
135.635	1927.13
135.67	1928.21
135.7	1928.21
135.735	1929.25
135.77	1930.34
135.8	1930.34
135.835	1931.38
135.87	1932.46
135.9	1932.46
135.935	1933.51
135.97	1934.59
136	1934.59
136.035	1935.64
136.07	1936.73
136.1	1936.73
136.135	1937.77
136.17	1938.86
136.2	1938.86
136.235	1939.91
136.27	1941
136.3	1941
136.335	1942.05
136.37	1943.14
136.4	1943.14
136.435	1944.19
136.47	1945.28
136.5	1945.28
136.535	1946.33
136.57	1947.42
136.6	1947.42
136.635	1948.47
136.67	1949.57
136.7	1949.57
136.735	1950.62
136.77	1951.71
136.8	1951.71
136.835	1952.77
136.87	1953.87
136.9	1953.87
136.935	1954.92
136.97	1956.02
137	1956.02
137.035	1957.08
137.07	1958.18
137.1	1958.18
137.135	1959.23
137.17	1960.33
137.2	1960.33
137.235	1961.39
137.27	1962.49
137.3	1962.49
137.335	1963.55
137.37	1964.66
137.4	1964.66
137.435	1965.72
137.47	1966.82
137.5	1966.82
137.535	1967.88
137.57	1968.99
137.6	1968.99
137.635	1970.05
137.67	1971.16
137.7	1971.16
137.735	1972.22
137.77	1973.33
137.8	1973.33
137.835	1974.4
137.87	1975.51
137.9	1975.51
137.935	1976.57
137.97	1977.68
138	1977.68
138.035	1978.75
138.07	1979.86
138.1	1979.86
138.135	1980.93
138.17	1982.05
138.2	1982.05
138.235	1983.11
138.27	1984.23
138.3	1984.23
138.335	1985.3
138.37	1986.42
138.4	1986.42
138.435	1987.49
138.47	1988.6
138.5	1988.6
138.535	1989.68
138.57	1990.8
138.6	1990.8
138.635	1991.87
138.67	1992.99
138.7	1992.99
138.735	1994.07
138.77	1995.19
138.8	1995.19
138.835	1996.27
138.87	1997.39
138.9	1997.39
138.935	1998.47
138.97	1999.59
139	1999.59
139.035	2000.67
139.07	2001.79
139.1	2001.79
139.135	2002.87
139.17	2004
139.2	2004
139.235	2005.08
139.27	2006.21
139.3	2006.21
139.335	2007.29
139.37	2008.42
139.4	2008.42
139.435	2009.5
139.47	2010.63
139.5	2010.63
139.535	2011.72
139.57	2012.85
139.6	2012.85
139.635	2013.93
139.67	2015.07
139.7	2015.07
139.735	2016.15
139.77	2017.14
139.8	2017.14
139.835	2018.1
139.87	2019.09
139.9	2019.09
139.935	2020.04
139.97	2021.04
140	2021.04
140.035	2021.99
140.07	2022.98
140.1	2022.98
140.135	2023.94
140.17	2024.94
140.2	2024.94
140.235	2025.89
140.27	2026.89
140.3	2026.89
140.335	2027.85
140.37	2028.84
140.4	2028.84
140.435	2029.8
140.47	2030.8
140.5	2030.8
140.535	2031.76
140.57	2032.76
140.6	2032.76
140.635	2033.72
140.67	2034.72
140.7	2034.72
140.735	2035.68
140.77	2036.68
140.8	2036.68
140.835	2037.64
140.87	2038.65
140.9	2038.65
140.935	2039.61
140.97	2040.61
141	2040.61
141.035	2041.57
141.07	2042.58
141.1	2042.58
141.135	2043.54
141.17	2044.55
141.2	2044.55
141.235	2045.51
141.27	2046.52
141.3	2046.52
141.335	2047.48
141.37	2048.49
141.4	2048.49
141.435	2049.46
141.47	2050.47
141.5	2050.47
141.535	2051.44
141.57	2052.44
141.6	2052.44
141.635	2053.41
141.67	2054.42
141.7	2054.42
141.735	2055.39
141.77	2056.41
141.8	2056.41
141.835	2057.4
141.87	2058.39
141.9	2058.39
141.935	2059.38
141.97	2060.37
142	2060.37
142.035	2061.37
142.07	2062.36
142.1	2062.36
142.135	2063.35
142.17	2064.35
142.2	2064.35
142.235	2065.34
142.27	2066.34
142.3	2066.34
142.335	2067.34
142.37	2068.33
142.4	2068.33
142.435	2069.33
142.47	2070.33
142.5	2070.33
142.535	2071.33
142.57	2072.32
142.6	2072.32
142.635	2073.32
142.67	2074.32
142.7	2074.32
142.735	2075.32
142.77	2076.32
142.8	2076.32
142.835	2077.32
142.87	2078.32
142.9	2078.32
142.935	2079.32
142.97	2080.33
143	2080.33
143.035	2081.33
143.07	2082.33
143.1	2082.33
143.135	2083.34
143.17	2084.34
143.2	2084.34
143.235	2085.35
143.27	2086.35
143.3	2086.35
143.335	2087.35
143.37	2088.35
143.4	2088.35
143.435	2089.35
143.47	2090.36
143.5	2090.36
143.535	2091.36
143.57	2092.36
143.6	2092.36
143.635	2093.37
143.67	2094.37
143.7	2094.37
143.735	2095.38
143.77	2096.38
143.8	2096.38
143.835	2097.39
143.87	2098.39
143.9	2098.39
143.935	2099.4
143.97	2100.41
144	2100.41
144.035	2101.42
144.07	2102.42
144.1	2102.42
144.135	2103.43
144.17	2104.44
144.2	2104.44
144.235	2105.45
144.27	2106.46
144.3	2106.46
144.335	2107.48
144.37	2108.49
144.4	2108.49
144.435	2109.5
144.47	2110.51
144.5	2110.51
144.535	2111.52
144.57	2112.53
144.6	2112.53
144.635	2113.55
144.67	2114.56
144.7	2114.56
144.735	2115.57
144.77	2116.59
144.8	2116.59
144.835	2117.6
144.87	2118.62
144.9	2118.62
144.935	2119.64
144.97	2120.65
145	2120.65
145.035	2121.67
145.07	2122.69
145.1	2122.69
145.135	2123.71
145.17	2124.72
145.2	2124.72
145.235	2125.74
145.27	2126.75
145.3	2126.75
145.335	2127.77
145.37	2128.78
145.4	2128.78
145.435	2129.8
145.47	2130.82
145.5	2130.82
145.535	2131.84
145.57	2132.85
145.6	2132.85
145.635	2133.87
145.67	2134.89
145.7	2134.89
145.735	2135.91
145.77	2136.93
145.8	2136.93
145.835	2137.95
145.87	2138.96
145.9	2138.96
145.935	2139.98
145.97	2141
146	2141
146.035	2142.01
146.07	2143.03
146.1	2143.03
146.135	2144.05
146.17	2145.07
146.2	2145.07
146.235	2146.09
146.27	2147.11
146.3	2147.11
146.335	2148.13
146.37	2149.15
146.4	2149.15
146.435	2150.18
146.47	2151.2
146.5	2151.2
146.535	2152.22
146.57	2153.24
146.6	2153.24
146.635	2154.27
146.67	2155.29
146.7	2155.29
146.735	2156.31
146.77	2157.34
146.8	2157.34
146.835	2158.37
146.87	2159.39
146.9	2159.39
146.935	2160.42
146.97	2161.45
147	2161.45
147.035	2162.47
147.07	2163.5
147.1	2163.5
147.135	2164.53
147.17	2165.56
147.2	2165.56
147.235	2166.59
147.27	2167.62
147.3	2167.62
147.335	2168.65
147.37	2169.68
147.4	2169.68
147.435	2170.71
147.47	2171.75
147.5	2171.75
147.535	2172.78
147.57	2173.81
147.6	2173.81
147.635	2174.84
147.67	2175.88
147.7	2175.88
147.735	2176.91
147.77	2177.95
147.8	2177.95
147.835	2178.98
147.87	2180.02
147.9	2180.02
147.935	2181.05
147.97	2182.09
148	2182.09
148.035	2183.13
148.07	2184.17
148.1	2184.17
148.135	2185.21
148.17	2186.24
148.2	2186.24
148.235	2187.28
148.27	2188.32
148.3	2188.32
148.335	2189.36
148.37	2190.41
148.4	2190.41
148.435	2191.45
148.47	2192.49
148.5	2192.49
148.535	2193.53
148.57	2194.57
148.6	2194.57
148.635	2195.61
148.67	2196.65
148.7	2196.65
148.735	2197.69
148.77	2198.73
148.8	2198.73
148.835	2199.76
148.87	2200.8
148.9	2200.8
148.935	2201.83
148.97	2202.86
149	2202.86
149.035	2203.89
149.07	2204.92
149.1	2204.92
149.135	2205.95
149.17	2206.97
149.2	2206.97
149.235	2208
149.27	2209.02
149.3	2209.02
149.335	2210.04
149.37	2211.07
149.4	2211.07
149.435	2212.09
149.47	2213.11
149.5	2213.11
149.535	2214.12
149.57	2215.14
149.6	2215.14
149.635	2216.15
149.67	2217.16
149.7	2217.16
149.735	2218.17
149.77	2219.18
149.8	2219.18
149.835	2220.18
149.87	2221.19
149.9	2221.19
149.935	2222.19
149.97	2223.19
150	2223.19
150.035	2224.19
150.07	2225.18
150.1	2225.18
150.135	2226.18
150.17	2227.17
150.2	2227.17
150.235	2228.17
150.27	2228.7
150.3	2228.7
150.335	2228.7
150.37	2228.7
150.4	2228.7
150.435	2228.7
150.47	2228.7
150.5	2228.7
150.535	2228.7
150.57	2228.7
150.6	2228.7
150.635	2228.7
150.67	2228.7
150.7	2228.7
150.735	2228.7
150.77	2228.7
150.8	2228.7
150.835	2228.7
150.87	2228.7
150.9	2228.7
150.935	2228.7
150.97	2228.7
151	2228.7
151.035	2228.7
151.07	2228.7
151.1	2228.7
151.135	2228.7
151.17	2228.7
151.2	2228.7
151.235	2228.7
151.27	2228.7
151.3	2228.7
151.335	2228.7
151.37	2228.7
151.4	2228.7
151.435	2228.7
151.47	2228.7
151.5	2228.7
151.535	2228.7
151.57	2228.7
151.6	2228.7
151.635	2228.7
151.67	2228.7
151.7	2228.7
151.735	2228.7
151.77	2228.7
151.8	2228.7
151.835	2228.7
151.87	2228.7
151.9	2228.7
151.935	2228.7
151.97	2228.7
152	2228.7
152.035	2228.7
152.07	2228.7
152.1	2228.7
152.135	2228.7
152.17	2228.7
152.2	2228.7
152.235	2228.7
152.27	2228.7
152.3	2228.7
152.335	2228.7
152.37	2228.7
152.4	2228.7
152.435	2228.7
152.47	2228.7
152.5	2228.7
152.535	2228.7
152.57	2228.7
152.6	2228.7
152.635	2228.7
152.67	2228.7
152.7	2228.7
152.735	2228.7
152.77	2228.7
152.8	2228.7
152.835	2228.7
152.87	2228.7
152.9	2228.7
152.935	2228.7
152.97	2228.7
153	2228.7
153.035	2228.7
153.07	2228.7
153.1	2228.7
153.135	2228.7
153.17	2228.7
153.2	2228.7
153.235	2228.7
153.27	2228.7
153.3	2228.7
153.335	2228.7
153.37	2228.7
153.4	2228.7
153.435	2228.7
153.47	2228.7
153.5	2228.7
153.535	2228.7
153.57	2228.7
153.6	2228.7
153.635	2228.7
153.67	2228.7
153.7	2228.7
153.735	2228.7
153.77	2228.7
153.8	2228.7
153.835	2228.7
153.87	2228.7
153.9	2228.7
153.935	2228.7
153.97	2228.7
154	2228.7
154.035	2228.7
154.07	2228.7
154.1	2228.7
154.135	2228.7
154.17	2228.7
154.2	2228.7
154.235	2228.7
154.27	2228.7
154.3	2228.7
154.335	2228.7
154.37	2228.7
154.4	2228.7
154.435	2228.7
154.47	2228.7
154.5	2228.7
154.535	2228.7
154.57	2228.7
154.6	2228.7
154.635	2228.7
154.67	2228.7
154.7	2228.7
154.735	2228.7
154.77	2228.7
154.8	2228.7
154.835	2228.7
154.87	2228.7
154.9	2228.7
154.935	2228.7
154.97	2228.7
155	2228.7
155.035	2228.7
155.07	2228.7
155.1	2228.7
155.135	2228.7
155.17	2228.7
155.2	2228.7
155.235	2228.7
155.27	2228.7
155.3	2228.7
155.335	2228.7
155.37	2228.7
155.4	2228.7
155.435	2228.7
155.47	2228.7
155.5	2228.7
155.535	2228.7
155.57	2228.7
155.6	2228.7
155.635	2228.7
155.67	2228.7
155.7	2228.7
155.735	2228.7
155.77	2228.7
155.8	2228.7
155.835	2228.7
155.87	2228.7
155.9	2228.7
155.935	2228.7
155.97	2228.7
156	2228.7
156.035	2228.7
156.07	2228.7
156.1	2228.7
156.135	2228.7
156.17	2228.7
156.2	2228.7
156.235	2228.7
156.27	2228.7
156.3	2228.7
156.335	2228.7
156.37	2228.7
156.4	2228.7
156.435	2228.7
156.47	2228.7
156.5	2228.7
156.535	2228.7
156.57	2228.7
156.6	2228.7
156.635	2228.7
156.67	2228.7
156.7	2228.7
156.735	2228.7
156.77	2228.7
156.8	2228.7
156.835	2228.7
156.87	2228.7
156.9	2228.7
156.935	2228.7
156.97	2228.7
157	2228.7
157.035	2228.7
157.07	2228.7
157.1	2228.7
157.135	2228.7
157.17	2228.7
157.2	2228.7
157.235	2228.7
157.27	2228.7
157.3	2228.7
157.335	2228.7
157.37	2228.7
157.4	2228.7
157.435	2228.7
157.47	2228.7
157.5	2228.7
157.535	2228.7
157.57	2228.7
157.6	2228.7
157.635	2228.7
157.67	2228.7
157.7	2228.7
157.735	2228.7
157.77	2228.7
157.8	2228.7
157.835	2228.7
157.87	2228.7
157.9	2228.7
157.935	2228.7
157.97	2228.7
158	2228.7
158.035	2228.7
158.07	2228.7
158.1	2228.7
158.135	2228.7
158.17	2228.7
158.2	2228.7
158.235	2228.7
158.27	2228.7
158.3	2228.7
158.335	2228.7
158.37	2228.7
158.4	2228.7
158.435	2228.7
158.47	2228.7
158.5	2228.7
158.535	2228.7
158.57	2228.7
158.6	2228.7
158.635	2228.7
158.67	2228.7
158.7	2228.7
158.735	2228.7
158.77	2228.7
158.8	2228.7
158.835	2228.7
158.87	2228.7
158.9	2228.7
158.935	1898.65
158.97	1898.65
159	1898.65
159.035	1898.65
159.07	1899.68
159.1	1899.68
159.135	1900.66
159.17	1901.69
159.2	1901.69
159.235	1902.67
159.27	1903.7
159.3	1903.7
159.335	1904.68
159.37	1905.7
159.4	1905.7
159.435	1906.69
159.47	1907.71
159.5	1907.71
159.535	1907.71
159.57	1907.71
159.6	1907.71
159.635	1907.71
159.67	1907.71
159.7	1907.71
159.735	1907.71
159.77	1908.73
159.8	1908.73
159.835	1909.72
159.87	1910.75
159.9	1910.75
159.935	1911.73
159.97	1912.76
160	1912.76
160.035	1913.75
160.07	1914.77
160.1	1914.77
160.135	1915.76
160.17	1916.8
160.2	1916.8
160.235	1917.79
160.27	1918.82
160.3	1918.82
160.335	1919.82
160.37	1920.86
160.4	1920.86
160.435	1921.87
160.47	1922.91
160.5	1922.91
160.535	1923.92
160.57	1924.97
160.6	1924.97
160.635	1925.99
160.67	1927.05
160.7	1927.05
160.735	1928.07
160.77	1929.13
160.8	1929.13
160.835	1930.16
160.87	1931.23
160.9	1931.23
160.935	1932.26
160.97	1933.34
161	1933.34
161.035	1934.38
161.07	1935.46
161.1	1935.46
161.135	1936.5
161.17	1937.58
161.2	1937.58
161.235	1938.61
161.27	1939.69
161.3	1939.69
161.335	1940.73
161.37	1941.81
161.4	1941.81
161.435	1942.84
161.47	1943.92
161.5	1943.92
161.535	1944.95
161.57	1946.02
161.6	1946.02
161.635	1947.05
161.67	1948.12
161.7	1948.12
161.735	1949.15
161.77	1950.21
161.8	1950.21
161.835	1951.23
161.87	1952.3
161.9	1952.3
161.935	1953.32
161.97	1954.39
162	1954.39
162.035	1955.4
162.07	1956.46
162.1	1956.46
162.135	1957.48
162.17	1958.53
162.2	1958.53
162.235	1959.54
162.27	1960.59
162.3	1960.59
162.335	1961.6
162.37	1962.65
162.4	1962.65
162.435	1963.66
162.47	1964.7
162.5	1964.7
162.535	1965.7
162.57	1966.74
162.6	1966.74
162.635	1967.74
162.67	1968.78
162.7	1968.78
162.735	1969.77
162.77	1970.81
162.8	1970.81
162.835	1971.8
162.87	1972.83
162.9	1972.83
162.935	1973.81
162.97	1974.84
163	1974.84
163.035	1975.83
163.07	1976.86
163.1	1976.86
163.135	1977.85
163.17	1978.88
163.2	1978.88
163.235	1979.87
163.27	1980.9
163.3	1980.9
163.335	1981.89
163.37	1982.92
163.4	1982.92
163.435	1983.92
163.47	1984.95
163.5	1984.95
163.535	1985.94
163.57	1986.98
163.6	1986.98
163.635	1987.97
163.67	1989.01
163.7	1989.01
163.735	1990
163.77	1991.04
163.8	1991.04
163.835	1992.04
163.87	1993.07
163.9	1993.07
163.935	1994.07
163.97	1995.11
164	1995.11
164.035	1996.12
164.07	1997.16
164.1	1997.16
164.135	1998.16
164.17	1999.21
164.2	1999.21
164.235	2000.21
164.27	2001.26
164.3	2001.26
164.335	2002.27
164.37	2003.31
164.4	2003.31
164.435	2004.32
164.47	2005.37
164.5	2005.37
164.535	2006.38
164.57	2007.43
164.6	2007.43
164.635	2008.44
164.67	2009.48
164.7	2009.48
164.735	2010.49
164.77	2011.54
164.8	2011.54
164.835	2012.54
164.87	2013.59
164.9	2013.59
164.935	2014.6
164.97	2015.65
165	2015.65
165.035	2016.66
165.07	2017.58
165.1	2017.58
165.135	2018.47
165.17	2019.37
165.2	2019.37
165.235	2020.27
165.27	2021.17
165.3	2021.17
165.335	2022.07
165.37	2022.97
165.4	2022.97
165.435	2023.87
165.47	2024.77
165.5	2024.77
165.535	2025.67
165.57	2026.57
165.6	2026.57
165.635	2027.47
165.67	2027.47
165.7	2027.47
165.735	2027.47
165.77	2027.47
165.8	2027.47
165.835	2027.47
165.87	2027.47
165.9	2027.47
165.935	2027.47
165.97	2028.38
166	2028.38
166.035	2029.3
166.07	2030.21
166.1	2030.21
166.135	2031.13
166.17	2032.05
166.2	2032.05
166.235	2032.97
166.27	2033.9
166.3	2033.9
166.335	2034.82
166.37	2035.75
166.4	2035.75
166.435	2036.67
166.47	2037.6
166.5	2037.6
166.535	2038.52
166.57	2039.45
166.6	2039.45
166.635	2040.38
166.67	2041.31
166.7	2041.31
166.735	2042.23
166.77	2043.16
166.8	2043.16
166.835	2044.09
166.87	2045.02
166.9	2045.02
166.935	2045.95
166.97	2046.88
167	2046.88
167.035	2047.8
167.07	2048.73
167.1	2048.73
167.135	2049.66
167.17	2050.59
167.2	2050.59
167.235	2051.51
167.27	2052.44
167.3	2052.44
167.335	2053.37
167.37	2054.29
167.4	2054.29
167.435	2055.22
167.47	2056.14
167.5	2056.14
167.535	2057.04
167.57	2057.98
167.6	2057.98
167.635	2058.89
167.67	2059.81
167.7	2059.81
167.735	2060.7
167.77	2061.63
167.8	2061.63
167.835	2062.54
167.87	2063.45
167.9	2063.45
167.935	2064.36
167.97	2064.36
168	2064.36
168.035	2064.36
168.07	2064.36
168.1	2064.36
168.135	2064.36
168.17	2064.36
168.2	2064.36
168.235	2065.28
168.27	2066.21
168.3	2066.21
168.335	2067.13
168.37	2068.07
168.4	2068.07
168.435	2069
168.47	2069.94
168.5	2069.94
168.535	2070.88
168.57	2071.82
168.6	2071.82
168.635	2072.77
168.67	2073.72
168.7	2073.72
168.735	2074.67
168.77	2075.62
168.8	2075.62
168.835	2076.57
168.87	2077.53
168.9	2077.53
168.935	2078.49
168.97	2079.45
169	2079.45
169.035	2080.42
169.07	2081.38
169.1	2081.38
169.135	2082.35
169.17	2082.35
169.2	2082.35
169.235	1808.92
169.27	1808.92
169.3	1808.92
169.335	1808.92
169.37	1809.88
169.4	1809.88
169.435	1810.84
169.47	1811.8
169.5	1811.8
169.535	1812.76
169.57	1813.72
169.6	1813.72
169.635	1814.68
169.67	1815.64
169.7	1815.64
169.735	1816.6
169.77	1817.56
169.8	1817.56
169.835	1818.51
169.87	1819.46
169.9	1819.46
169.935	1820.41
169.97	1821.36
170	1821.36
170.035	1822.31
170.07	1823.25
170.1	1823.25
170.135	1824.2
170.17	1825.15
170.2	1825.15
170.235	1826.1
170.27	1826.1
170.3	1826.1
170.335	1826.1
170.37	1826.1
170.4	1826.1
170.435	1826.1
170.47	1827.05
170.5	1827.05
170.535	1827.99
170.57	1828.94
170.6	1828.94
170.635	1829.9
170.67	1830.85
170.7	1830.85
170.735	1831.81
170.77	1832.78
170.8	1832.78
170.835	1833.74
170.87	1834.71
170.9	1834.71
170.935	1835.68
170.97	1836.65
171	1836.65
171.035	1837.62
171.07	1838.6
171.1	1838.6
171.135	1839.58
171.17	1840.56
171.2	1840.56
171.235	1841.54
171.27	1842.53
171.3	1842.53
171.335	1843.51
171.37	1843.51
171.4	1843.51
171.435	1457.94
171.47	1457.94
171.5	1457.94
171.535	1457.94
171.57	1458.85
171.6	1458.85
171.635	1459.76
171.67	1460.67
171.7	1460.67
171.735	1461.58
171.77	1462.49
171.8	1462.49
171.835	1462.49
171.87	1462.49
171.9	1462.49
171.935	1462.49
171.97	1462.49
172	1462.49
172.035	1462.49
172.07	1463.4
172.1	1463.4
172.135	1464.31
172.17	1465.22
172.2	1465.22
172.235	1466.13
172.27	1467.04
172.3	1467.04
172.335	1467.96
172.37	1468.87
172.4	1468.87
172.435	1469.78
172.47	1470.7
172.5	1470.7
172.535	1471.61
172.57	1472.53
172.6	1472.53
172.635	1473.45
172.67	1474.36
172.7	1474.36
172.735	1475.28
172.77	1476.2
172.8	1476.2
172.835	1477.12
172.87	1478.05
172.9	1478.05
172.935	1478.98
172.97	1479.91
173	1479.91
173.035	1480.84
173.07	1481.78
173.1	1481.78
173.135	1482.72
173.17	1483.66
173.2	1483.66
173.235	1484.61
173.27	1485.56
173.3	1485.56
173.335	1486.51
173.37	1487.46
173.4	1487.46
173.435	1488.41
173.47	1489.36
173.5	1489.36
173.535	1490.32
173.57	1491.27
173.6	1491.27
173.635	1492.22
173.67	1493.18
173.7	1493.18
173.735	1494.13
173.77	1495.09
173.8	1495.09
173.835	1496.05
173.87	1497
173.9	1497
173.935	1497.96
173.97	1498.92
174	1498.92
174.035	1499.88
174.07	1500.84
174.1	1500.84
174.135	1501.8
174.17	1502.76
174.2	1502.76
174.235	1503.72
174.27	1504.68
174.3	1504.68
174.335	1505.65
174.37	1506.61
174.4	1506.61
174.435	1507.57
174.47	1508.54
174.5	1508.54
174.535	1509.5
174.57	1510.47
174.6	1510.47
174.635	1511.43
174.67	1512.4
174.7	1512.4
174.735	1513.37
174.77	1514.33
174.8	1514.33
174.835	1515.3
174.87	1516.27
174.9	1516.27
174.935	1517.24
174.97	1518.21
175	1518.21
175.035	1519.19
175.07	1520.16
175.1	1520.16
175.135	1521.13
175.17	1522.1
175.2	1522.1
175.235	1523.08
175.27	1524.05
175.3	1524.05
175.335	1525.03
175.37	1526
175.4	1526
175.435	1526.98
175.47	1527.95
175.5	1527.95
175.535	1528.93
175.57	1529.91
175.6	1529.91
175.635	1530.89
175.67	1531.87
175.7	1531.87
175.735	1532.85
175.77	1533.83
175.8	1533.83
175.835	1534.81
175.87	1535.79
175.9	1535.79
175.935	1536.77
175.97	1537.76
176	1537.76
176.035	1538.74
176.07	1539.73
176.1	1539.73
176.135	1540.71
176.17	1541.7
176.2	1541.7
176.235	1542.68
176.27	1543.67
176.3	1543.67
176.335	1544.66
176.37	1545.65
176.4	1545.65
176.435	1546.63
176.47	1547.62
176.5	1547.62
176.535	1548.61
176.57	1549.6
176.6	1549.6
176.635	1550.59
176.67	1551.59
176.7	1551.59
176.735	1552.58
176.77	1553.57
176.8	1553.57
176.835	1554.57
176.87	1555.56
176.9	1555.56
176.935	1556.56
176.97	1557.55
177	1557.55
177.035	1558.55
177.07	1559.55
177.1	1559.55
177.135	1560.54
177.17	1561.54
177.2	1561.54
177.235	1562.54
177.27	1563.54
177.3	1563.54
177.335	1564.54
177.37	1565.54
177.4	1565.54
177.435	1566.54
177.47	1567.55
177.5	1567.55
177.535	1568.55
177.57	1569.55
177.6	1569.55
177.635	1570.56
177.67	1571.56
177.7	1571.56
177.735	1572.56
177.77	1573.57
177.8	1573.57
177.835	1574.58
177.87	1575.59
177.9	1575.59
177.935	1576.59
177.97	1577.6
178	1577.6
178.035	1578.61
178.07	1579.62
178.1	1579.62
178.135	1580.63
178.17	1581.65
178.2	1581.65
178.235	1582.66
178.27	1583.67
178.3	1583.67
178.335	1584.68
178.37	1585.69
178.4	1585.69
178.435	1586.71
178.47	1587.72
178.5	1587.72
178.535	1588.72
178.57	1589.77
178.6	1589.77
178.635	1590.77
178.67	1591.81
178.7	1591.81
178.735	1592.81
178.77	1593.85
178.8	1593.85
178.835	1594.86
178.87	1595.91
178.9	1595.91
178.935	1596.91
178.97	1597.96
179	1597.96
179.035	1598.96
179.07	1600.01
179.1	1600.01
179.135	1601.02
179.17	1602.07
179.2	1602.07
179.235	1603.08
179.27	1604.13
179.3	1604.13
179.335	1605.14
179.37	1606.19
179.4	1606.19
179.435	1607.2
179.47	1608.26
179.5	1608.26
179.535	1609.27
179.57	1610.32
179.6	1610.32
179.635	1611.34
179.67	1612.4
179.7	1612.4
179.735	1613.41
179.77	1614.47
179.8	1614.47
179.835	1615.48
179.87	1616.54
179.9	1616.54
179.935	1617.56
179.97	1618.62
180	1618.62
180.035	1619.64
180.07	1620.7
180.1	1620.7
180.135	1621.72
180.17	1622.79
180.2	1622.79
180.235	1623.81
180.27	1624.88
180.3	1624.88
180.335	1625.9
180.37	1626.96
180.4	1626.96
180.435	1627.99
180.47	1629.06
180.5	1629.06
180.535	1630.08
180.57	1631.15
180.6	1631.15
180.635	1632.18
180.67	1633.25
180.7	1633.25
180.735	1634.28
180.77	1635.35
180.8	1635.35
180.835	1636.38
180.87	1637.45
180.9	1637.45
180.935	1638.48
180.97	1639.56
181	1639.56
181.035	1640.59
181.07	1641.67
181.1	1641.67
181.135	1642.7
181.17	1643.78
181.2	1643.78
181.235	1644.81
181.27	1645.89
181.3	1645.89
181.335	1646.93
181.37	1648.01
181.4	1648.01
181.435	1649.05
181.47	1650.13
181.5	1650.13
181.535	1651.17
181.57	1652.25
181.6	1652.25
181.635	1653.29
181.67	1654.37
181.7	1654.37
181.735	1655.42
181.77	1656.5
181.8	1656.5
181.835	1657.54
181.87	1658.63
181.9	1658.63
181.935	1659.68
181.97	1660.76
182	1660.76
182.035	1661.81
182.07	1662.9
182.1	1662.9
182.135	1663.95
182.17	1665.04
182.2	1665.04
182.235	1666.09
182.27	1667.18
182.3	1667.18
182.335	1668.23
182.37	1669.32
182.4	1669.32
182.435	1670.37
182.47	1671.47
182.5	1671.47
182.535	1672.52
182.57	1673.62
182.6	1673.62
182.635	1674.67
182.67	1675.77
182.7	1675.77
182.735	1676.83
182.77	1677.93
182.8	1677.93
182.835	1678.98
182.87	1680.08
182.9	1680.08
182.935	1681.14
182.97	1682.24
183	1682.24
183.035	1683.3
183.07	1684.41
183.1	1684.41
183.135	1685.47
183.17	1686.57
183.2	1686.57
183.235	1687.64
183.27	1688.74
183.3	1688.74
183.335	1689.81
183.37	1690.91
183.4	1690.91
183.435	1691.98
183.47	1693.07
183.5	1693.07
183.535	1694.15
183.57	1695.24
183.6	1695.24
183.635	1696.33
183.67	1697.42
183.7	1697.42
183.735	1698.51
183.77	1699.6
183.8	1699.6
183.835	1700.7
183.87	1701.79
183.9	1701.79
183.935	1702.88
183.97	1703.98
184	1703.98
184.035	1705.07
184.07	1706.17
184.1	1706.17
184.135	1707.27
184.17	1708.36
184.2	1708.36
184.235	1709.46
184.27	1710.56
184.3	1710.56
184.335	1711.66
184.37	1712.76
184.4	1712.76
184.435	1713.86
184.47	1714.96
184.5	1714.96
184.535	1716.06
184.57	1717.17
184.6	1717.17
184.635	1718.27
184.67	1719.38
184.7	1719.38
184.735	1720.48
184.77	1721.59
184.8	1721.59
184.835	1722.69
184.87	1723.8
184.9	1723.8
184.935	1724.91
184.97	1726.02
185	1726.02
185.035	1727.13
185.07	1728.24
185.1	1728.24
185.135	1729.19
185.17	1730.14
185.2	1730.14
185.235	1731.09
185.27	1732.05
185.3	1732.05
185.335	1733
185.37	1733.96
185.4	1733.96
185.435	1734.91
185.47	1735.87
185.5	1735.87
185.535	1736.82
185.57	1737.78
185.6	1737.78
185.635	1738.74
185.67	1739.7
185.7	1739.7
185.735	1740.66
185.77	1741.61
185.8	1741.61
185.835	1742.57
185.87	1743.53
185.9	1743.53
185.935	1744.49
185.97	1745.46
186	1745.46
186.035	1746.42
186.07	1747.38
186.1	1747.38
186.135	1748.34
186.17	1749.3
186.2	1749.3
186.235	1750.27
186.27	1751.23
186.3	1751.23
186.335	1752.19
186.37	1753.16
186.4	1753.16
186.435	1754.13
186.47	1755.09
186.5	1755.09
186.535	1756.06
186.57	1757.03
186.6	1757.03
186.635	1757.99
186.67	1758.96
186.7	1758.96
186.735	1759.93
186.77	1760.9
186.8	1760.9
186.835	1761.87
186.87	1762.84
186.9	1762.84
186.935	1763.81
186.97	1764.79
187	1764.79
187.035	1765.76
187.07	1766.73
187.1	1766.73
187.135	1767.7
187.17	1768.68
187.2	1768.68
187.235	1769.65
187.27	1770.63
187.3	1770.63
187.335	1771.6
187.37	1772.58
187.4	1772.58
187.435	1773.57
187.47	1774.53
187.5	1774.53
187.535	1775.53
187.57	1776.49
187.6	1776.49
187.635	1777.48
187.67	1778.44
187.7	1778.44
187.735	1779.44
187.77	1780.41
187.8	1780.41
187.835	1781.41
187.87	1782.37
187.9	1782.37
187.935	1783.37
187.97	1784.33
188	1784.33
188.035	1785.33
188.07	1786.3
188.1	1786.3
188.135	1787.3
188.17	1788.27
188.2	1788.27
188.235	1789.27
188.27	1790.24
188.3	1790.24
188.335	1791.24
188.37	1792.21
188.4	1792.21
188.435	1793.22
188.47	1794.18
188.5	1794.18
188.535	1795.19
188.57	1796.16
188.6	1796.16
188.635	1797.17
188.67	1798.14
188.7	1798.14
188.735	1799.15
188.77	1800.12
188.8	1800.12
188.835	1807.2
188.87	1814.03
188.9	1814.03
188.935	1821.16
188.97	1828.04
189	1828.04
189.035	1835.23
189.07	1842.16
189.1	1842.16
189.135	1849.41
189.17	1856.4
189.2	1856.4
189.235	1863.7
189.27	1870.74
189.3	1870.74
189.335	1878.09
189.37	1885.19
189.4	1885.19
189.435	1892.6
189.47	1899.76
189.5	1899.76
189.535	1907.23
189.57	1914.43
189.6	1914.43
189.635	1921.96
189.67	1929.22
189.7	1929.22
189.735	1936.81
189.77	1944.13
189.8	1944.13
189.835	1951.77
189.87	1959.15
189.9	1959.15
189.935	1966.85
189.97	1974.28
190	1974.28
190.035	1982.05
190.07	1989.54
190.1	1989.54
190.135	1997.36
190.17	2004.91
190.2	2004.91
190.235	2012.79
190.27	2020.4
190.3	2020.4
190.335	2028.34
190.37	2036.01
190.4	2036.01
190.435	2044.01
190.47	2051.74
190.5	2051.74
190.535	2059.81
190.57	2067.59
190.6	2067.59
190.635	2075.72
190.67	2083.56
190.7	2083.56
190.73	2091.76
190.77	2099.66
190.8	2099.66
190.835	2107.92
190.87	2115.88
190.9	2115.88
190.935	2124.2
190.97	2132.23
191	2132.23
191.035	2140.61
191.07	2148.7
191.1	2148.7
191.13	2157.15
191.17	2165.3
191.2	2165.3
191.235	2173.82
191.27	2182.03
191.3	2182.03
191.335	2190.61
191.37	2190.61
191.4	2190.61
191.435	2190.61
191.47	2190.61
191.5	2190.61
191.535	2190.61
191.57	2190.61
191.6	2190.61
191.635	2190.61
191.67	2190.61
191.7	2190.61
191.735	2190.61
191.77	2190.61
191.8	2190.61
191.835	2190.61
191.87	2190.61
191.9	2190.61
191.935	2190.61
191.97	2190.61
192	2190.61
192.035	2190.61
192.07	2190.61
192.1	2190.61
192.135	2190.61
192.17	2190.61
192.2	2190.61
192.235	2190.61
192.27	2190.61
192.3	2190.61
192.335	2190.61
192.37	2190.61
192.4	2228.7
192.435	2228.7
192.47	2228.7
192.5	2228.7
192.535	2228.7
192.57	2228.7
192.6	2228.7
192.635	2228.7
192.67	2228.7
192.7	2228.7
192.735	2228.7
192.77	2228.7
192.8	2228.7
192.835	2228.7
192.87	2228.7
192.9	2228.7
192.935	2228.7
192.97	2228.7
193	2228.7
193.035	2228.7
193.07	2228.7
193.1	2228.7
193.135	2228.7
193.17	2228.7
193.2	2228.7
193.235	2228.7
193.27	2228.7
193.3	2228.7
193.335	2228.7
193.37	2228.7
193.4	2228.7
193.435	2228.7
193.47	2228.7
193.5	2228.7
193.535	2228.7
193.57	2228.7
193.6	2228.7
193.635	2228.7
193.67	2228.7
193.7	2228.7
193.735	2228.7
193.77	2228.7
193.8	2228.7
193.835	2228.7
193.87	2228.7
193.9	2228.7
193.935	2228.7
193.97	2228.7
194	2228.7
194.035	2228.7
194.07	2228.7
194.1	2228.7
194.135	2228.7
194.17	2228.7
194.2	2228.7
194.235	2228.7
194.27	2228.7
194.3	2228.7
194.335	2228.7
194.37	2228.7
194.4	2228.7
194.435	2228.7
194.47	2228.7
194.5	2228.7
194.535	2228.7
194.57	2228.7
194.6	2228.7
194.635	2228.7
194.67	2228.7
194.7	2228.7
194.735	2228.7
194.77	2228.7
194.8	2228.7
194.835	2228.7
194.87	2228.7
194.9	2228.7
194.935	2228.7
194.97	2228.7
195	2228.7
195.035	2228.7
195.07	2228.7
195.1	2228.7
195.135	2228.7
195.17	2228.7
195.2	2228.7
195.235	2228.7
195.27	2228.7
195.3	2228.7
195.335	2228.7
195.37	2228.7
195.4	2228.7
195.435	2228.7
195.47	2228.7
195.5	2228.7
195.535	2228.7
195.57	2228.7
195.6	2228.7
195.635	2228.7
195.67	2228.7
195.7	2228.7
195.735	2228.7
195.77	2228.7
195.795	2228.7
195.825	2228.7
195.87	2228.7
195.9	2228.7
195.935	2228.7
195.97	2228.7
196	2228.7
196.035	2228.7
196.07	2228.7
196.1	2228.7
196.135	2228.7
196.17	2228.7
196.2	2228.7
196.235	2228.7
196.27	2228.7
196.3	2228.7
196.335	2228.7
196.37	2228.7
196.4	2228.7
196.435	2228.7
196.47	2228.7
196.5	2228.7
196.535	2228.7
196.57	2228.7
196.6	2228.7
196.635	2228.7
196.67	2228.7
196.7	2228.7
196.735	2228.7
196.77	2228.7
196.8	2228.7
196.835	2228.7
196.87	2228.7
196.9	2228.7
196.935	2228.7
196.97	2228.7
197	2228.7
197.035	2228.7
197.07	2228.7
197.1	2228.7
197.135	2228.7
197.17	2228.7
197.2	2228.7
197.235	2228.7
197.27	2228.7
197.3	2228.7
197.335	2228.7
197.37	2228.7
197.4	2228.7
197.435	2228.7
197.47	2228.7
197.5	2228.7
197.535	2228.7
197.57	2228.7
197.6	2228.7
197.635	2228.7
197.67	2228.7
197.7	2228.7
197.735	2228.7
197.77	2228.7
197.8	2228.7
197.835	2228.7
197.87	2228.7
197.9	2228.7
197.935	2228.7
197.97	2228.7
198	2228.7
198.035	2228.7
198.07	2228.7
198.1	2228.7
198.135	2228.7
198.17	2228.7
198.2	2228.7
198.235	2228.7
198.27	2228.7
198.3	2228.7
198.335	2228.7
198.37	2228.7
198.4	2228.7
198.435	2228.7
198.47	2228.7
198.5	2228.7
198.535	2228.7
198.57	2228.7
198.6	2228.7
198.635	2228.7
198.67	2228.7
198.7	2228.7
198.735	2228.7
198.77	2228.7
198.8	2228.7
198.835	2228.7
198.87	2228.7
198.9	2228.7
198.935	2228.7
198.97	2228.7
199	2228.7
199.035	2228.7
199.07	2228.7
199.1	2228.7
199.135	2228.7
199.17	2228.7
199.2	2228.7
199.235	2228.7
199.27	2228.7
199.3	2228.7
199.335	2228.7
199.37	2228.7
199.4	2228.7
199.435	2228.7
199.47	2228.7
199.5	2228.7
199.535	2228.7
199.57	2228.7
199.6	2228.7
199.635	2228.7
199.67	2228.7
199.7	2228.7
199.735	2228.7
199.77	2228.7
199.8	2228.7
199.835	2228.7
199.87	2228.7
199.9	2228.7
199.935	2228.7
199.97	2228.7
