0.035	500
0.063	500
0.113	500
0.138	1489.14
0.173	1489.14
0.203	3046.77
0.238	3046.77
0.273	3046.77
0.303	3046.77
0.338	3046.77
0.373	3046.77
0.403	3046.77
0.438	3046.77
0.473	3046.77
0.503	3046.77
0.538	3046.77
0.573	3046.77
0.603	3046.77
0.638	3046.77
0.673	3046.77
0.703	3046.77
0.738	3046.77
0.773	3046.77
0.803	3046.77
0.838	3046.77
0.873	3046.77
0.903	3046.77
0.938	3046.77
0.973	3046.77
1.003	3046.77
1.038	3046.77
1.073	3046.77
1.103	3046.77
1.138	3046.77
1.173	3046.77
1.203	3046.77
1.238	3046.77
1.273	3046.77
1.303	3046.77
1.338	3046.77
1.373	3046.77
1.403	3046.77
1.438	3046.77
1.473	3046.77
1.503	3046.77
1.538	3046.77
1.573	3046.77
1.603	3046.77
1.638	3046.77
1.673	3046.77
1.703	3046.77
1.738	3046.77
1.773	3046.77
1.803	3046.77
1.838	3046.77
1.873	3046.77
1.903	3046.77
1.938	3046.77
1.973	3046.77
2.003	3046.77
2.038	3046.77
2.073	3046.77
2.103	3046.77
2.138	3046.77
2.173	3046.77
2.203	3046.77
2.238	3046.77
2.273	3046.77
2.303	3046.77
2.338	3046.77
2.373	3046.77
2.403	3046.77
2.438	3046.77
2.473	3046.77
2.503	3046.77
2.538	3046.77
2.573	3046.77
2.603	3046.77
2.638	3046.77
2.673	3046.77
2.703	3046.77
2.738	3046.77
2.773	3046.77
2.803	3046.77
2.838	3046.77
2.873	3046.77
2.903	3046.77
2.938	3046.77
2.973	3046.77
3.003	3046.77
3.038	3046.77
3.073	3046.77
3.103	3046.77
3.138	3046.77
3.173	3046.77
3.203	3046.77
3.238	3046.77
3.273	3046.77
3.303	3046.77
3.338	3046.77
3.373	3046.77
3.403	3046.77
3.438	3046.77
3.473	3046.77
3.503	3046.77
3.538	3046.77
3.573	3046.77
3.603	3046.77
3.638	3046.77
3.673	3046.77
3.703	3046.77
3.738	3046.77
3.773	3046.77
3.803	3046.77
3.838	3046.77
3.873	3046.77
3.903	3046.77
3.938	3046.77
3.973	3046.77
4.003	3046.77
4.038	3046.77
4.073	3046.77
4.103	3046.77
4.138	3046.77
4.173	3046.77
4.203	3046.77
4.238	3046.77
4.273	3046.77
4.303	3046.77
4.338	3046.77
4.373	3046.77
4.403	3046.77
4.438	3046.77
4.473	3046.77
4.503	3046.77
4.538	3046.77
4.573	3046.77
4.603	3046.77
4.638	3046.77
4.673	3046.77
4.703	3046.77
4.738	3046.77
4.773	3046.77
4.803	3046.77
4.838	3046.77
4.873	3046.77
4.903	3046.77
4.938	3046.77
4.973	3046.77
5.003	3046.77
5.038	3046.77
5.073	3046.77
5.103	3046.77
5.138	3046.77
5.173	3046.77
5.203	3046.77
5.238	3046.77
5.273	3046.77
5.303	3046.77
5.338	3046.77
5.373	3046.77
5.403	3046.77
5.438	3046.77
5.473	3046.77
5.503	3046.77
5.538	3046.77
5.573	3046.77
5.603	3046.77
5.638	3046.77
5.673	3046.77
5.703	3046.77
5.738	3046.77
5.773	3046.77
5.803	3046.77
5.838	3046.77
5.873	3046.77
5.903	3046.77
5.938	3046.77
5.973	3046.77
6.003	3046.77
6.038	3046.77
6.073	3046.77
6.103	3046.77
6.138	3046.77
6.173	3046.77
6.203	3046.77
6.238	3046.77
6.273	3046.77
6.303	3046.77
6.338	3046.77
6.373	3046.77
6.403	3046.77
6.438	3046.77
6.473	3046.77
6.503	3046.77
6.538	3046.77
6.573	3046.77
6.603	3046.77
6.638	3046.77
6.673	3046.77
6.703	3046.77
6.738	3046.77
6.773	3046.77
6.803	3046.77
6.838	3046.77
6.873	3046.77
6.903	3046.77
6.938	3046.77
6.973	3046.77
7.003	3046.77
7.038	3046.77
7.073	3046.77
7.103	3046.77
7.138	3046.77
7.173	3046.77
7.203	3046.77
7.238	3046.77
7.273	3046.77
7.303	3046.77
7.338	3046.77
7.373	3046.77
7.403	3046.77
7.438	3046.77
7.473	3046.77
7.503	3046.77
7.538	3046.77
7.573	3046.77
7.603	3046.77
7.638	3046.77
7.673	3046.77
7.703	3046.77
7.738	3046.77
7.773	3046.77
7.803	3046.77
7.838	3046.77
7.873	3046.77
7.903	3046.77
7.938	3046.77
7.973	3046.77
8.003	3046.77
8.038	3046.77
8.073	3046.77
8.103	3046.77
8.138	3046.77
8.173	3046.77
8.203	3046.77
8.238	3046.77
8.273	3046.77
8.303	3046.77
8.338	3046.77
8.373	3046.77
8.403	3046.77
8.438	3046.77
8.473	3046.77
8.503	3046.77
8.538	3046.77
8.573	3046.77
8.603	3046.77
8.638	3046.77
8.673	3046.77
8.703	3046.77
8.738	3046.77
8.773	3046.77
8.803	3046.77
8.838	3046.77
8.873	3046.77
8.903	3046.77
8.938	3046.77
8.973	3046.77
9.003	3046.77
9.038	3046.77
9.073	3046.77
9.103	3046.77
9.138	3046.77
9.173	3046.77
9.203	3046.77
9.238	3046.77
9.273	3046.77
9.303	3046.77
9.338	3046.77
9.373	3046.77
9.403	3046.77
9.438	3046.77
9.473	3046.77
9.503	3046.77
9.538	3046.77
9.573	3046.77
9.603	3046.77
9.638	3046.77
9.673	3046.77
9.703	3046.77
9.738	3046.77
9.773	3046.77
9.803	3046.77
9.838	3046.77
9.873	3046.77
9.903	3046.77
9.938	3046.77
9.973	3046.77
10.003	3046.77
10.038	3046.77
10.073	3046.77
10.103	3046.77
10.138	3046.77
10.173	3046.77
10.203	3046.77
10.238	3046.77
10.273	3046.77
10.303	3046.77
10.338	3046.77
10.373	3046.77
10.403	3046.77
10.438	3046.77
10.473	3046.77
10.503	3046.77
10.538	3046.77
10.573	3046.77
10.603	3046.77
10.638	3046.77
10.673	3046.77
10.703	3046.77
10.738	3046.77
10.773	3046.77
10.803	3046.77
10.838	3046.77
10.873	3046.77
10.903	3046.77
10.938	3046.77
10.973	3046.77
11.003	3046.77
11.038	3046.77
11.073	3046.77
11.103	3046.77
11.138	3046.77
11.173	3046.77
11.203	3046.77
11.238	3046.77
11.273	3046.77
11.303	3046.77
11.338	3046.77
11.373	3046.77
11.403	3046.77
11.438	3046.77
11.473	3046.77
11.503	3046.77
11.538	3046.77
11.573	3046.77
11.603	3046.77
11.638	3046.77
11.673	3046.77
11.703	3046.77
11.738	3046.77
11.773	3046.77
11.803	3046.77
11.838	3046.77
11.873	3046.77
11.903	3046.77
11.938	3046.77
11.973	3046.77
12.003	3046.77
12.038	3046.77
12.073	3046.77
12.103	3046.77
12.138	3046.77
12.173	3046.77
12.203	3046.77
12.238	3046.77
12.273	3046.77
12.303	3046.77
12.338	3046.77
12.373	3046.77
12.403	3046.77
12.438	3046.77
12.473	3046.77
12.503	3046.77
12.538	3046.77
12.573	3046.77
12.603	3046.77
12.638	3046.77
12.673	3046.77
12.703	3046.77
12.738	3046.77
12.773	3046.77
12.803	3046.77
12.838	3046.77
12.873	3046.77
12.903	3046.77
12.938	3046.77
12.973	3046.77
13.003	3046.77
13.038	3046.77
13.073	3046.77
13.103	3046.77
13.138	3046.77
13.173	3046.77
13.203	3046.77
13.238	3046.77
13.273	3046.77
13.303	3046.77
13.338	3046.77
13.373	3046.77
13.403	3046.77
13.438	3046.77
13.473	3046.77
13.503	3046.77
13.538	3046.77
13.573	3046.77
13.603	3046.77
13.638	3046.77
13.673	3046.77
13.703	3046.77
13.738	3046.77
13.773	3046.77
13.803	3046.77
13.838	3046.77
13.873	3046.77
13.903	3046.77
13.938	3046.77
13.973	3046.77
14.003	3046.77
14.038	3046.77
14.073	3046.77
14.103	3046.77
14.138	3046.77
14.173	3046.77
14.203	3046.77
14.238	3046.77
14.273	3046.77
14.303	3046.77
14.338	3046.77
14.373	3046.77
14.403	3046.77
14.438	3046.77
14.473	3046.77
14.503	3046.77
14.538	3046.77
14.573	3046.77
14.603	3046.77
14.638	3046.77
14.673	3046.77
14.703	3046.77
14.738	3046.77
14.773	3046.77
14.803	3046.77
14.838	3046.77
14.873	3046.77
14.903	3046.77
14.938	3046.77
14.973	3046.77
15.003	3046.77
15.038	3046.77
15.073	3046.77
15.103	3046.77
15.138	3046.77
15.173	3046.77
15.203	3046.77
15.238	3046.77
15.273	3046.77
15.303	3046.77
15.338	3046.77
15.373	3046.77
15.403	3046.77
15.438	3046.77
15.473	3046.77
15.503	3046.77
15.538	3046.77
15.573	3046.77
15.603	3046.77
15.638	3046.77
15.673	3046.77
15.703	3046.77
15.738	3046.77
15.773	3046.77
15.803	3046.77
15.838	3046.77
15.873	3046.77
15.903	3046.77
15.938	3046.77
15.973	3046.77
16.003	3046.77
16.038	3046.77
16.073	3046.77
16.103	3046.77
16.138	3046.77
16.173	3046.77
16.203	3046.77
16.238	3046.77
16.273	3046.77
16.303	3046.77
16.338	3046.77
16.373	3046.77
16.403	3046.77
16.438	3046.77
16.473	3046.77
16.503	3046.77
16.538	3046.77
16.573	3046.77
16.603	3046.77
16.638	3046.77
16.673	3046.77
16.703	3046.77
16.738	3046.77
16.768	3046.77
16.803	3046.77
16.838	3046.77
16.868	3046.77
16.903	3046.77
16.938	3046.77
16.968	3046.77
17.003	3046.77
17.038	3046.77
17.068	3046.77
17.103	3046.77
17.138	3046.77
17.168	3046.77
17.203	3046.77
17.238	3046.77
17.268	3046.77
17.303	3046.77
17.338	3046.77
17.368	3046.77
17.403	3046.77
17.438	3046.77
17.468	3046.77
17.503	3046.77
17.538	3046.77
17.568	3046.77
17.603	3046.77
17.638	3046.77
17.668	3046.77
17.703	3046.77
17.738	3046.77
17.768	3046.77
17.803	3046.77
17.838	3046.77
17.868	3046.77
17.903	3046.77
17.938	3046.77
17.968	3046.77
18.003	3046.77
18.038	3046.77
18.068	3046.77
18.103	3046.77
18.138	3046.77
18.168	3046.77
18.203	3046.77
18.238	3046.77
18.268	3046.77
18.303	3046.77
18.338	3046.77
18.368	3046.77
18.403	3046.77
18.438	3046.77
18.468	3046.77
18.503	3046.77
18.538	3046.77
18.568	3046.77
18.603	3046.77
18.638	3046.77
18.668	3046.77
18.703	3046.77
18.738	3046.77
18.768	3046.77
18.803	3046.77
18.838	3046.77
18.868	3046.77
18.903	3046.77
18.938	3046.77
18.968	3046.77
19.003	3046.77
19.038	3046.77
19.068	3046.77
19.103	3046.77
19.138	3046.77
19.168	3046.77
19.203	3046.77
19.238	3046.77
19.268	3046.77
19.303	3046.77
19.338	3046.77
19.368	3046.77
19.403	3046.77
19.438	3046.77
19.468	3046.77
19.503	3046.77
19.538	3046.77
19.568	3046.77
19.603	3046.77
19.638	3046.77
19.668	3046.77
19.703	3046.77
19.738	3046.77
19.768	3046.77
19.803	3046.77
19.838	3046.77
19.868	3046.77
19.903	3046.77
19.938	3046.77
19.968	3046.77
20.003	3046.77
20.038	3046.77
20.068	3046.77
20.103	3046.77
20.138	3046.77
20.168	3046.77
20.203	3046.77
20.238	3046.77
20.268	3046.77
20.303	3046.77
20.338	3046.77
20.368	3046.77
20.403	3046.77
20.438	3046.77
20.468	3046.77
20.503	3046.77
20.538	3046.77
20.568	3046.77
20.603	3046.77
20.638	3046.77
20.668	3046.77
20.703	3046.77
20.738	3046.77
20.768	3046.77
20.803	3046.77
20.838	3046.77
20.868	3046.77
20.903	3046.77
20.938	3046.77
20.968	3046.77
21.003	3046.77
21.038	3046.77
21.068	3046.77
21.103	3046.77
21.138	3046.77
21.168	3046.77
21.203	3046.77
21.238	3046.77
21.268	3046.77
21.303	3046.77
21.338	3046.77
21.368	3046.77
21.403	3046.77
21.438	3046.77
21.468	3046.77
21.503	3046.77
21.538	3046.77
21.568	3046.77
21.603	3046.77
21.638	3046.77
21.668	3046.77
21.703	3046.77
21.738	3046.77
21.768	3046.77
21.803	3046.77
21.838	3046.77
21.868	3046.77
21.903	3046.77
21.938	3046.77
21.968	3046.77
22.003	3046.77
22.038	3046.77
22.068	3046.77
22.103	3046.77
22.138	3046.77
22.168	3046.77
22.203	3046.77
22.238	3046.77
22.268	3046.77
22.303	3046.77
22.338	3046.77
22.368	3046.77
22.403	3046.77
22.438	3046.77
22.468	3046.77
22.503	3046.77
22.538	3046.77
22.568	3046.77
22.603	3046.77
22.638	3046.77
22.668	3046.77
22.703	3046.77
22.738	3046.77
22.768	3046.77
22.803	3046.77
22.838	3046.77
22.868	3046.77
22.903	3046.77
22.938	3046.77
22.968	3046.77
23.003	3046.77
23.038	3046.77
23.068	3046.77
23.103	3046.77
23.138	3046.77
23.168	3046.77
23.203	3046.77
23.238	3046.77
23.268	3046.77
23.303	3046.77
23.338	3046.77
23.368	3046.77
23.403	3046.77
23.438	3046.77
23.468	3046.77
23.503	3046.77
23.538	3046.77
23.568	3046.77
23.603	3046.77
23.638	3046.77
23.668	3046.77
23.703	3046.77
23.738	3046.77
23.768	3046.77
23.803	3046.77
23.838	3046.77
23.868	3046.77
23.903	3046.77
23.938	3046.77
23.968	3046.77
24.003	3046.77
24.038	3046.77
24.068	3046.77
24.103	3046.77
24.138	3046.77
24.168	3046.77
24.203	3046.77
24.238	3046.77
24.268	3046.77
24.303	3046.77
24.338	3046.77
24.368	3046.77
24.403	3046.77
24.438	3046.77
24.468	3046.77
24.503	3046.77
24.538	3046.77
24.568	3046.77
24.603	3046.77
24.638	3046.77
24.668	3046.77
24.703	3046.77
24.738	3046.77
24.768	3046.77
24.803	3046.77
24.838	3046.77
24.868	3046.77
24.903	3046.77
24.938	3046.77
24.968	3046.77
25.003	3046.77
25.038	3046.77
25.068	3046.77
25.103	3046.77
25.138	3046.77
25.168	3046.77
25.203	3046.77
25.238	3046.77
25.268	3046.77
25.303	3046.77
25.338	3046.77
25.368	3046.77
25.403	3046.77
25.438	3046.77
25.468	3046.77
25.503	3046.77
25.538	3046.77
25.568	3046.77
25.603	3046.77
25.638	3046.77
25.668	3046.77
25.703	3046.77
25.738	3046.77
25.768	3046.77
25.803	3046.77
25.838	3046.77
25.868	3046.77
25.903	3046.77
25.938	3046.77
25.968	3046.77
26.003	3046.77
26.038	3046.77
26.068	3046.77
26.103	3046.77
26.138	3046.77
26.168	3046.77
26.203	3046.77
26.238	3046.77
26.268	3046.77
26.303	3046.77
26.338	3046.77
26.368	3046.77
26.403	3046.77
26.438	3046.77
26.468	3046.77
26.503	3046.77
26.538	3046.77
26.568	3046.77
26.603	3046.77
26.638	3046.77
26.668	3046.77
26.703	3046.77
26.738	3046.77
26.768	3046.77
26.803	3046.77
26.838	3046.77
26.868	3046.77
26.903	3046.77
26.938	3046.77
26.968	3046.77
27.003	3046.77
27.038	3046.77
27.068	3046.77
27.103	3046.77
27.138	3046.77
27.168	3046.77
27.203	3046.77
27.238	3046.77
27.268	3046.77
27.303	3046.77
27.338	3046.77
27.368	3046.77
27.403	3046.77
27.438	3046.77
27.468	3046.77
27.503	3046.77
27.538	3046.77
27.568	3046.77
27.603	3046.77
27.638	3046.77
27.668	3046.77
27.703	3046.77
27.738	3046.77
27.768	3046.77
27.803	3046.77
27.838	3046.77
27.868	3046.77
27.903	3046.77
27.938	3046.77
27.968	3046.77
28.003	3046.77
28.038	3046.77
28.068	3046.77
28.103	3046.77
28.138	3046.77
28.168	3046.77
28.203	3046.77
28.238	3046.77
28.268	3046.77
28.303	3046.77
28.338	3046.77
28.368	3046.77
28.403	3046.77
28.438	3046.77
28.468	3046.77
28.503	3046.77
28.538	3046.77
28.568	3046.77
28.603	3046.77
28.638	3046.77
28.668	3046.77
28.703	3046.77
28.738	3046.77
28.768	3046.77
28.803	3046.77
28.838	3046.77
28.868	3046.77
28.903	3046.77
28.938	3046.77
28.968	3046.77
29.003	3046.77
29.038	3046.77
29.068	3046.77
29.103	3046.77
29.138	3046.77
29.168	3046.77
29.203	3046.77
29.238	3046.77
29.268	3046.77
29.303	3046.77
29.338	3046.77
29.368	3046.77
29.403	3046.77
29.438	3046.77
29.468	3046.77
29.503	3046.77
29.538	3046.77
29.568	3046.77
29.603	3046.77
29.638	3046.77
29.668	3046.77
29.703	3046.77
29.738	3046.77
29.768	3046.77
29.803	3046.77
29.838	3046.77
29.868	3046.77
29.903	3046.77
29.938	3046.77
29.968	3046.77
30.003	3046.77
30.038	3046.77
30.068	3046.77
30.103	3046.77
30.138	3046.77
30.168	3046.77
30.203	3046.77
30.238	3046.77
30.268	3046.77
30.303	3046.77
30.338	3046.77
30.368	3046.77
30.403	3046.77
30.438	3046.77
30.468	3046.77
30.503	3046.77
30.538	3046.77
30.568	3046.77
30.603	3046.77
30.638	3046.77
30.668	3046.77
30.703	3046.77
30.738	3046.77
30.768	3046.77
30.803	3046.77
30.838	3046.77
30.868	3046.77
30.903	3046.77
30.938	3046.77
30.968	3046.77
31.003	3046.77
31.038	3046.77
31.068	3046.77
31.103	3046.77
31.138	3046.77
31.168	3046.77
31.203	3046.77
31.238	3046.77
31.268	3046.77
31.303	3046.77
31.338	3046.77
31.368	3046.77
31.403	3046.77
31.438	3046.77
31.468	3046.77
31.503	3046.77
31.538	3046.77
31.568	3046.77
31.603	3046.77
31.638	3046.77
31.668	3046.77
31.703	3046.77
31.738	3046.77
31.768	3046.77
31.803	3046.77
31.838	3046.77
31.868	3046.77
31.903	3046.77
31.938	3046.77
31.968	3046.77
32.003	3046.77
32.038	3046.77
32.068	3046.77
32.103	3046.77
32.138	3046.77
32.168	3046.77
32.203	3046.77
32.238	3046.77
32.268	3046.77
32.303	3046.77
32.338	3046.77
32.368	3046.77
32.403	3046.77
32.438	3046.77
32.468	3046.77
32.503	3046.77
32.538	3046.77
32.568	3046.77
32.603	3046.77
32.638	3046.77
32.668	3046.77
32.703	3046.77
32.738	3046.77
32.768	3046.77
32.803	3046.77
32.838	3046.77
32.868	3046.77
32.903	3046.77
32.938	3046.77
32.968	3046.77
33.003	3046.77
33.038	3046.77
33.068	3046.77
33.103	3046.77
33.138	3046.77
33.168	3046.77
33.203	3046.77
33.238	3046.77
33.268	3046.77
33.303	3046.77
33.338	3046.77
33.368	3046.77
33.403	3046.77
33.438	3046.77
33.468	3046.77
33.503	3046.77
33.538	3046.77
33.568	3046.77
33.603	3046.77
33.638	3046.77
33.668	3046.77
33.703	3046.77
33.738	3046.77
33.768	3046.77
33.803	3046.77
33.838	3046.77
33.868	3046.77
33.903	3046.77
33.938	3046.77
33.968	3046.77
34.003	3046.77
34.038	3046.77
34.068	3046.77
34.103	3046.77
34.138	3046.77
34.168	3046.77
34.203	3046.77
34.238	3046.77
34.268	3046.77
34.303	3046.77
34.338	3046.77
34.368	3046.77
34.403	3046.77
34.438	3046.77
34.468	3046.77
34.503	3046.77
34.538	3046.77
34.568	3046.77
34.603	3046.77
34.638	3046.77
34.668	3046.77
34.703	3046.77
34.738	3046.77
34.768	3046.77
34.803	3046.77
34.838	3046.77
34.868	3046.77
34.903	3046.77
34.938	3046.77
34.968	3046.77
35.003	3046.77
35.038	3046.77
35.068	3046.77
35.103	3046.77
35.138	3046.77
35.168	3046.77
35.203	3046.77
35.238	3046.77
35.268	3046.77
35.303	3046.77
35.338	3046.77
35.368	3046.77
35.403	3046.77
35.438	3046.77
35.468	3046.77
35.503	3046.77
35.538	3046.77
35.568	3046.77
35.603	3046.77
35.638	3046.77
35.668	3046.77
35.703	3046.77
35.738	3046.77
35.768	3046.77
35.803	3046.77
35.838	3046.77
35.868	3046.77
35.903	3046.77
35.938	3046.77
35.968	3046.77
36.003	3046.77
36.038	3046.77
36.068	3046.77
36.103	3046.77
36.138	3046.77
36.168	3046.77
36.203	3046.77
36.238	3046.77
36.268	3046.77
36.303	3046.77
36.338	3046.77
36.368	3046.77
36.403	3046.77
36.438	3046.77
36.468	3046.77
36.503	3046.77
36.538	3046.77
36.568	3046.77
36.603	3046.77
36.638	3046.77
36.668	3046.77
36.703	3046.77
36.738	3046.77
36.768	3046.77
36.803	3046.77
36.838	3046.77
36.868	3046.77
36.903	3046.77
36.938	3046.77
36.968	3046.77
37.003	3046.77
37.038	3046.77
37.068	3046.77
37.103	3046.77
37.138	3046.77
37.168	3046.77
37.203	3046.77
37.238	3046.77
37.268	3046.77
37.303	3046.77
37.338	3046.77
37.368	3046.77
37.403	3046.77
37.438	3046.77
37.468	3046.77
37.503	3046.77
37.538	3046.77
37.568	3046.77
37.603	3046.77
37.638	3046.77
37.668	3046.77
37.703	3046.77
37.738	3046.77
37.768	3046.77
37.803	3046.77
37.838	3046.77
37.868	3046.77
37.903	3046.77
37.938	3046.77
37.968	3046.77
38.003	3046.77
38.038	3046.77
38.068	3046.77
38.103	3046.77
38.138	3046.77
38.168	3046.77
38.203	3046.77
38.238	3046.77
38.268	3046.77
38.303	3046.77
38.338	3046.77
38.368	3046.77
38.403	3046.77
38.438	3046.77
38.468	3046.77
38.503	3046.77
38.538	3046.77
38.568	3046.77
38.603	3046.77
38.638	3046.77
38.668	3046.77
38.703	3046.77
38.738	3046.77
38.768	3046.77
38.803	3046.77
38.838	3046.77
38.868	3046.77
38.903	3046.77
38.938	3046.77
38.968	3046.77
39.003	3046.77
39.038	3046.77
39.068	3046.77
39.103	3046.77
39.138	3046.77
39.168	3046.77
39.203	3046.77
39.238	3046.77
39.268	3046.77
39.303	3046.77
39.338	3046.77
39.368	3046.77
39.403	3046.77
39.438	3046.77
39.468	3046.77
39.503	3046.77
39.538	3046.77
39.568	3046.77
39.603	3046.77
39.638	3046.77
39.668	3046.77
39.703	3046.77
39.738	3046.77
39.768	3046.77
39.803	3046.77
39.838	3046.77
39.868	3046.77
39.903	3046.77
39.938	3046.77
39.968	3046.77
40.003	3046.77
40.038	3046.77
40.068	3046.77
40.103	3046.77
40.138	3046.77
40.168	3046.77
40.203	3046.77
40.238	3046.77
40.268	3046.77
40.303	3046.77
40.338	3046.77
40.368	3046.77
40.403	3046.77
40.438	3046.77
40.468	3046.77
40.503	3046.77
40.538	3046.77
40.568	3046.77
40.603	3046.77
40.638	3046.77
40.668	3046.77
40.703	3046.77
40.738	3046.77
40.768	3046.77
40.803	3046.77
40.838	3046.77
40.868	3046.77
40.903	3046.77
40.938	3046.77
40.968	3046.77
41.003	3046.77
41.038	3046.77
41.068	3046.77
41.103	3046.77
41.138	3046.77
41.168	3046.77
41.203	3046.77
41.238	3046.77
41.268	3046.77
41.303	3046.77
41.338	3046.77
41.368	3046.77
41.403	3046.77
41.438	3046.77
41.468	3046.77
41.503	3046.77
41.538	3046.77
41.568	3046.77
41.603	3046.77
41.638	3046.77
41.668	3046.77
41.703	3046.77
41.738	3046.77
41.768	3046.77
41.803	3046.77
41.838	3046.77
41.868	3046.77
41.903	3046.77
41.938	3046.77
41.968	3046.77
42.003	3046.77
42.038	3046.77
42.068	3046.77
42.103	3046.77
42.138	3046.77
42.168	3046.77
42.203	3046.77
42.238	3046.77
42.268	3046.77
42.303	3046.77
42.338	3046.77
42.368	3046.77
42.403	3046.77
42.438	3046.77
42.468	3046.77
42.503	3046.77
42.538	3046.77
42.568	3046.77
42.603	3046.77
42.638	3046.77
42.668	3046.77
42.703	3046.77
42.738	3046.77
42.768	3046.77
42.803	3046.77
42.838	3046.77
42.868	3046.77
42.903	3046.77
42.938	3046.77
42.968	3046.77
43.003	3046.77
43.038	3046.77
43.068	3046.77
43.103	3046.77
43.138	3046.77
43.168	3046.77
43.203	3046.77
43.238	3046.77
43.268	3046.77
43.303	3046.77
43.338	3046.77
43.368	3046.77
43.403	3046.77
43.438	3046.77
43.468	3046.77
43.503	3046.77
43.538	3046.77
43.568	3046.77
43.603	3046.77
43.638	3046.77
43.668	3046.77
43.703	3046.77
43.738	3046.77
43.768	3046.77
43.803	3046.77
43.838	3046.77
43.868	3046.77
43.903	3046.77
43.938	3046.77
43.968	3046.77
44.003	3046.77
44.038	3046.77
44.068	3046.77
44.103	3046.77
44.138	3046.77
44.168	3046.77
44.203	3046.77
44.238	3046.77
44.268	3046.77
44.303	3046.77
44.338	3046.77
44.368	3046.77
44.403	3046.77
44.438	3046.77
44.468	3046.77
44.503	3046.77
44.538	3046.77
44.568	3046.77
44.603	3046.77
44.638	3046.77
44.668	3046.77
44.703	3046.77
44.738	3046.77
44.768	3046.77
44.803	3046.77
44.838	3046.77
44.868	3046.77
44.903	3046.77
44.938	3046.77
44.968	3046.77
45.003	3046.77
45.038	3046.77
45.068	3046.77
45.103	3046.77
45.138	3046.77
45.168	3046.77
45.203	3046.77
45.238	3046.77
45.268	3046.77
45.303	3046.77
45.338	3046.77
45.368	3046.77
45.403	3046.77
45.438	3046.77
45.468	3046.77
45.503	3046.77
45.538	3046.77
45.568	3046.77
45.603	3046.77
45.638	3046.77
45.668	3046.77
45.703	3046.77
45.738	3046.77
45.768	3046.77
45.803	3046.77
45.838	3046.77
45.868	3046.77
45.903	3046.77
45.938	3046.77
45.968	3046.77
46.003	3046.77
46.038	3046.77
46.068	3046.77
46.103	3046.77
46.138	3046.77
46.168	3046.77
46.203	3046.77
46.238	3046.77
46.268	3046.77
46.303	3046.77
46.338	3046.77
46.368	3046.77
46.403	3046.77
46.438	3046.77
46.468	3046.77
46.503	3046.77
46.538	3046.77
46.568	3046.77
46.603	3046.77
46.638	3046.77
46.668	3046.77
46.703	3046.77
46.738	3046.77
46.768	3046.77
46.803	3046.77
46.838	3046.77
46.868	3046.77
46.903	3046.77
46.938	3046.77
46.968	3046.77
47.003	3046.77
47.038	3046.77
47.068	3046.77
47.103	3046.77
47.138	3046.77
47.168	3046.77
47.203	3046.77
47.238	3046.77
47.268	3046.77
47.303	3046.77
47.338	3046.77
47.368	3046.77
47.403	3046.77
47.438	3046.77
47.468	3046.77
47.503	3046.77
47.538	3046.77
47.568	3046.77
47.603	3046.77
47.638	3046.77
47.668	3046.77
47.703	3046.77
47.738	3046.77
47.768	3046.77
47.803	3046.77
47.838	3046.77
47.868	3046.77
47.903	3046.77
47.938	3046.77
47.968	3046.77
48.003	3046.77
48.038	3046.77
48.068	3046.77
48.103	3046.77
48.138	3046.77
48.168	3046.77
48.203	3046.77
48.238	3046.77
48.268	3046.77
48.303	3046.77
48.338	3046.77
48.368	3046.77
48.403	3046.77
48.438	3046.77
48.468	3046.77
48.503	3046.77
48.538	3046.77
48.568	3046.77
48.603	3046.77
48.638	3046.77
48.668	3046.77
48.703	3046.77
48.738	3046.77
48.768	3046.77
48.803	3046.77
48.838	3046.77
48.868	3046.77
48.903	3046.77
48.938	3046.77
48.968	3046.77
49.003	3046.77
49.038	3046.77
49.068	3046.77
49.103	3046.77
49.138	3046.77
49.168	3046.77
49.203	3046.77
49.238	3046.77
49.268	3046.77
49.303	3046.77
49.338	3046.77
49.368	3046.77
49.403	3046.77
49.438	3046.77
49.468	3046.77
49.503	3046.77
49.538	3046.77
49.568	3046.77
49.603	3046.77
49.638	3046.77
49.668	3046.77
49.703	3046.77
49.738	3046.77
49.768	3046.77
49.803	3046.77
49.838	3046.77
49.868	3046.77
49.903	3046.77
49.938	3046.77
49.968	3046.77
50.003	3046.77
50.038	3046.77
50.068	3046.77
50.103	3046.77
50.138	3046.77
50.168	3046.77
50.203	3046.77
50.238	3046.77
50.268	3046.77
50.303	3046.77
50.338	3046.77
50.368	3046.77
50.403	3046.77
50.438	3046.77
50.468	3046.77
50.503	3046.77
50.538	3046.77
50.568	3046.77
50.603	3046.77
50.638	3046.77
50.668	3046.77
50.703	3046.77
50.738	3046.77
50.768	3046.77
50.803	3046.77
50.838	3046.77
50.868	3046.77
50.903	3046.77
50.938	3046.77
50.968	3046.77
51.003	3046.77
51.038	3046.77
51.068	3046.77
51.103	3046.77
51.138	3046.77
51.168	3046.77
51.203	3046.77
51.238	3046.77
51.268	3046.77
51.303	3046.77
51.338	3046.77
51.368	3046.77
51.403	3046.77
51.438	3046.77
51.468	3046.77
51.503	3046.77
51.538	3046.77
51.568	3046.77
51.603	3046.77
51.638	3046.77
51.668	3046.77
51.703	3046.77
51.738	3046.77
51.768	3046.77
51.803	3046.77
51.838	3046.77
51.868	3046.77
51.903	3046.77
51.938	3046.77
51.968	3046.77
52.003	3046.77
52.038	3046.77
52.068	3046.77
52.103	3046.77
52.138	3046.77
52.168	3046.77
52.203	3046.77
52.238	3046.77
52.268	3046.77
52.303	3046.77
52.338	3046.77
52.368	3046.77
52.403	3046.77
52.438	3046.77
52.468	3046.77
52.503	3046.77
52.538	3046.77
52.568	3046.77
52.603	3046.77
52.638	3046.77
52.668	3046.77
52.703	3046.77
52.738	3046.77
52.768	3046.77
52.803	3046.77
52.838	3046.77
52.868	3046.77
52.903	3046.77
52.938	3046.77
52.968	3046.77
53.003	3046.77
53.038	3046.77
53.068	3046.77
53.103	3046.77
53.138	3046.77
53.168	3046.77
53.203	3046.77
53.238	3046.77
53.268	3046.77
53.303	3046.77
53.338	3046.77
53.368	3046.77
53.403	3046.77
53.438	3046.77
53.468	3046.77
53.503	3046.77
53.538	3046.77
53.568	3046.77
53.603	3046.77
53.638	3046.77
53.668	3046.77
53.703	3046.77
53.738	3046.77
53.768	3046.77
53.803	3046.77
53.838	3046.77
53.868	3046.77
53.903	3046.77
53.938	3046.77
53.968	3046.77
54.003	3046.77
54.038	3046.77
54.068	3046.77
54.103	3046.77
54.138	3046.77
54.168	3046.77
54.203	3046.77
54.238	3046.77
54.268	3046.77
54.303	3046.77
54.338	3046.77
54.368	3046.77
54.403	3046.77
54.438	3046.77
54.468	3046.77
54.503	3046.77
54.538	3046.77
54.568	3046.77
54.603	3046.77
54.638	3046.77
54.668	3046.77
54.703	3046.77
54.738	3046.77
54.768	3046.77
54.803	3046.77
54.838	3046.77
54.868	3046.77
54.903	3046.77
54.938	3046.77
54.968	3046.77
55.003	3046.77
55.038	3046.77
55.068	3046.77
55.103	3046.77
55.138	3046.77
55.168	3046.77
55.203	3046.77
55.238	3046.77
55.268	3046.77
55.303	3046.77
55.338	3046.77
55.368	3046.77
55.403	3046.77
55.438	3046.77
55.468	3046.77
55.503	3046.77
55.538	3046.77
55.568	3046.77
55.603	3046.77
55.638	3046.77
55.668	3046.77
55.703	3046.77
55.738	3046.77
55.768	3046.77
55.803	3046.77
55.838	3046.77
55.868	3046.77
55.903	3046.77
55.938	3046.77
55.968	3046.77
56.003	3046.77
56.038	3046.77
56.068	3046.77
56.103	3046.77
56.138	3046.77
56.168	3046.77
56.203	3046.77
56.238	3046.77
56.268	3046.77
56.303	3046.77
56.338	3046.77
56.368	3046.77
56.403	3046.77
56.438	3046.77
56.468	3046.77
56.503	3046.77
56.538	3046.77
56.568	3046.77
56.603	3046.77
56.638	3046.77
56.668	3046.77
56.703	3046.77
56.738	3046.77
56.768	3046.77
56.803	3046.77
56.838	3046.77
56.868	3046.77
56.903	3046.77
56.938	3046.77
56.968	3046.77
57.003	3046.77
57.038	3046.77
57.068	3046.77
57.103	3046.77
57.138	3046.77
57.168	3046.77
57.203	3046.77
57.238	3046.77
57.268	3046.77
57.303	3046.77
57.338	3046.77
57.368	3046.77
57.403	3046.77
57.438	3046.77
57.468	3046.77
57.503	3046.77
57.538	3046.77
57.568	3046.77
57.603	3046.77
57.638	3046.77
57.668	3046.77
57.703	3046.77
57.738	3046.77
57.768	3046.77
57.803	3046.77
57.838	3046.77
57.868	3046.77
57.903	3046.77
57.938	3046.77
57.968	3046.77
58.003	3046.77
58.038	3046.77
58.068	3046.77
58.103	3046.77
58.138	3046.77
58.168	3046.77
58.203	3046.77
58.238	3046.77
58.268	3046.77
58.303	3046.77
58.338	3046.77
58.368	3046.77
58.403	3046.77
58.438	3046.77
58.468	3046.77
58.503	3046.77
58.538	3046.77
58.568	3046.77
58.603	3046.77
58.638	3046.77
58.668	3046.77
58.703	3046.77
58.738	3046.77
58.768	3046.77
58.803	3046.77
58.838	3046.77
58.868	3046.77
58.903	3046.77
58.938	3046.77
58.968	3046.77
59.003	3046.77
59.038	3046.77
59.068	3046.77
59.103	3046.77
59.138	3046.77
59.168	3046.77
59.203	3046.77
59.238	3046.77
59.268	3046.77
59.303	3046.77
59.338	3046.77
59.368	3046.77
59.403	3046.77
59.438	3046.77
59.468	3046.77
59.503	3046.77
59.538	3046.77
59.568	3046.77
59.603	3046.77
59.638	3046.77
59.668	3046.77
59.703	3046.77
59.738	3046.77
59.768	3046.77
59.803	3046.77
59.838	3046.77
59.868	3046.77
59.903	3046.77
59.938	3046.77
59.968	3046.77
60.003	3046.77
60.038	3046.77
60.068	3046.77
60.103	3046.77
60.138	3046.77
60.168	3046.77
60.203	3046.77
60.238	3046.77
60.268	3046.77
60.303	3046.77
60.338	3046.77
60.368	3046.77
60.403	3046.77
60.438	3046.77
60.468	3046.77
60.503	3046.77
60.538	3046.77
60.568	3046.77
60.603	3046.77
60.638	3046.77
60.668	3046.77
60.703	3046.77
60.738	3046.77
60.768	3046.77
60.803	3046.77
60.838	3046.77
60.868	3046.77
60.903	3046.77
60.938	3046.77
60.968	3046.77
61.003	3046.77
61.038	3046.77
61.068	3046.77
61.103	3046.77
61.138	3046.77
61.168	3046.77
61.203	3046.77
61.238	3046.77
61.268	3046.77
61.303	3046.77
61.338	3046.77
61.368	3046.77
61.403	3046.77
61.438	3046.77
61.468	3046.77
61.503	3046.77
61.538	3046.77
61.568	3046.77
61.603	3046.77
61.638	3046.77
61.668	3046.77
61.703	3046.77
61.738	3046.77
61.768	3046.77
61.803	3046.77
61.838	3046.77
61.868	3046.77
61.903	3046.77
61.938	3046.77
61.968	3046.77
62.003	3046.77
62.038	3046.77
62.068	3046.77
62.103	3046.77
62.138	3046.77
62.168	3046.77
62.203	3046.77
62.238	3046.77
62.268	3046.77
62.303	3046.77
62.338	3046.77
62.368	3046.77
62.403	3046.77
62.438	3046.77
62.468	3046.77
62.503	3046.77
62.538	3046.77
62.568	3046.77
62.603	3046.77
62.638	3046.77
62.668	3046.77
62.703	3046.77
62.738	3046.77
62.768	3046.77
62.803	3046.77
62.838	3046.77
62.868	3046.77
62.903	3046.77
62.938	3046.77
62.968	3046.77
63.003	3046.77
63.038	3046.77
63.068	3046.77
63.103	3046.77
63.138	3046.77
63.168	3046.77
63.203	3046.77
63.238	3046.77
63.268	3046.77
63.303	3046.77
63.338	3046.77
63.368	3046.77
63.403	3046.77
63.438	3046.77
63.468	3046.77
63.503	3046.77
63.538	3046.77
63.568	3046.77
63.603	3046.77
63.638	3046.77
63.668	3046.77
63.703	3046.77
63.738	3046.77
63.768	3046.77
63.803	3046.77
63.838	3046.77
63.868	3046.77
63.903	3046.77
63.938	3046.77
63.968	3046.77
64.003	3046.77
64.038	3046.77
64.068	3046.77
64.103	3046.77
64.138	3046.77
64.168	3046.77
64.203	3046.77
64.238	3046.77
64.268	3046.77
64.303	3046.77
64.338	3046.77
64.368	3046.77
64.403	3046.77
64.438	3046.77
64.468	3046.77
64.503	3046.77
64.538	3046.77
64.568	3046.77
64.603	3046.77
64.638	3046.77
64.668	3046.77
64.703	3046.77
64.738	3046.77
64.768	3046.77
64.803	3046.77
64.838	3046.77
64.868	3046.77
64.903	3046.77
64.938	3046.77
64.968	3046.77
65.003	3046.77
65.038	3046.77
65.068	3046.77
65.103	3046.77
65.138	3046.77
65.168	3046.77
65.203	3046.77
65.238	3046.77
65.268	3046.77
65.303	3046.77
65.338	3046.77
65.368	3046.77
65.403	3046.77
65.438	3046.77
65.468	3046.77
65.503	3046.77
65.538	3046.77
65.568	3046.77
65.603	3046.77
65.638	3046.77
65.668	3046.77
65.703	3046.77
65.738	3046.77
65.768	3046.77
65.803	3046.77
65.838	3046.77
65.868	3046.77
65.903	3046.77
65.938	3046.77
65.968	3046.77
66.003	3046.77
66.038	3046.77
66.068	3046.77
66.103	3046.77
66.138	3046.77
66.168	3046.77
66.203	3046.77
66.238	3046.77
66.268	3046.77
66.303	3046.77
66.338	3046.77
66.368	3046.77
66.403	3046.77
66.438	3046.77
66.468	3046.77
66.503	3046.77
66.538	3046.77
66.568	3046.77
66.603	3046.77
66.638	3046.77
66.668	3046.77
66.703	3046.77
66.738	3046.77
66.768	3046.77
66.803	3046.77
66.838	3046.77
66.868	3046.77
66.903	3046.77
66.938	3046.77
66.968	3046.77
67.003	3046.77
67.038	3046.77
67.068	3046.77
67.103	3046.77
67.138	3046.77
67.168	3046.77
67.203	3046.77
67.238	3046.77
67.268	3046.77
67.303	3046.77
67.338	3046.77
67.368	3046.77
67.403	3046.77
67.438	3046.77
67.468	3046.77
67.503	3046.77
67.538	3046.77
67.568	3046.77
67.603	3046.77
67.638	3046.77
67.668	3046.77
67.703	3046.77
67.738	3046.77
67.768	3046.77
67.803	3046.77
67.838	3046.77
67.868	3046.77
67.903	3046.77
67.938	3046.77
67.968	3046.77
68.003	3046.77
68.038	3046.77
68.068	3046.77
68.103	3046.77
68.138	3046.77
68.168	3046.77
68.203	3046.77
68.238	3046.77
68.268	3046.77
68.303	3046.77
68.338	3046.77
68.368	3046.77
68.403	3046.77
68.438	3046.77
68.468	3046.77
68.503	3046.77
68.538	3046.77
68.568	3046.77
68.603	3046.77
68.638	3046.77
68.668	3046.77
68.703	3046.77
68.738	3046.77
68.768	3046.77
68.803	3046.77
68.838	3046.77
68.868	3046.77
68.903	3046.77
68.938	3046.77
68.968	3046.77
69.003	3046.77
69.038	3046.77
69.068	3046.77
69.103	3046.77
69.138	3046.77
69.168	3046.77
69.203	3046.77
69.238	3046.77
69.268	3046.77
69.303	3046.77
69.338	3046.77
69.368	3046.77
69.403	3046.77
69.438	3046.77
69.468	3046.77
69.503	3046.77
69.538	3046.77
69.568	3046.77
69.603	3046.77
69.638	3046.77
69.668	3046.77
69.703	3046.77
69.738	3046.77
69.768	3046.77
69.803	3046.77
69.838	3046.77
69.868	3046.77
69.903	3046.77
69.938	3046.77
69.968	3046.77
70.003	3046.77
70.038	3046.77
70.068	3046.77
70.103	3046.77
70.138	3046.77
70.168	3046.77
70.203	3046.77
70.238	3046.77
70.268	3046.77
70.303	3046.77
70.338	3046.77
70.368	3046.77
70.403	3046.77
70.438	3046.77
70.468	3046.77
70.503	3046.77
70.538	3046.77
70.568	3046.77
70.603	3046.77
70.638	3046.77
70.668	3046.77
70.703	3046.77
70.738	3046.77
70.768	3046.77
70.803	3046.77
70.838	3046.77
70.868	3046.77
70.903	3046.77
70.938	3046.77
70.968	3046.77
71.003	3046.77
71.038	3046.77
71.068	3046.77
71.103	3046.77
71.138	3046.77
71.168	3046.77
71.203	3046.77
71.238	3046.77
71.268	3046.77
71.303	3046.77
71.338	3046.77
71.368	3046.77
71.403	3046.77
71.438	3046.77
71.468	3046.77
71.503	3046.77
71.538	3046.77
71.568	3046.77
71.603	3046.77
71.638	3046.77
71.668	3046.77
71.703	3046.77
71.738	3046.77
71.768	3046.77
71.803	3046.77
71.838	3046.77
71.868	3046.77
71.903	3046.77
71.938	3046.77
71.968	3046.77
72.003	3046.77
72.038	3046.77
72.068	3046.77
72.103	3046.77
72.138	3046.77
72.168	3046.77
72.203	3046.77
72.238	3046.77
72.268	3046.77
72.303	3046.77
72.338	3046.77
72.368	3046.77
72.403	3046.77
72.438	3046.77
72.468	3046.77
72.503	3046.77
72.538	3046.77
72.568	3046.77
72.603	3046.77
72.638	3046.77
72.668	3046.77
72.703	3046.77
72.738	3046.77
72.768	3046.77
72.803	3046.77
72.838	3046.77
72.868	3046.77
72.903	3046.77
72.938	3046.77
72.968	3046.77
73.003	3046.77
73.038	3046.77
73.068	3046.77
73.103	3046.77
73.138	3046.77
73.168	3046.77
73.203	3046.77
73.238	3046.77
73.268	3046.77
73.303	3046.77
73.338	3046.77
73.368	3046.77
73.403	3046.77
73.438	3046.77
73.468	3046.77
73.503	3046.77
73.538	3046.77
73.568	3046.77
73.603	3046.77
73.638	3046.77
73.668	3046.77
73.703	3046.77
73.738	3046.77
73.768	3046.77
73.803	3046.77
73.838	3046.77
73.868	3046.77
73.903	3046.77
73.938	3046.77
73.968	3046.77
74.003	3046.77
74.038	3046.77
74.068	3046.77
74.103	3046.77
74.138	3046.77
74.168	3046.77
74.203	3046.77
74.238	3046.77
74.268	3046.77
74.303	3046.77
74.338	3046.77
74.368	3046.77
74.403	3046.77
74.438	3046.77
74.468	3046.77
74.503	3046.77
74.538	3046.77
74.568	3046.77
74.603	3046.77
74.638	3046.77
74.668	3046.77
74.703	3046.77
74.738	3046.77
74.768	3046.77
74.803	3046.77
74.838	3046.77
74.868	3046.77
74.903	3046.77
74.938	3046.77
74.968	3046.77
75.003	3046.77
75.038	3046.77
75.068	3046.77
75.103	3046.77
75.138	3046.77
75.168	3046.77
75.203	3046.77
75.238	3046.77
75.268	3046.77
75.303	3046.77
75.338	3046.77
75.368	3046.77
75.403	3046.77
75.438	3046.77
75.468	3046.77
75.503	3046.77
75.538	3046.77
75.568	3046.77
75.603	3046.77
75.638	3046.77
75.668	3046.77
75.703	3046.77
75.738	3046.77
75.768	3046.77
75.803	3046.77
75.838	3046.77
75.868	3046.77
75.903	3046.77
75.938	3046.77
75.968	3046.77
76.003	3046.77
76.038	3046.77
76.068	3046.77
76.103	3046.77
76.138	3046.77
76.168	3046.77
76.203	3046.77
76.238	3046.77
76.268	3046.77
76.303	3046.77
76.338	3046.77
76.368	3046.77
76.403	3046.77
76.438	3046.77
76.468	3046.77
76.503	3046.77
76.538	3046.77
76.568	3046.77
76.603	3046.77
76.638	3046.77
76.668	3046.77
76.703	3046.77
76.738	3046.77
76.768	3046.77
76.803	3046.77
76.838	3046.77
76.868	3046.77
76.903	3046.77
76.938	3046.77
76.968	3046.77
77.003	3046.77
77.038	3046.77
77.068	3046.77
77.103	3046.77
77.138	3046.77
77.168	3046.77
77.203	3046.77
77.238	3046.77
77.268	3046.77
77.303	3046.77
77.338	3046.77
77.368	3046.77
77.403	3046.77
77.438	3046.77
77.468	3046.77
77.503	3046.77
77.538	3046.77
77.568	3046.77
77.603	3046.77
77.638	3046.77
77.668	3046.77
77.703	3046.77
77.738	3046.77
77.768	3046.77
77.803	3046.77
77.838	3046.77
77.868	3046.77
77.903	3046.77
77.938	3046.77
77.968	3046.77
78.003	3046.77
78.038	3046.77
78.068	3046.77
78.103	3046.77
78.138	3046.77
78.168	3046.77
78.203	3046.77
78.238	3046.77
78.268	3046.77
78.303	3046.77
78.338	3046.77
78.368	3046.77
78.403	3046.77
78.438	3046.77
78.468	3046.77
78.503	3046.77
78.538	3046.77
78.568	3046.77
78.603	3046.77
78.638	3046.77
78.668	3046.77
78.703	3046.77
78.738	3046.77
78.768	3046.77
78.803	3046.77
78.838	3046.77
78.868	3046.77
78.903	3046.77
78.938	3046.77
78.968	3046.77
79.003	3046.77
79.038	3046.77
79.068	3046.77
79.103	3046.77
79.138	3046.77
79.168	3046.77
79.203	3046.77
79.238	3046.77
79.268	3046.77
79.303	3046.77
79.338	3046.77
79.368	3046.77
79.403	3046.77
79.438	3046.77
79.468	3046.77
79.503	3046.77
79.538	3046.77
79.568	3046.77
79.603	3046.77
79.638	3046.77
79.668	3046.77
79.703	3046.77
79.738	3046.77
79.768	3046.77
79.803	3046.77
79.838	3046.77
79.868	3046.77
79.903	3046.77
79.938	3046.77
79.968	3046.77
80.003	3046.77
80.038	3046.77
80.068	3046.77
80.103	3046.77
80.138	3046.77
80.168	3046.77
80.203	3046.77
80.238	3046.77
80.268	3046.77
80.303	3046.77
80.338	3046.77
80.368	3046.77
80.403	3046.77
80.438	2343.64
80.468	2343.64
80.503	2343.64
80.528	2343.64
80.553	2343.64
80.603	2343.64
80.638	2343.64
80.668	2344.61
80.703	2345.58
80.738	2345.58
80.768	2346.55
80.803	2347.51
80.838	2347.51
80.868	2348.48
80.903	2349.44
80.938	2349.44
80.968	2349.44
81.003	2349.44
81.038	2349.44
81.068	2349.44
81.103	2349.44
81.138	2349.44
81.168	2349.44
81.203	2349.44
81.238	2349.44
81.268	2349.44
81.303	2349.44
81.338	2349.44
81.368	2349.44
81.403	2349.44
81.438	2349.44
81.468	2349.44
81.503	2349.44
81.538	2349.44
81.568	2349.44
81.603	2349.44
81.638	2349.44
81.668	2349.44
81.703	2349.44
81.738	2349.44
81.768	2349.44
81.803	2349.44
81.838	2349.44
81.868	2349.44
81.903	2349.44
81.938	2349.44
81.968	2349.44
82.003	2365.74
82.038	2365.74
82.068	2366.71
82.103	2367.68
82.138	2367.68
82.168	2368.65
82.203	2369.63
82.238	2369.63
82.268	2370.61
82.303	2371.59
82.338	2371.59
82.368	2372.57
82.403	2373.55
82.438	2373.55
82.468	2374.53
82.503	2375.51
82.538	2375.51
82.568	2376.49
82.603	2377.48
82.638	2377.48
82.668	2378.47
82.703	2379.45
82.738	2379.45
82.768	2380.43
82.803	2381.42
82.838	2381.42
82.868	2382.4
82.903	2383.38
82.938	2383.38
82.968	2384.36
83.003	2385.33
83.038	2385.33
83.068	2386.31
83.103	2387.28
83.138	2387.28
83.168	2388.26
83.203	2389.21
83.238	2389.21
83.268	2390.2
83.303	2391.14
83.338	2391.14
83.368	2392.13
83.403	2393.07
83.438	2393.07
83.468	2394.05
83.503	2395.01
83.538	2395.01
83.568	2395.97
83.603	2396.93
83.638	2396.93
83.668	2397.89
83.703	2398.84
83.738	2398.84
83.768	2399.8
83.803	2400.75
83.838	2400.75
83.868	2401.7
83.903	2402.66
83.938	2402.66
83.968	2403.61
84.003	2404.57
84.038	2404.57
84.068	2405.52
84.103	2405.52
84.138	2405.52
84.168	2405.52
84.203	2405.52
84.238	2405.52
84.268	2405.52
84.303	2405.52
84.338	2405.52
84.368	2405.52
84.403	2405.52
84.438	2405.52
84.468	2405.52
84.503	2405.52
84.538	2405.52
84.568	2405.52
84.603	2405.52
84.638	2405.52
84.668	2405.52
84.703	2405.52
84.738	2405.52
84.768	2405.52
84.803	2405.52
84.838	2405.52
84.868	2405.52
84.903	2405.52
84.938	2405.52
84.968	2405.52
85.003	2405.52
85.038	2405.52
85.068	2405.52
85.103	2405.52
85.138	2405.52
85.168	2405.52
85.203	2405.52
85.238	2405.52
85.268	2405.52
85.303	2405.52
85.338	2405.52
85.368	2405.52
85.403	2405.52
85.438	2405.52
85.468	2405.52
85.503	2405.52
85.538	2405.52
85.568	2405.52
85.603	2405.52
85.638	2405.52
85.668	2405.52
85.703	2405.52
85.738	2405.52
85.768	2405.52
85.803	2405.52
85.838	2405.52
85.868	2405.52
85.903	2405.52
85.938	2405.52
85.968	2405.52
86.003	2405.52
86.038	2405.52
86.068	2405.52
86.103	2405.52
86.138	2405.52
86.168	2405.52
86.193	2445.79
86.238	2446.75
86.268	2447.72
86.303	2448.67
86.338	2448.67
86.368	2449.66
86.403	2450.63
86.438	2450.63
86.468	2451.6
86.503	2452.57
86.528	2452.57
86.568	2453.54
86.603	2454.51
86.638	2454.51
86.668	2455.48
86.703	2456.45
86.738	2456.45
86.768	2457.42
86.793	2457.42
86.823	2458.39
86.848	2458.39
86.873	2459.36
86.903	2460.34
86.938	2460.34
86.968	2461.31
86.993	2461.31
87.038	2462.28
87.068	2463.26
87.103	2464.23
87.138	2464.23
87.168	2465.21
87.203	2466.18
87.238	2336.13
87.268	2336.13
87.303	2336.13
87.338	2336.13
87.368	2336.13
87.403	2336.13
87.438	2336.13
87.468	2336.13
87.503	2336.13
87.538	2336.13
87.568	2336.13
87.603	2336.13
87.638	2336.13
87.668	2336.13
87.703	2336.13
87.738	2336.13
87.768	2336.13
87.803	2336.13
87.838	2336.13
87.868	2336.13
87.903	2336.13
87.938	2336.13
87.968	2336.13
88.003	2336.13
88.038	2336.13
88.068	2336.13
88.103	2336.13
88.138	2336.13
88.168	2336.13
88.203	2336.13
88.238	2336.13
88.268	2336.13
88.303	2484.98
88.338	2484.98
88.368	2486
88.403	2487.01
88.438	2487.01
88.468	2488.03
88.503	2489.05
88.538	2489.05
88.568	2490.07
88.603	2491.09
88.638	2491.09
88.668	2492.11
88.703	2493.13
88.738	2493.13
88.768	2494.15
88.803	2495.18
88.838	2495.18
88.868	2496.2
88.903	2497.22
88.938	2497.22
88.968	2498.24
89.003	2499.26
89.038	2499.26
89.068	2500.29
89.103	2501.31
89.138	2501.31
89.168	2502.33
89.193	2502.33
89.218	2503.35
89.243	2503.35
89.268	2504.38
89.303	2505.39
89.338	2505.39
89.368	2505.39
89.403	2505.39
89.433	2505.39
89.468	2505.39
89.493	2505.39
89.538	2505.39
89.568	2505.39
89.593	2505.39
89.618	2505.39
89.643	2505.39
89.668	2505.39
89.693	2505.39
89.718	2505.39
89.743	2505.39
89.768	2505.39
89.803	2505.39
89.838	2505.39
89.868	2505.39
89.903	2505.39
89.938	2505.39
89.968	2505.39
90.003	2505.39
90.038	2505.39
90.068	2505.39
90.103	2505.39
90.138	2505.39
90.168	2505.39
90.203	2505.39
90.238	2505.39
90.268	2505.39
90.303	2505.39
90.338	2505.39
90.368	2505.39
90.403	2505.39
90.438	2505.39
90.468	2505.39
90.503	2505.39
90.538	2505.39
90.568	2505.39
90.603	2505.39
90.638	2505.39
90.668	2505.39
90.703	2505.39
90.738	2505.39
90.768	2505.39
90.803	2505.39
90.838	2505.39
90.868	2505.39
90.903	2505.39
90.938	2505.39
90.968	2505.39
91.003	2505.39
91.038	2505.39
91.068	2505.39
91.103	2505.39
91.138	2505.39
91.168	2505.39
91.203	2505.39
91.238	2505.39
91.268	2505.39
91.303	2505.39
91.338	2505.39
91.368	2505.39
91.393	2505.39
91.423	2505.39
91.448	2505.39
91.473	2505.39
91.503	2505.39
91.538	2505.39
91.568	2505.39
91.593	2505.39
91.638	2505.39
91.668	2505.39
91.693	2505.39
91.723	2505.39
91.748	2505.39
91.773	2505.39
91.803	2505.39
91.833	2505.39
91.868	2505.39
91.903	2505.39
91.938	2505.39
91.968	2505.39
92.003	2505.39
92.038	2505.39
92.068	2505.39
92.098	2505.39
92.138	2505.39
92.168	2505.39
92.203	2505.39
92.228	2505.39
92.268	2505.39
92.303	2505.39
92.338	2505.39
92.368	2505.39
92.403	2505.39
92.438	2505.39
92.468	2505.39
92.503	2343.91
92.538	2343.91
92.568	2343.91
92.603	2343.91
92.638	2343.91
92.668	2343.91
92.703	2343.91
92.738	2343.91
92.768	2343.91
92.803	2343.91
92.838	2343.91
92.868	2343.91
92.903	2343.91
92.938	2343.91
92.968	2343.91
93.003	2343.91
93.038	2343.91
93.068	2343.91
93.103	2343.91
93.138	2343.91
93.168	2343.91
93.203	2343.91
93.238	2343.91
93.268	2343.91
93.303	2343.91
93.338	2343.91
93.368	2343.91
93.403	2343.91
93.438	2343.91
93.468	2343.91
93.503	2343.91
93.538	2532.42
93.568	2532.42
93.603	2532.42
93.638	2532.42
93.668	2532.42
93.703	2532.42
93.738	2532.42
93.768	2532.42
93.803	2532.42
93.838	2532.42
93.868	2532.42
93.903	2532.42
93.938	2532.42
93.968	2532.42
94.003	2532.42
94.038	2532.42
94.068	2532.42
94.103	2532.42
94.138	2532.42
94.168	2532.42
94.203	2532.42
94.228	2532.42
94.253	2532.42
94.278	2532.42
94.303	2532.42
94.338	2532.42
94.368	2532.42
94.403	2532.42
94.438	2532.42
94.468	2532.42
94.503	2532.42
94.538	2532.42
94.568	2607.89
94.603	2607.89
94.638	2607.89
94.668	2607.89
94.703	2607.89
94.738	2607.89
94.768	2607.89
94.803	2607.89
94.838	2607.89
94.868	2607.89
94.903	2607.89
94.938	2607.89
94.968	2607.89
95.003	2607.89
95.038	2607.89
95.068	2607.89
95.103	2607.89
95.138	2607.89
95.168	2607.89
95.203	2607.89
95.238	2607.89
95.268	2607.89
95.303	2607.89
95.338	2607.89
95.368	2607.89
95.403	2607.89
95.438	2607.89
95.468	2607.89
95.503	2607.89
95.538	2607.89
95.568	2607.89
95.603	2607.89
95.638	2624.22
95.668	2625.22
95.703	2626.18
95.738	2626.18
95.768	2627.18
95.803	2628.14
95.838	2628.14
95.868	2629.15
95.903	2630.11
95.938	2630.11
95.968	2631.13
96.003	2632.1
96.038	2632.1
96.068	2633.11
96.103	2634.09
96.138	2634.09
96.168	2635.11
96.203	2636.09
96.238	2636.09
96.268	2637.11
96.303	2638.1
96.338	2638.1
96.368	2639.12
96.403	2640.1
96.438	2640.1
96.468	2641.13
96.503	2642.11
96.538	2642.11
96.568	2643.14
96.603	2644.12
96.638	2644.12
96.668	2645.15
96.703	2646.14
96.738	2646.14
96.768	2647.16
96.803	2648.15
96.838	2648.15
96.868	2649.18
96.903	2650.16
96.938	2650.16
96.968	2651.19
97.003	2652.18
97.038	2652.18
97.068	2653.21
97.103	2654.2
97.138	2654.2
97.168	2655.23
97.203	2656.22
97.238	2656.22
97.268	2657.25
97.303	2658.24
97.338	2658.24
97.368	2659.27
97.403	2660.26
97.438	2660.26
97.468	2661.29
97.503	2662.28
97.538	2662.28
97.568	2663.32
97.603	2664.31
97.638	2664.31
97.668	2665.34
97.703	2666.34
97.738	2666.34
97.768	2667.37
97.803	2668.37
97.838	2668.37
97.868	2669.4
97.903	2670.4
97.938	2670.4
97.968	2671.43
98.003	2672.43
98.038	2672.43
98.068	2673.47
98.103	2674.46
98.138	2674.46
98.168	2675.5
98.203	2676.5
98.238	2676.5
98.268	2677.53
98.303	2678.53
98.338	2678.53
98.368	2679.57
98.403	2680.57
98.438	2680.57
98.468	2681.61
98.503	2682.61
98.538	2682.61
98.568	2683.65
98.603	2684.65
98.638	2684.65
98.668	2685.69
98.703	2686.69
98.738	2686.69
98.768	2687.74
98.803	2688.74
98.838	2688.74
98.868	2689.78
98.903	2690.78
98.938	2690.78
98.968	2691.83
99.003	2692.83
99.038	2692.83
99.068	2693.88
99.103	2694.88
99.138	2694.88
99.168	2695.93
99.203	2696.93
99.238	2696.93
99.268	2697.97
99.303	2698.96
99.338	2698.96
99.368	2700
99.403	2701
99.438	2701
99.468	2702.03
99.503	2703.03
99.538	2703.03
99.568	2704.06
99.603	2705.05
99.638	2705.05
99.668	2706.08
99.703	2707.07
99.738	2707.07
99.768	2708.09
99.803	2709.07
99.838	2709.07
99.868	2710.1
99.903	2711.08
99.938	2711.08
99.968	2712.1
100.003	2713.07
100.038	2713.07
100.068	2714.09
100.103	2715.06
100.138	2715.06
100.168	2716.07
100.203	2717.04
100.238	2717.04
100.268	2718.04
100.293	2718.04
100.338	2719.01
100.368	2720.02
100.393	2720.02
100.438	2720.98
100.468	2721.98
100.503	2722.95
100.528	2722.95
100.568	2723.94
100.603	2724.9
100.638	2724.9
100.668	2725.9
100.703	2726.85
100.738	2726.85
100.768	2727.85
100.793	2727.85
100.838	2728.8
100.868	2729.8
100.903	2729.8
100.938	2729.8
100.968	2729.8
100.993	2729.8
101.023	2729.8
101.048	2729.8
101.073	2729.8
101.103	2729.8
101.128	2729.8
101.168	2729.8
101.203	2729.8
101.228	2729.8
101.268	2729.8
101.303	2729.8
101.338	2729.8
101.368	2729.8
101.403	2729.8
101.438	2729.8
101.468	2729.8
101.503	2729.8
101.538	2729.8
101.568	2729.8
101.603	2729.8
101.638	2729.8
101.668	2729.8
101.703	2729.8
101.738	2729.8
101.768	2729.8
101.803	2729.8
101.838	2729.8
101.868	2729.8
101.903	2729.8
101.938	2729.8
101.968	2729.8
102.003	2729.8
102.038	2729.8
102.068	2729.8
102.103	2729.8
102.138	2729.8
102.168	2729.8
102.203	2729.8
102.238	2729.8
102.268	2729.8
102.303	2729.8
102.338	2729.8
102.368	2729.8
102.403	2729.8
102.438	2729.8
102.468	2729.8
102.503	2729.8
102.538	2729.8
102.568	2729.8
102.603	2729.8
102.628	2729.8
102.653	2729.8
102.678	2729.8
102.703	2729.8
102.728	2729.8
102.768	2729.8
102.793	2729.8
102.833	2729.8
102.858	2729.8
102.883	2729.8
102.908	2729.8
102.938	2729.8
102.968	2729.8
103.003	2729.8
103.038	2729.8
103.068	2729.8
103.093	2729.8
103.128	2729.8
103.153	2729.8
103.203	2729.8
103.238	2729.8
103.268	2729.8
103.303	2729.8
103.338	2729.8
103.368	2729.8
103.403	2729.8
103.438	2729.8
103.468	2729.8
103.503	2729.8
103.538	2729.8
103.568	2729.8
103.603	2729.8
103.638	2729.8
103.668	2729.8
103.703	2729.8
103.738	2729.8
103.768	2729.8
103.803	2729.8
103.838	2729.8
103.868	2729.8
103.903	2729.8
103.938	2729.8
103.968	2729.8
104.003	2729.8
104.038	2729.8
104.068	2729.8
104.103	2729.8
104.138	2729.8
104.168	2729.8
104.203	2729.8
104.238	2729.8
104.268	2729.8
104.303	2729.8
104.338	2729.8
104.368	2729.8
104.403	2729.8
104.438	2729.8
104.468	2729.8
104.503	2729.8
104.538	2729.8
104.568	2729.8
104.603	2729.8
104.638	2729.8
104.668	2729.8
104.703	2729.8
104.738	2729.8
104.768	2729.8
104.803	2729.8
104.838	2729.8
104.868	2729.8
104.903	2729.8
104.938	2729.8
104.968	2729.8
105.003	2729.8
105.038	2729.8
105.068	2729.8
105.103	2729.8
105.138	2729.8
105.168	2729.8
105.203	2729.8
105.238	2729.8
105.268	2729.8
105.303	2729.8
105.338	2729.8
105.368	2729.8
105.403	2729.8
105.438	2729.8
105.468	2729.8
105.503	2729.8
105.538	2729.8
105.568	2729.8
105.603	2729.8
105.638	2729.8
105.668	2729.8
105.703	2729.8
105.738	2729.8
105.768	2729.8
105.803	2729.8
105.838	2729.8
105.868	2729.8
105.903	2729.8
105.938	2729.8
105.968	2729.8
106.003	2729.8
106.038	2729.8
106.068	2729.8
106.103	2729.8
106.138	2949.18
106.168	2949.18
106.203	2949.18
106.238	2949.18
106.268	2949.18
106.303	2949.18
106.338	2949.18
106.368	2949.18
106.403	2949.18
106.438	2949.18
106.468	2949.18
106.503	2949.18
106.538	2949.18
106.568	2949.18
106.603	2949.18
106.638	2949.18
106.668	2949.18
106.703	2949.18
106.738	2949.18
106.768	2949.18
106.803	2949.18
106.838	2949.18
106.868	2949.18
106.893	2949.18
106.923	2949.18
106.948	2949.18
106.973	2949.18
106.998	2949.18
107.028	2949.18
107.068	2949.18
107.093	2949.18
107.138	2949.18
107.168	3046.77
107.203	2880.15
107.238	2880.15
107.268	2880.15
107.303	2880.15
107.338	2880.15
107.368	2880.15
107.393	2880.15
107.423	2880.15
107.468	2880.15
107.503	2880.15
107.528	2880.15
107.553	2880.15
107.603	2880.15
107.638	2880.15
107.668	2880.15
107.703	2880.15
107.738	2880.15
107.768	2880.15
107.803	2880.15
107.838	2880.15
107.868	2880.15
107.903	2880.15
107.938	2880.15
107.968	2880.15
108.003	2880.15
108.038	2880.15
108.068	2880.15
108.103	2880.15
108.138	2880.15
108.168	2880.15
108.203	2880.15
108.238	2700.14
108.268	2700.14
108.303	2700.14
108.338	2700.14
108.368	2700.14
108.403	2700.14
108.438	2700.14
108.468	2700.14
108.503	2700.14
108.538	2700.14
108.568	2700.14
108.603	2700.14
108.638	2700.14
108.668	2700.14
108.703	2700.14
108.738	2700.14
108.768	2700.14
108.803	2700.14
108.838	2700.14
108.868	2700.14
108.903	2700.14
108.938	2700.14
108.968	2700.14
109.003	2700.14
109.038	2700.14
109.068	2700.14
109.093	2700.14
109.138	2700.14
109.168	2700.14
109.203	2200.47
109.228	2200.47
109.253	2200.47
109.278	2200.47
109.303	2200.47
109.328	2200.47
109.368	2200.47
109.403	2200.47
109.438	2200.47
109.468	2200.47
109.503	2200.47
109.538	2200.47
109.568	2200.47
109.603	2200.47
109.638	2200.47
109.668	2200.47
109.703	2200.47
109.738	2200.47
109.768	2200.47
109.803	2200.47
109.838	2200.47
109.868	2200.47
109.903	2200.47
109.938	2200.47
109.968	2200.47
110.003	2200.47
110.038	2200.47
110.068	2200.47
110.103	2200.47
110.138	2200.47
110.168	2200.47
110.203	2200.47
110.238	2200.47
110.268	2200.47
110.303	2200.47
110.338	2200.47
110.368	2200.47
110.403	2200.47
110.438	2200.47
110.468	2200.47
110.503	2200.47
110.538	2200.47
110.568	2200.47
110.603	2200.47
110.638	2200.47
110.668	2200.47
110.703	2200.47
110.738	2200.47
110.768	2200.47
110.803	2200.47
110.838	2200.47
110.868	2200.47
110.903	2200.47
110.938	2200.47
110.968	2200.47
111.003	2200.47
111.038	2200.47
111.068	2200.47
111.103	2200.47
111.138	2200.47
111.168	2200.47
111.203	2200.47
111.238	2200.47
111.268	2200.47
111.303	2200.47
111.338	2238.61
111.368	2239.67
111.403	2240.74
111.438	2240.74
111.468	2241.8
111.503	2242.87
111.538	2242.87
111.568	2243.94
111.603	2245
111.638	2245
111.668	2246.07
111.703	2247.14
111.738	2247.14
111.768	2248.21
111.803	2249.27
111.838	2249.27
111.868	2250.34
111.903	2251.42
111.938	2251.42
111.968	2252.49
112.003	2253.56
112.038	2253.56
112.068	2254.63
112.103	2255.7
112.138	2255.7
112.168	2256.77
112.203	2257.82
112.238	2257.82
112.268	2258.92
112.303	2259.99
112.338	2259.99
112.368	2261.07
112.403	2262.12
112.438	2262.12
112.468	2263.22
112.503	2264.29
112.538	2264.29
112.568	2265.37
112.603	2266.45
112.638	2266.45
112.668	2267.52
112.703	2268.6
112.738	2268.6
112.768	2269.68
112.803	2270.76
112.838	2270.76
112.868	2271.84
112.903	2272.92
112.938	2272.92
112.968	2274
113.003	2275.08
113.038	2275.08
113.068	2276.17
113.103	2277.25
113.138	2277.25
113.168	2278.33
113.203	2279.42
113.238	2279.42
113.268	2280.5
113.303	2281.58
113.338	2281.58
113.368	2282.67
113.403	2283.75
113.438	2283.75
113.468	2284.84
113.503	2285.92
113.538	2285.92
113.568	2287.01
113.603	2288.1
113.638	2288.1
113.668	2289.19
113.703	2290.27
113.738	2290.27
113.768	2291.36
113.803	2292.45
113.838	2292.45
113.868	2293.54
113.903	2294.63
113.938	2294.63
113.968	2295.72
114.003	2296.81
114.038	2296.81
114.068	2297.9
114.103	2298.99
114.138	2298.99
114.168	2300.07
114.203	2301.16
114.238	2301.16
114.268	2302.25
114.303	2303.34
114.338	2303.34
114.368	2304.43
114.403	2305.4
114.438	2305.4
114.468	2306.37
114.503	2307.34
114.538	2307.34
114.568	2308.31
114.603	2309.28
114.638	2309.28
114.668	2310.25
114.703	2311.23
114.738	2311.23
114.768	2312.2
114.803	2313.17
114.838	2313.17
114.868	2314.14
114.903	2315.11
114.938	2315.11
114.968	2316.09
115.003	2317.06
115.038	2317.06
115.068	2318.04
115.103	2319.01
115.138	2319.01
115.168	2319.99
115.203	2320.97
115.238	2320.97
115.268	2321.94
115.303	2322.92
115.338	2322.92
115.368	2323.9
115.403	2324.86
115.438	2324.86
115.468	2325.86
115.503	2326.82
115.538	2326.82
115.568	2327.83
115.603	2328.79
115.638	2328.79
115.668	2329.79
115.703	2330.76
115.738	2330.76
115.768	2331.76
115.803	2332.73
115.838	2332.73
115.868	2333.74
115.903	2334.7
115.938	2334.7
115.968	2335.71
116.003	2336.68
116.038	2336.68
116.068	2337.68
116.103	2338.65
116.138	2338.65
116.168	2339.66
116.203	2340.63
116.238	2340.63
116.268	2341.64
116.303	2342.61
116.338	2342.61
116.368	2343.62
116.403	2344.59
116.438	2344.59
116.468	2345.6
116.503	2346.57
116.538	2346.57
116.568	2347.58
116.603	2348.55
116.638	2348.55
116.668	2349.56
116.703	2350.54
116.738	2350.54
116.768	2351.55
116.803	2352.52
116.838	2352.52
116.868	2353.54
116.903	2354.51
116.938	2354.51
116.968	2355.53
117.003	2356.5
117.038	2356.5
117.068	2357.52
117.103	2358.5
117.138	2358.5
117.168	2359.51
117.203	2360.49
117.238	2360.49
117.268	2361.51
117.303	2362.49
117.338	2362.49
117.368	2363.5
117.403	2364.48
117.438	2364.48
117.468	2365.5
117.503	2366.48
117.538	2366.48
117.568	2367.5
117.603	2368.48
117.638	2368.48
117.668	2369.5
117.703	2370.48
117.738	2370.48
117.768	2371.5
117.803	2372.49
117.838	2372.49
117.868	2373.51
117.903	2374.49
117.938	2374.49
117.968	2375.51
118.003	2376.5
118.038	2376.5
118.068	2377.52
118.103	2378.51
118.138	2378.51
118.168	2379.53
118.203	2380.52
118.238	2380.52
118.268	2381.54
118.303	2382.53
118.338	2382.53
118.368	2383.56
118.403	2384.54
118.438	2384.54
118.468	2385.57
118.503	2386.56
118.538	2386.56
118.568	2387.59
118.603	2388.58
118.638	2388.58
118.668	2389.61
118.703	2390.6
118.738	2390.6
118.768	2391.63
118.803	2392.62
118.838	2392.62
118.868	2393.65
118.903	2394.64
118.938	2394.64
118.968	2395.67
119.003	2396.67
119.038	2396.67
119.068	2397.7
119.103	2398.69
119.138	2398.69
119.168	2399.73
119.203	2400.72
119.238	2400.72
119.268	2401.75
119.303	2402.75
119.338	2402.75
119.368	2403.78
119.403	2404.78
119.438	2404.78
119.468	2405.81
119.503	2406.81
119.538	2406.81
119.568	2407.85
119.603	2408.85
119.638	2408.85
119.668	2409.88
119.703	2410.88
119.738	2410.88
119.768	2411.92
119.803	2412.92
119.838	2412.92
119.868	2413.96
119.903	2414.96
119.938	2414.96
119.968	2416
120.003	2417
120.038	2417
120.068	2418.04
120.103	2419.04
120.138	2419.04
120.168	2420.09
120.203	2421.09
120.238	2421.09
120.268	2422.13
120.303	2423.14
120.338	2423.14
120.368	2424.18
120.403	2425.19
120.438	2425.19
120.468	2426.23
120.503	2427.24
120.538	2427.24
120.568	2428.28
120.603	2429.29
120.638	2429.29
120.668	2430.33
120.703	2431.34
120.738	2431.34
120.768	2432.39
120.803	2433.4
120.838	2433.4
120.868	2434.45
120.903	2435.45
120.938	2435.45
120.968	2436.5
121.003	2437.51
121.038	2437.51
121.068	2438.56
121.103	2439.57
121.138	2439.57
121.168	2440.62
121.203	2441.63
121.238	2441.63
121.268	2442.69
121.303	2443.7
121.338	2443.7
121.368	2444.75
121.403	2445.76
121.438	2445.76
121.468	2446.82
121.503	2447.83
121.538	2447.83
121.568	2448.89
121.603	2449.9
121.638	2449.9
121.668	2450.96
121.703	2451.97
121.738	2451.97
121.768	2453.03
121.803	2454.04
121.838	2454.04
121.868	2455.1
121.903	2456.12
121.938	2456.12
121.968	2457.18
122.003	2458.2
122.038	2458.2
122.068	2459.26
122.103	2460.28
122.138	2460.28
122.168	2461.34
122.203	2462.35
122.238	2462.35
122.268	2463.42
122.303	2464.44
122.338	2464.44
122.368	2465.5
122.403	2466.54
122.438	2466.54
122.468	2467.58
122.503	2468.62
122.538	2468.62
122.568	2469.67
122.603	2470.71
122.638	2470.71
122.668	2471.75
122.703	2472.8
122.738	2472.8
122.768	2473.84
122.803	2474.89
122.838	2474.89
122.868	2475.93
122.903	2476.98
122.938	2476.98
122.968	2478.03
123.003	2479.07
123.038	2479.07
123.068	2480.12
123.103	2481.17
123.138	2481.17
123.168	2482.21
123.203	2483.25
123.238	2483.25
123.268	2484.29
123.303	2485.33
123.338	2485.33
123.368	2486.36
123.403	2487.4
123.438	2487.4
123.468	2488.44
123.503	2489.47
123.538	2489.47
123.568	2490.5
123.603	2491.53
123.638	2491.53
123.668	2492.56
123.703	2493.59
123.738	2493.59
123.768	2494.61
123.803	2495.63
123.838	2495.63
123.868	2496.66
123.903	2497.67
123.938	2497.67
123.968	2498.69
124.003	2499.71
124.038	2499.71
124.068	2500.72
124.103	2501.73
124.138	2501.73
124.168	2502.74
124.203	2503.75
124.238	2503.75
124.268	2504.76
124.303	2505.76
124.338	2505.76
124.368	2506.76
124.403	2507.74
124.438	2507.74
124.468	2508.76
124.503	2509.74
124.538	2509.74
124.568	2510.76
124.603	2511.74
124.638	2511.74
124.668	2512.76
124.703	2513.75
124.738	2513.75
124.768	2514.74
124.803	2515.74
124.838	2515.74
124.868	2516.73
124.903	2516.73
124.938	2516.73
124.968	2516.73
125.003	2516.73
125.038	2516.73
125.068	2516.73
125.103	2516.73
125.138	2516.73
125.168	2516.73
125.203	2516.73
125.238	2516.73
125.268	2516.73
125.303	2516.73
125.338	2516.73
125.368	2516.73
125.403	2516.73
125.438	2516.73
125.468	2516.73
125.503	2516.73
125.538	2516.73
125.568	2516.73
125.603	2516.73
125.638	2516.73
125.668	2516.73
125.703	2516.73
125.738	2516.73
125.768	2516.73
125.803	2516.73
125.838	2516.73
125.868	2516.73
125.903	2516.73
125.938	2537.7
125.968	2538.72
126.003	2539.7
126.038	2539.7
126.068	2540.73
126.103	2541.71
126.138	2541.71
126.168	2542.74
126.203	2543.74
126.238	2543.74
126.268	2544.75
126.303	2545.74
126.338	2545.74
126.368	2546.76
126.403	2547.77
126.438	2547.77
126.468	2548.78
126.493	2548.78
126.538	2549.79
126.568	2550.79
126.603	2551.8
126.638	2551.8
126.668	2552.81
126.703	2553.82
126.738	2553.82
126.768	2554.83
126.803	2555.82
126.838	2555.82
126.868	2556.85
126.903	2557.84
126.938	2557.84
126.968	2558.88
127.003	2558.88
127.038	2558.88
127.068	2558.88
127.103	2558.88
127.138	2558.88
127.168	2558.88
127.203	2558.88
127.238	2558.88
127.268	2558.88
127.303	2558.88
127.338	2558.88
127.368	2558.88
127.403	2558.88
127.438	2558.88
127.468	2558.88
127.503	2558.88
127.538	2558.88
127.568	2558.88
127.603	2558.88
127.638	2558.88
127.668	2558.88
127.703	2558.88
127.738	2558.88
127.768	2558.88
127.803	2558.88
127.838	2558.88
127.868	2558.88
127.903	2558.88
127.938	2558.88
127.968	2558.88
128.003	2558.88
128.038	2580.19
128.068	2581.23
128.103	2582.23
128.138	2582.23
128.168	2583.27
128.203	2584.3
128.238	2584.3
128.268	2585.32
128.303	2586.34
128.338	2586.34
128.368	2587.36
128.403	2588.39
128.438	2588.39
128.468	2589.41
128.503	2590.44
128.538	2590.44
128.568	2591.46
128.603	2592.48
128.638	2592.48
128.668	2593.41
128.693	2593.41
128.738	2594.33
128.768	2595.25
128.803	2596.18
128.828	2596.18
128.853	2597.1
128.878	2597.1
128.903	2598.02
128.938	2598.02
128.968	2598.94
129.003	2599.86
129.038	2599.86
129.068	2600.78
129.093	2412.83
129.128	2412.83
129.168	2412.83
129.203	2412.83
129.238	2412.83
129.268	2412.83
129.303	2412.83
129.338	2412.83
129.368	2412.83
129.403	2412.83
129.438	2412.83
129.468	2412.83
129.503	2412.83
129.538	2412.83
129.568	2412.83
129.603	2412.83
129.638	2412.83
129.668	2412.83
129.703	2412.83
129.738	2412.83
129.768	2412.83
129.803	2412.83
129.838	2412.83
129.868	2412.83
129.903	2412.83
129.938	2412.83
129.968	2412.83
130.003	2412.83
130.038	2412.83
130.068	2412.83
130.103	2412.83
130.138	2412.83
130.168	2412.83
130.203	2412.83
130.238	2412.83
130.268	2412.83
130.303	2412.83
130.338	2412.83
130.368	2412.83
130.403	2412.83
130.438	2412.83
130.468	2412.83
130.503	2412.83
130.538	2412.83
130.568	2412.83
130.603	2412.83
130.638	2412.83
130.668	2412.83
130.703	2412.83
130.738	2412.83
130.768	2412.83
130.803	2412.83
130.838	2412.83
130.868	2412.83
130.903	2412.83
130.938	2412.83
130.968	2412.83
131.003	2412.83
131.038	2412.83
131.068	2412.83
131.103	2412.83
131.138	2412.83
131.168	2412.83
131.203	2606.86
131.238	2606.86
131.268	2606.86
131.303	2606.86
131.338	2606.86
131.368	2606.86
131.403	2606.86
131.428	2606.86
131.453	2606.86
131.478	2606.86
131.503	2606.86
131.538	2606.86
131.568	2606.86
131.603	2606.86
131.638	2606.86
131.668	2606.86
131.693	2606.86
131.738	2606.86
131.768	2606.86
131.803	2606.86
131.828	2606.86
131.853	2606.86
131.903	2606.86
131.938	2606.86
131.968	2606.86
132.003	2606.86
132.038	2606.86
132.068	2606.86
132.093	2606.86
132.128	2606.86
132.168	2606.86
132.203	2372.65
132.238	2372.65
132.268	2372.65
132.303	2372.65
132.338	2372.65
132.368	2372.65
132.403	2372.65
132.438	2372.65
132.468	2372.65
132.503	2372.65
132.538	2372.65
132.568	2372.65
132.603	2372.65
132.638	2372.65
132.668	2372.65
132.703	2372.65
132.738	2372.65
132.768	2372.65
132.803	2372.65
132.838	2372.65
132.868	2372.65
132.903	2372.65
132.938	2372.65
132.968	2372.65
133.003	2372.65
133.038	2372.65
133.068	2372.65
133.103	2372.65
133.138	2372.65
133.168	2372.65
133.203	2372.65
133.238	2563.46
133.268	2563.46
133.303	2563.46
133.338	2563.46
133.368	2563.46
133.403	2563.46
133.438	2563.46
133.468	2563.46
133.503	2563.46
133.538	2563.46
133.568	2563.46
133.603	2563.46
133.638	2563.46
133.668	2563.46
133.703	2563.46
133.738	2563.46
133.768	2563.46
133.803	2105.77
133.838	2105.77
133.868	2105.77
133.903	2106.73
133.938	2106.73
133.968	2107.72
134.003	2108.68
134.038	2108.68
134.068	2109.67
134.103	2110.63
134.138	2110.63
134.168	2111.62
134.203	2111.62
134.238	2111.62
134.268	2111.62
134.303	2111.62
134.338	2111.62
134.368	2111.62
134.403	2111.62
134.438	2111.62
134.468	2111.62
134.503	2111.62
134.538	2111.62
134.568	2111.62
134.603	2111.62
134.638	2111.62
134.668	2111.62
134.703	2111.62
134.738	2111.62
134.768	2111.62
134.803	2111.62
134.838	2111.62
134.868	2111.62
134.903	2111.62
134.938	2111.62
134.968	2111.62
135.003	2111.62
135.038	2111.62
135.068	2111.62
135.103	2111.62
135.138	2111.62
135.168	2111.62
135.203	2111.62
135.238	2111.62
135.268	2111.62
135.303	2111.62
135.338	2129.31
135.368	2130.33
135.403	2131.31
135.438	2131.31
135.468	2132.33
135.503	2133.31
135.538	2133.31
135.568	2134.34
135.603	2135.33
135.638	2135.33
135.668	2136.36
135.703	2137.35
135.738	2137.35
135.768	2138.39
135.803	2139.39
135.838	2139.39
135.868	2140.42
135.903	2141.42
135.938	2141.42
135.968	2142.46
136.003	2143.46
136.038	2143.46
136.068	2144.5
136.103	2145.5
136.138	2145.5
136.168	2146.53
136.203	2147.53
136.238	2147.53
136.268	2148.58
136.303	2149.58
136.338	2149.58
136.368	2150.62
136.403	2151.62
136.438	2151.62
136.468	2152.67
136.503	2153.67
136.538	2153.67
136.568	2154.72
136.603	2155.72
136.638	2155.72
136.668	2156.76
136.703	2157.77
136.738	2157.77
136.768	2158.82
136.803	2159.82
136.838	2159.82
136.868	2160.87
136.903	2161.88
136.938	2161.88
136.968	2162.92
137.003	2163.93
137.038	2163.93
137.068	2164.98
137.103	2165.99
137.138	2165.99
137.168	2167.04
137.203	2168.05
137.238	2168.05
137.268	2169.1
137.303	2170.11
137.338	2170.11
137.368	2171.16
137.403	2172.18
137.438	2172.18
137.468	2173.23
137.503	2174.24
137.538	2174.24
137.568	2175.29
137.603	2176.31
137.638	2176.31
137.668	2177.36
137.703	2178.38
137.738	2178.38
137.768	2179.44
137.803	2180.45
137.838	2180.45
137.868	2181.51
137.903	2182.52
137.938	2182.52
137.968	2183.58
138.003	2184.6
138.038	2184.6
138.068	2185.66
138.103	2186.68
138.138	2186.68
138.168	2187.74
138.203	2188.76
138.238	2188.76
138.268	2189.82
138.303	2190.84
138.338	2190.84
138.368	2191.9
138.403	2192.92
138.438	2192.92
138.468	2193.99
138.503	2195.01
138.538	2195.01
138.568	2196.07
138.603	2197.1
138.638	2197.1
138.668	2198.16
138.703	2199.19
138.738	2199.19
138.768	2200.25
138.803	2201.28
138.838	2201.28
138.868	2202.34
138.903	2203.37
138.938	2203.37
138.968	2204.44
139.003	2205.47
139.038	2205.47
139.068	2206.54
139.103	2207.56
139.138	2207.56
139.168	2208.64
139.203	2209.66
139.238	2209.66
139.268	2210.74
139.303	2211.77
139.338	2211.77
139.368	2212.84
139.403	2213.87
139.438	2213.87
139.468	2214.94
139.503	2215.98
139.538	2215.98
139.568	2217.05
139.603	2218.08
139.638	2218.08
139.668	2219.16
139.703	2220.19
139.738	2220.19
139.768	2221.27
139.803	2222.3
139.838	2222.3
139.868	2223.38
139.903	2224.42
139.938	2224.42
139.968	2225.5
140.003	2226.53
140.038	2226.53
140.068	2227.61
140.103	2228.65
140.138	2228.65
140.168	2229.73
140.203	2230.77
140.238	2230.77
140.268	2231.85
140.303	2232.89
140.338	2232.89
140.368	2233.98
140.403	2235.02
140.438	2235.02
140.468	2236.1
140.503	2237.14
140.538	2237.14
140.568	2238.23
140.603	2239.27
140.638	2239.27
140.668	2240.36
140.703	2241.4
140.738	2241.4
140.768	2242.49
140.803	2243.53
140.838	2243.53
140.868	2244.62
140.903	2245.67
140.938	2245.67
140.968	2246.75
141.003	2247.8
141.038	2247.8
141.068	2248.89
141.103	2249.94
141.138	2249.94
141.168	2251.03
141.203	2252.08
141.238	2252.08
141.268	2253.17
141.303	2254.22
141.338	2254.22
141.368	2255.31
141.403	2256.36
141.438	2256.36
141.468	2257.46
141.503	2258.51
141.538	2258.51
141.568	2259.61
141.603	2260.66
141.638	2260.66
141.668	2261.75
141.703	2262.81
141.738	2262.81
141.768	2263.91
141.803	2264.98
141.838	2264.98
141.868	2266.06
141.903	2267.14
141.938	2267.14
141.968	2268.22
142.003	2269.29
142.038	2269.29
142.068	2270.37
142.103	2271.45
142.138	2271.45
142.168	2272.53
142.203	2273.61
142.238	2273.61
142.268	2274.69
142.303	2275.78
142.338	2275.78
142.368	2276.86
142.403	2277.94
142.438	2277.94
142.468	2279.02
142.503	2280.11
142.538	2280.11
142.568	2281.19
142.603	2282.28
142.638	2282.28
142.668	2283.36
142.703	2284.45
142.738	2284.45
142.768	2285.53
142.803	2286.62
142.838	2286.62
142.868	2287.71
142.903	2288.79
142.938	2288.79
142.968	2289.88
143.003	2290.97
143.038	2290.97
143.068	2292.06
143.103	2293.15
143.138	2293.15
143.168	2294.24
143.203	2295.33
143.238	2295.33
143.268	2296.42
143.303	2297.51
143.338	2297.51
143.368	2298.6
143.403	2299.69
143.438	2299.69
143.468	2300.77
143.503	2301.86
143.538	2301.86
143.568	2302.95
143.603	2304.04
143.638	2304.04
143.668	2305.13
143.703	2306.1
143.738	2306.1
143.768	2307.07
143.803	2308.04
143.838	2308.04
143.868	2309.01
143.903	2309.98
143.938	2309.98
143.968	2310.96
144.003	2311.93
144.038	2311.93
144.068	2312.9
144.103	2313.87
144.138	2313.87
144.168	2314.84
144.203	2315.82
144.238	2315.82
144.268	2316.79
144.303	2317.77
144.338	2317.77
144.368	2318.74
144.403	2319.72
144.438	2319.72
144.468	2320.69
144.503	2321.67
144.538	2321.67
144.568	2322.65
144.603	2323.62
144.638	2323.62
144.668	2324.6
144.703	2325.58
144.738	2325.58
144.768	2326.56
144.803	2327.54
144.838	2327.54
144.868	2328.52
144.903	2329.5
144.938	2329.5
144.968	2330.48
145.003	2331.46
145.038	2331.46
145.068	2332.44
145.103	2333.42
145.138	2333.42
145.168	2334.4
145.203	2335.38
145.238	2335.38
145.268	2336.36
145.303	2337.34
145.338	2337.34
145.368	2338.33
145.403	2339.31
145.438	2339.31
145.468	2340.29
145.503	2341.28
145.538	2341.28
145.568	2342.26
145.603	2343.25
145.638	2343.25
145.668	2344.24
145.703	2345.22
145.738	2345.22
145.768	2346.21
145.803	2347.2
145.838	2347.2
145.868	2348.18
145.903	2349.17
145.938	2349.17
145.968	2350.16
146.003	2351.15
146.038	2351.15
146.068	2352.14
146.103	2353.13
146.138	2353.13
146.168	2354.12
146.203	2355.11
146.238	2355.11
146.268	2356.1
146.303	2357.09
146.338	2357.09
146.368	2358.08
146.403	2359.07
146.438	2359.07
146.468	2360.06
146.503	2361.05
146.538	2361.05
146.568	2362.05
146.603	2363.04
146.638	2363.04
146.668	2364.04
146.703	2365.03
146.738	2365.03
146.768	2366.02
146.803	2367.02
146.838	2367.02
146.868	2368.02
146.903	2369.01
146.938	2369.01
146.968	2370.01
147.003	2371.01
147.038	2371.01
147.068	2372
147.103	2373
147.138	2373
147.168	2374
147.203	2375
147.238	2375
147.268	2376
147.303	2377
147.338	2377
147.368	2378
147.403	2379
147.438	2379
147.468	2380
147.503	2381
147.538	2381
147.568	2382
147.603	2383
147.638	2383
147.668	2384
147.703	2385.01
147.738	2385.01
147.768	2386.01
147.803	2387.01
147.838	2387.01
147.868	2388.02
147.903	2389.02
147.938	2389.02
147.968	2390.03
148.003	2391.03
148.038	2391.03
148.068	2392.04
148.103	2393.04
148.138	2393.04
148.168	2394.05
148.203	2395.06
148.238	2395.06
148.268	2396.07
148.303	2397.07
148.338	2397.07
148.368	2398.08
148.403	2399.09
148.438	2399.09
148.468	2400.09
148.503	2401.1
148.538	2401.1
148.568	2402.1
148.603	2403.1
148.638	2403.1
148.668	2404.1
148.703	2405.1
148.738	2405.1
148.768	2406.1
148.803	2407.09
148.838	2407.09
148.868	2408.08
148.903	2409.08
148.938	2409.08
148.968	2410.07
149.003	2411.05
149.038	2411.05
149.068	2412.04
149.103	2413.02
149.138	2413.02
149.168	2414.01
149.203	2414.99
149.238	2414.99
149.268	2415.97
149.303	2416.95
149.338	2416.95
149.368	2417.92
149.403	2418.89
149.438	2418.89
149.468	2419.87
149.503	2420.84
149.538	2420.84
149.568	2421.81
149.603	2422.78
149.638	2422.78
149.668	2423.75
149.703	2424.71
149.728	2424.71
149.768	2425.68
149.803	2426.65
149.838	2426.65
149.868	2427.61
149.903	2428.57
149.938	2428.57
149.968	2429.53
150.003	2430.49
150.028	2430.49
150.068	2430.49
150.103	2430.49
150.138	2430.49
150.168	2430.49
150.203	2430.49
150.238	2430.49
150.268	2430.49
150.303	2430.49
150.338	2430.49
150.368	2430.49
150.403	2430.49
150.438	2430.49
150.468	2430.49
150.503	2430.49
150.538	2430.49
150.568	2430.49
150.603	2430.49
150.638	2430.49
150.668	2430.49
150.703	2430.49
150.738	2430.49
150.768	2430.49
150.803	2430.49
150.838	2430.49
150.868	2430.49
150.903	2430.49
150.938	2430.49
150.968	2430.49
151.003	2430.49
151.038	2430.49
151.068	2430.49
151.103	2430.49
151.138	2430.49
151.168	2430.49
151.203	2430.49
151.238	2430.49
151.268	2430.49
151.303	2430.49
151.338	2430.49
151.368	2430.49
151.403	2430.49
151.438	2430.49
151.468	2430.49
151.503	2430.49
151.538	2430.49
151.568	2430.49
151.603	2430.49
151.638	2430.49
151.668	2430.49
151.703	2430.49
151.738	2430.49
151.768	2430.49
151.803	2430.49
151.838	2430.49
151.868	2430.49
151.903	2430.49
151.938	2430.49
151.968	2430.49
152.003	2430.49
152.038	2430.49
152.068	2430.49
152.103	2430.49
152.138	2430.49
152.168	2430.49
152.203	2430.49
152.238	2430.49
152.268	2430.49
152.303	2430.49
152.338	2430.49
152.368	2430.49
152.403	2430.49
152.428	2430.49
152.468	2430.49
152.503	2430.49
152.538	2430.49
152.568	2430.49
152.603	2430.49
152.638	2430.49
152.668	2430.49
152.703	2430.49
152.738	2430.49
152.768	2430.49
152.803	2430.49
152.838	2430.49
152.868	2430.49
152.903	2430.49
152.938	2430.49
152.968	2430.49
153.003	2430.49
153.038	2430.49
153.068	2430.49
153.103	2430.49
153.138	2430.49
153.168	2430.49
153.203	2430.49
153.238	2430.49
153.268	2430.49
153.303	2430.49
153.338	2430.49
153.368	2430.49
153.403	2430.49
153.438	2430.49
153.468	2430.49
153.503	2430.49
153.538	2430.49
153.568	2430.49
153.603	2430.49
153.638	2430.49
153.668	2430.49
153.703	2430.49
153.738	2430.49
153.768	2430.49
153.803	2430.49
153.838	2430.49
153.868	2430.49
153.903	2430.49
153.938	2430.49
153.968	2430.49
154.003	2430.49
154.038	2430.49
154.068	2430.49
154.103	2430.49
154.138	2430.49
154.168	2430.49
154.203	2512.6
154.238	2512.6
154.268	2513.59
154.303	2514.57
154.338	2514.57
154.368	2515.58
154.403	2516.56
154.428	2516.56
154.468	2517.57
154.503	2518.57
154.538	2518.57
154.568	2519.56
154.603	2520.56
154.638	2520.56
154.668	2521.56
154.693	2521.56
154.728	2522.55
154.768	2523.55
154.803	2524.55
154.838	2524.55
154.868	2525.55
154.903	2526.53
154.938	2526.53
154.968	2527.55
155.003	2528.55
155.033	2528.55
155.068	2529.55
155.093	2529.55
155.138	2530.53
155.168	2531.55
155.203	2532.55
155.238	2359.43
155.268	2359.43
155.303	2359.43
155.338	2359.43
155.368	2359.43
155.403	2359.43
155.438	2359.43
155.468	2359.43
155.503	2359.43
155.538	2359.43
155.568	2359.43
155.603	2359.43
155.638	2359.43
155.668	2359.43
155.703	2359.43
155.738	2359.43
155.768	2359.43
155.803	2359.43
155.838	2359.43
155.868	2359.43
155.903	2359.43
155.938	2359.43
155.968	2359.43
156.003	2359.43
156.038	2359.43
156.068	2359.43
156.103	2359.43
156.138	2359.43
156.168	2359.43
156.203	2359.43
156.238	2359.43
156.268	2359.43
156.303	2549.18
156.338	2549.18
156.368	2549.18
156.403	2549.18
156.438	2549.18
156.468	2549.18
156.503	2549.18
156.538	2549.18
156.568	2549.18
156.603	2549.18
156.638	2549.18
156.668	2549.18
156.703	2549.18
156.738	2549.18
156.768	2549.18
156.803	2549.18
156.838	2549.18
156.868	2549.18
156.903	2549.18
156.938	2549.18
156.968	2549.18
157.003	2549.18
157.038	2549.18
157.068	2549.18
157.103	2549.18
157.133	2549.18
157.168	2549.18
157.203	2549.18
157.238	2549.18
157.268	2549.18
157.293	2549.18
157.338	2571.81
157.368	2571.81
157.403	2571.81
157.438	2571.81
157.468	2571.81
157.503	2571.81
157.538	2571.81
157.568	2571.81
157.603	2571.81
157.638	2571.81
157.668	2571.81
157.703	2571.81
157.738	2571.81
157.768	2571.81
157.803	2571.81
157.838	2571.81
157.868	2571.81
157.903	2571.81
157.938	2571.81
157.968	2571.81
158.003	2571.81
158.038	2571.81
158.068	2571.81
158.103	2571.81
158.138	2571.81
158.168	2571.81
158.203	2571.81
158.238	2571.81
158.268	2571.81
158.303	2571.81
158.338	2571.81
158.368	2571.81
158.403	2747.65
158.438	2747.65
158.468	2758.45
158.503	2768.87
158.538	2768.87
158.568	2778.55
158.603	2778.55
158.638	2778.55
158.668	2778.55
158.703	2778.55
158.738	2778.55
158.768	2778.55
158.803	2778.55
158.838	2778.55
158.868	2778.55
158.893	2778.55
158.918	2778.55
158.943	2778.55
158.968	2778.55
159.003	2778.55
159.038	2778.55
159.068	2778.55
159.103	2778.55
159.138	2778.55
159.168	2778.55
159.203	2778.55
159.238	2778.55
159.268	2778.55
159.303	2778.55
159.338	2778.55
159.368	2778.55
159.403	2967.46
159.438	2967.46
159.468	2967.46
159.503	2967.46
159.538	2967.46
159.568	2967.46
159.603	2967.46
159.638	2967.46
159.668	2967.46
159.703	2967.46
159.738	2967.46
159.768	2967.46
159.803	2967.46
159.838	2967.46
159.868	2967.46
159.903	2967.46
159.938	2967.46
159.968	2967.46
160.003	2967.46
160.038	2967.46
160.068	2967.46
160.103	2967.46
160.138	2967.46
160.168	2967.46
160.203	2967.46
160.238	2967.46
160.268	2967.46
160.303	2967.46
160.338	2967.46
160.368	2967.46
160.403	2967.46
160.438	2967.46
160.468	2967.46
160.503	3046.77
160.538	3046.77
160.568	3046.77
160.603	3046.77
160.638	3046.77
160.668	3046.77
160.703	3046.77
160.738	3046.77
160.768	3046.77
160.803	3046.77
160.838	3046.77
160.868	3046.77
160.903	3046.77
160.938	3046.77
160.968	3046.77
161.003	3046.77
161.038	3046.77
161.068	3046.77
161.103	3046.77
161.138	3046.77
161.168	3046.77
161.203	3046.77
161.238	3046.77
161.268	3046.77
161.303	3046.77
161.338	3046.77
161.368	3046.77
161.403	3046.77
161.438	3046.77
161.468	3046.77
161.503	3046.77
161.538	3046.77
161.568	3046.77
161.603	3046.77
161.638	3046.77
161.668	3046.77
161.703	3046.77
161.738	3046.77
161.768	3046.77
161.803	3046.77
161.838	3046.77
161.868	3046.77
161.903	3046.77
161.938	3046.77
161.968	3046.77
162.003	3046.77
162.038	3046.77
162.068	3046.77
162.103	3046.77
162.138	3046.77
162.168	3046.77
162.203	3046.77
162.238	3046.77
162.268	3046.77
162.293	3046.77
162.338	3046.77
162.368	3046.77
162.403	3046.77
162.428	3046.77
162.468	3046.77
162.503	3046.77
162.538	3046.77
162.568	3046.77
162.603	3046.77
162.638	3046.77
162.668	3046.77
162.693	3046.77
162.738	3046.77
162.768	3046.77
162.803	3046.77
162.838	3046.77
162.868	3046.77
162.903	3046.77
162.938	3046.77
162.968	3046.77
163.003	3046.77
163.038	3046.77
163.068	3046.77
163.103	3046.77
163.138	3046.77
163.168	3046.77
163.203	3046.77
163.238	3046.77
163.268	3046.77
163.303	3046.77
163.338	3046.77
163.368	3046.77
163.403	3046.77
163.438	3046.77
163.468	3046.77
163.503	3046.77
163.538	3046.77
163.568	3046.77
163.603	3046.77
163.638	3046.77
163.668	3046.77
163.703	3046.77
163.738	3046.77
163.768	3046.77
163.803	3046.77
163.838	3046.77
163.868	3046.77
163.903	3046.77
163.938	3046.77
163.968	3046.77
164.003	3046.77
164.038	3046.77
164.068	3046.77
164.103	3046.77
164.138	3046.77
164.168	3046.77
164.193	3046.77
164.238	3046.77
164.268	3046.77
164.303	3046.77
164.338	3046.77
164.368	3046.77
164.403	3046.77
164.438	3046.77
164.468	3046.77
164.493	3046.77
164.528	3046.77
164.568	3046.77
164.593	3046.77
164.633	3046.77
164.668	3046.77
164.703	3046.77
164.738	3046.77
164.768	3046.77
164.803	3046.77
164.838	3046.77
164.868	3046.77
164.893	3046.77
164.938	3046.77
164.968	3046.77
165.003	3046.77
165.038	3046.77
165.068	3046.77
165.093	3046.77
165.138	3046.77
165.168	3046.77
165.203	3046.77
165.238	3046.77
165.268	3046.77
165.303	3046.77
165.338	3046.77
165.368	3046.77
165.403	3046.77
165.438	3046.77
165.468	3046.77
165.503	3046.77
165.538	3046.77
165.568	3046.77
165.603	3046.77
165.638	3046.77
165.668	3046.77
165.703	3046.77
165.738	3046.77
165.768	3046.77
165.803	3046.77
165.838	3046.77
165.868	3046.77
165.903	3046.77
165.938	3046.77
165.968	3046.77
166.003	3046.77
166.038	3046.77
166.068	3046.77
166.103	3046.77
166.138	3046.77
166.168	3046.77
166.203	3046.77
166.238	3046.77
166.268	3046.77
166.303	3046.77
166.338	3046.77
166.368	3046.77
166.403	3046.77
166.438	3046.77
166.468	3046.77
166.493	3046.77
166.538	3046.77
166.568	3046.77
166.593	3046.77
166.628	3046.77
166.668	3046.77
166.703	3046.77
166.728	3046.77
166.768	3046.77
166.793	3046.77
166.838	3046.77
166.868	3046.77
166.898	3046.77
166.938	3046.77
166.968	3046.77
167.003	3046.77
167.038	3046.77
167.068	3046.77
167.093	3046.77
167.128	3046.77
167.168	3046.77
167.203	3046.77
167.238	3046.77
167.263	3046.77
167.303	3046.77
167.338	3046.77
167.363	3046.77
167.403	3046.77
167.438	3046.77
167.468	3046.77
167.503	3046.77
167.538	3046.77
167.568	3046.77
167.603	3046.77
167.638	3046.77
167.668	3046.77
167.703	3046.77
167.738	3046.77
167.768	3046.77
167.803	2784.94
167.838	2784.94
167.868	2784.94
167.903	2784.94
167.938	2784.94
167.968	2784.94
168.003	2784.94
168.038	2784.94
168.068	2784.94
168.103	2784.94
168.138	2784.94
168.168	2784.94
168.203	2784.94
168.238	2784.94
168.268	2784.94
168.303	2784.94
168.338	2784.94
168.368	2784.94
168.403	2784.94
168.438	2784.94
168.468	2784.94
168.503	2784.94
168.538	2784.94
168.568	2784.94
168.603	2784.94
168.638	2784.94
168.668	2784.94
168.703	2784.94
168.738	2784.94
168.768	2784.94
168.803	2784.94
168.838	3008.73
168.868	3008.73
168.903	3008.73
168.938	3008.73
168.968	3008.73
169.003	3008.73
169.038	3008.73
169.068	3008.73
169.103	3008.73
169.138	3008.73
169.168	3008.73
169.203	3008.73
169.238	3008.73
169.268	3008.73
169.293	3008.73
169.323	3008.73
169.348	3008.73
169.373	3008.73
169.403	3008.73
169.433	3008.73
169.468	3008.73
169.503	3008.73
169.538	3008.73
169.568	3008.73
169.593	3008.73
169.638	3008.73
169.668	3008.73
169.698	3008.73
169.723	3008.73
169.748	3008.73
169.773	3008.73
169.803	3008.73
169.828	3008.73
169.868	3046.77
169.903	2832.54
169.938	2832.54
169.968	2832.54
170.003	2832.54
170.038	2832.54
170.068	2832.54
170.103	2832.54
170.138	2832.54
170.168	2832.54
170.203	2832.54
170.238	2832.54
170.268	2832.54
170.303	2832.54
170.338	2832.54
170.368	2832.54
170.403	2832.54
170.438	2832.54
170.468	2832.54
170.503	2832.54
170.538	2832.54
170.568	2832.54
170.603	2832.54
170.638	2832.54
170.668	2832.54
170.703	2832.54
170.738	2832.54
170.768	2832.54
170.803	2832.54
170.838	2832.54
170.868	2832.54
170.903	2832.54
170.938	3046.77
170.968	3046.77
171.003	3046.77
171.038	3046.77
171.068	3046.77
171.103	3046.77
171.138	3046.77
171.168	3046.77
171.203	3046.77
171.238	3046.77
171.268	3046.77
171.303	3046.77
171.328	3046.77
171.353	3046.77
171.378	3046.77
171.403	3046.77
171.428	3046.77
171.458	2373.16
171.493	2373.16
171.523	2373.16
171.548	2373.16
171.573	2373.16
171.603	2374.14
171.638	2374.14
171.668	2375.11
171.703	2376.08
171.738	2376.08
171.768	2377.05
171.803	2377.05
171.838	2377.05
171.868	2377.05
171.903	2377.05
171.938	2377.05
171.968	2377.05
172.003	2377.05
172.038	2377.05
172.068	2377.05
172.103	2377.05
172.138	2377.05
172.168	2377.05
172.203	2377.05
172.238	2377.05
172.268	2377.05
172.303	2377.05
172.338	2377.05
172.368	2377.05
172.403	2377.05
172.438	2377.05
172.468	2377.05
172.503	2377.05
172.538	2377.05
172.568	2377.05
172.603	2377.05
172.638	2377.05
172.668	2377.05
172.703	2377.05
172.738	2377.05
172.768	2377.05
172.803	2377.05
172.838	2377.05
172.868	2377.05
172.903	2377.05
172.938	2377.05
172.968	2377.05
173.003	2377.05
173.038	2396.67
173.068	2397.67
173.103	2398.67
173.138	2398.67
173.168	2399.67
173.203	2400.68
173.238	2400.68
173.268	2401.69
173.303	2402.7
173.338	2402.7
173.368	2403.71
173.403	2404.72
173.438	2404.72
173.468	2405.73
173.503	2406.75
173.538	2406.75
173.568	2407.76
173.603	2408.77
173.638	2408.77
173.668	2409.78
173.703	2410.8
173.738	2410.8
173.768	2411.81
173.803	2412.83
173.838	2412.83
173.868	2413.84
173.903	2414.86
173.938	2414.86
173.968	2415.87
174.003	2416.89
174.038	2416.89
174.068	2417.91
174.103	2418.92
174.138	2418.92
174.168	2419.94
174.203	2420.96
174.238	2420.96
174.268	2421.98
174.303	2423
174.338	2423
174.368	2424.02
174.403	2425.03
174.438	2425.03
174.468	2426.05
174.503	2427.07
174.538	2427.07
174.568	2428.1
174.603	2429.12
174.638	2429.12
174.668	2430.14
174.703	2431.16
174.738	2431.16
174.768	2432.18
174.803	2433.21
174.838	2433.21
174.868	2434.23
174.903	2435.25
174.938	2435.25
174.968	2436.28
175.003	2437.3
175.038	2437.3
175.068	2438.33
175.103	2439.35
175.138	2439.35
175.168	2440.38
175.203	2441.41
175.238	2441.41
175.268	2442.43
175.303	2443.46
175.338	2443.46
175.368	2444.49
175.403	2445.52
175.438	2445.52
175.468	2446.55
175.503	2447.58
175.538	2447.58
175.568	2448.61
175.603	2449.64
175.638	2449.64
175.668	2450.67
175.703	2451.7
175.738	2451.7
175.768	2452.73
175.803	2453.76
175.838	2453.76
175.868	2454.79
175.903	2455.83
175.938	2455.83
175.968	2456.86
176.003	2457.89
176.038	2457.89
176.068	2458.93
176.103	2459.96
176.138	2459.96
176.168	2461
176.203	2462.03
176.238	2462.03
176.268	2463.07
176.303	2464.1
176.338	2464.1
176.368	2465.14
176.403	2466.18
176.438	2466.18
176.468	2467.21
176.503	2468.25
176.538	2468.25
176.568	2469.29
176.603	2470.33
176.638	2470.33
176.668	2471.37
176.703	2472.41
176.738	2472.41
176.768	2473.45
176.803	2474.49
176.838	2474.49
176.868	2475.53
176.903	2476.57
176.938	2476.57
176.968	2477.61
177.003	2478.66
177.038	2478.66
177.068	2479.7
177.103	2480.74
177.138	2480.74
177.168	2481.78
177.203	2482.83
177.238	2482.83
177.268	2483.87
177.303	2484.92
177.338	2484.92
177.368	2485.96
177.403	2487.01
177.438	2487.01
177.468	2488.05
177.503	2489.1
177.538	2489.1
177.568	2490.15
177.603	2491.2
177.638	2491.2
177.668	2492.25
177.703	2493.29
177.738	2493.29
177.768	2494.34
177.803	2495.39
177.838	2495.39
177.868	2496.44
177.903	2497.49
177.938	2497.49
177.968	2498.54
178.003	2499.59
178.038	2499.59
178.068	2500.65
178.103	2501.7
178.138	2501.7
178.168	2502.75
178.203	2503.8
178.238	2503.8
178.268	2504.85
178.303	2505.91
178.338	2505.91
178.368	2506.96
178.403	2508.02
178.438	2508.02
178.468	2509.07
178.503	2510.11
178.538	2510.11
178.568	2511.19
178.603	2512.23
178.638	2512.23
178.668	2513.32
178.703	2514.36
178.738	2514.36
178.768	2515.44
178.803	2516.48
178.838	2516.48
178.868	2517.57
178.903	2518.61
178.938	2518.61
178.968	2519.7
179.003	2520.74
179.038	2520.74
179.068	2521.83
179.103	2522.87
179.138	2522.87
179.168	2523.96
179.203	2525.01
179.238	2525.01
179.268	2526.09
179.303	2527.14
179.338	2527.14
179.368	2528.23
179.403	2529.28
179.438	2529.28
179.468	2530.37
179.503	2531.41
179.538	2531.41
179.568	2532.5
179.603	2533.55
179.638	2533.55
179.668	2534.65
179.703	2535.69
179.738	2535.69
179.768	2536.79
179.803	2537.84
179.838	2537.84
179.868	2538.93
179.903	2539.98
179.938	2539.98
179.968	2541.08
180.003	2542.13
180.038	2542.13
180.068	2543.23
180.103	2544.28
180.138	2544.28
180.168	2545.38
180.203	2546.43
180.238	2546.43
180.268	2547.53
180.303	2548.58
180.338	2548.58
180.368	2549.68
180.403	2550.74
180.438	2550.74
180.468	2551.84
180.503	2552.89
180.538	2552.89
180.568	2553.99
180.603	2555.05
180.638	2555.05
180.668	2556.15
180.703	2557.21
180.738	2557.21
180.768	2558.31
180.803	2559.37
180.838	2559.37
180.868	2560.47
180.903	2561.53
180.938	2561.53
180.968	2562.64
181.003	2563.7
181.038	2563.7
181.068	2564.8
181.103	2565.87
181.138	2565.87
181.168	2566.97
181.203	2568.03
181.238	2568.03
181.268	2569.14
181.303	2570.21
181.338	2570.21
181.368	2571.31
181.403	2572.38
181.438	2572.38
181.468	2573.49
181.503	2574.55
181.538	2574.55
181.568	2575.66
181.603	2576.73
181.638	2576.73
181.668	2577.84
181.703	2578.91
181.738	2578.91
181.768	2580.02
181.803	2581.09
181.838	2581.09
181.868	2582.2
181.903	2583.27
181.938	2583.27
181.968	2584.38
182.003	2585.45
182.038	2585.45
182.068	2586.57
182.103	2587.64
182.138	2587.64
182.168	2588.75
182.203	2589.83
182.238	2589.83
182.268	2590.94
182.303	2592.01
182.338	2592.01
182.368	2593.13
182.403	2594.1
182.438	2594.1
182.468	2595.1
182.503	2596.07
182.538	2596.07
182.568	2597.08
182.603	2598.05
182.638	2598.05
182.668	2599.05
182.703	2600.02
182.738	2600.02
182.768	2601.03
182.803	2602
182.838	2602
182.868	2603.01
182.903	2603.98
182.938	2603.98
182.968	2604.99
183.003	2605.96
183.038	2605.96
183.068	2606.97
183.103	2607.95
183.138	2607.95
183.168	2608.96
183.203	2609.93
183.238	2609.93
183.268	2610.94
183.303	2611.92
183.338	2611.92
183.368	2612.93
183.403	2613.9
183.433	2613.9
183.468	2614.9
183.503	2615.89
183.533	2615.89
183.568	2616.89
183.603	2617.88
183.633	2617.88
183.668	2618.88
183.703	2619.87
183.733	2619.87
183.768	2620.87
183.803	2621.87
183.833	2621.87
183.868	2622.86
183.903	2623.86
183.933	2623.86
183.968	2624.86
184.003	2625.86
184.033	2625.86
184.068	2626.86
184.103	2627.86
184.133	2627.86
184.168	2628.86
184.203	2629.85
184.233	2629.85
184.268	2630.85
184.303	2631.85
184.333	2631.85
184.368	2632.86
184.403	2633.86
184.433	2633.86
184.468	2634.86
184.503	2635.86
184.533	2635.86
184.568	2636.86
184.603	2637.86
184.633	2637.86
184.668	2638.87
184.703	2639.87
184.733	2639.87
184.768	2640.88
184.803	2641.88
184.833	2641.88
184.868	2642.89
184.903	2643.89
184.933	2643.89
184.968	2644.9
185.003	2645.9
185.033	2645.9
185.068	2646.91
185.103	2647.92
185.133	2647.92
185.168	2648.92
185.203	2649.93
185.233	2649.93
185.268	2650.94
185.303	2651.95
185.333	2651.95
185.368	2652.96
185.403	2653.97
185.433	2653.97
185.468	2654.97
185.503	2655.98
185.533	2655.98
185.568	2656.99
185.603	2658
185.633	2658
185.668	2659.01
185.703	2660.02
185.733	2660.02
185.768	2661.04
185.803	2662.05
185.833	2662.05
185.868	2663.06
185.903	2664.07
185.933	2664.07
185.968	2665.09
186.003	2666.1
186.033	2666.1
186.068	2667.11
186.103	2668.13
186.133	2668.13
186.168	2669.14
186.203	2670.16
186.233	2670.16
186.268	2671.17
186.303	2672.19
186.333	2672.19
186.368	2673.21
186.403	2674.22
186.433	2674.22
186.468	2675.24
186.503	2676.26
186.533	2676.26
186.568	2677.27
186.603	2678.29
186.633	2678.29
186.668	2679.31
186.703	2680.33
186.733	2680.33
186.768	2681.35
186.803	2682.37
186.833	2682.37
186.868	2683.39
186.903	2684.41
186.933	2684.41
186.968	2685.43
187.003	2686.45
187.033	2686.45
187.068	2687.48
187.103	2688.5
187.133	2688.5
187.168	2689.52
187.203	2690.54
187.233	2690.54
187.268	2691.56
187.303	2692.59
187.333	2692.59
187.368	2693.61
187.403	2694.66
187.433	2694.66
187.468	2695.66
187.503	2696.71
187.533	2696.71
187.568	2697.71
187.603	2698.76
187.633	2698.76
187.668	2699.77
187.703	2700.81
187.733	2700.81
187.768	2701.82
187.803	2702.87
187.833	2702.87
187.868	2703.87
187.903	2704.92
187.933	2704.92
187.968	2705.93
188.003	2706.98
188.033	2706.98
188.068	2707.99
188.103	2709.04
188.133	2709.04
188.168	2710.05
188.203	2711.1
188.233	2711.1
188.268	2712.11
188.303	2713.16
188.333	2713.16
188.368	2714.18
188.403	2715.23
188.433	2715.23
188.468	2716.24
188.503	2717.29
188.533	2717.29
188.568	2718.31
188.603	2719.36
188.633	2719.36
188.668	2720.38
188.703	2721.43
188.733	2721.43
188.768	2722.45
188.803	2723.5
188.833	2723.5
188.868	2724.52
188.903	2725.57
188.933	2725.57
188.968	2726.59
189.003	2727.65
189.033	2727.65
189.068	2728.67
189.103	2729.73
189.133	2729.73
189.168	2730.74
189.203	2731.8
189.233	2731.8
189.268	2732.82
189.303	2733.88
189.333	2733.88
189.368	2734.9
189.403	2735.96
189.433	2735.96
189.468	2736.98
189.503	2738.04
189.533	2738.04
189.568	2739.06
189.603	2740.12
189.633	2740.12
189.668	2741.15
189.703	2742.2
189.733	2742.2
189.768	2743.22
189.803	2744.28
189.833	2744.28
189.868	2745.29
189.903	2746.34
189.933	2746.34
189.968	2747.35
190.003	2748.4
190.033	2748.4
190.068	2749.4
190.103	2750.45
190.133	2750.45
190.168	2751.45
190.203	2752.49
190.233	2752.49
190.268	2753.49
190.303	2754.52
190.333	2754.52
190.358	2755.52
190.403	2756.55
190.433	2756.55
190.458	2757.54
190.493	2757.54
190.518	2758.57
190.543	2758.57
190.568	2759.55
190.603	2760.58
190.633	2760.58
190.668	2761.56
190.703	2762.57
190.733	2762.57
190.758	2763.55
190.803	2764.56
190.833	2607.97
190.858	2607.97
190.893	2607.97
190.918	2607.97
190.958	2607.97
190.998	2607.97
191.033	2607.97
191.068	2607.97
191.103	2607.97
191.133	2607.97
191.168	2607.97
191.203	2607.97
191.233	2607.97
191.268	2607.97
191.303	2607.97
191.333	2607.97
191.368	2607.97
191.403	2607.97
191.433	2607.97
191.468	2607.97
191.503	2607.97
191.533	2607.97
191.568	2607.97
191.603	2607.97
191.633	2607.97
191.668	2607.97
191.703	2607.97
191.733	2607.97
191.768	2607.97
191.803	2607.97
191.833	2607.97
191.868	2607.97
191.903	2607.97
191.933	2607.97
191.968	2607.97
192.003	2607.97
192.033	2607.97
192.068	2607.97
192.103	2607.97
192.133	2607.97
192.168	2607.97
192.203	2607.97
192.233	2607.97
192.268	2607.97
192.303	2607.97
192.333	2607.97
192.368	2607.97
192.403	2607.97
192.433	2607.97
192.468	2607.97
192.503	2607.97
192.533	2607.97
192.568	2607.97
192.603	2607.97
192.633	2607.97
192.668	2607.97
192.703	2607.97
192.733	2607.97
192.768	2607.97
192.793	2607.97
192.833	2607.97
192.858	2607.97
192.883	2607.97
192.908	2607.97
192.933	2607.97
192.968	2607.97
192.993	2607.97
193.018	2607.97
193.043	2607.97
193.068	2607.97
193.103	2607.97
193.133	2607.97
193.158	2607.97
193.203	2607.97
193.233	2607.97
193.258	2607.97
193.288	2607.97
193.333	2607.97
193.368	2607.97
193.393	2607.97
193.433	2607.97
193.468	2607.97
193.503	2607.97
193.533	2607.97
193.568	2607.97
193.603	2607.97
193.633	2607.97
193.668	2607.97
193.703	2607.97
193.733	2607.97
193.768	2607.97
193.803	2607.97
193.833	2607.97
193.868	2607.97
193.903	2607.97
193.933	2607.97
193.968	2607.97
194.003	2434.79
194.033	2434.79
194.068	2434.79
194.103	2434.79
194.133	2434.79
194.168	2434.79
194.203	2434.79
194.233	2434.79
194.268	2434.79
194.303	2434.79
194.333	2434.79
194.368	2434.79
194.403	2434.79
194.433	2434.79
194.468	2434.79
194.503	2434.79
194.533	2434.79
194.568	2434.79
194.603	2434.79
194.633	2434.79
194.668	2434.79
194.703	2434.79
194.733	2434.79
194.768	2434.79
194.803	2434.79
194.833	2434.79
194.868	2434.79
194.903	2434.79
194.933	2434.79
194.968	2434.79
195.003	2434.79
195.033	2630.57
195.068	2630.57
195.103	2630.57
195.133	2630.57
195.168	2630.57
195.203	2630.57
195.233	2630.57
195.268	2630.57
195.303	2630.57
195.333	2630.57
195.368	2630.57
195.403	2630.57
195.433	2630.57
195.458	2630.57
195.503	2630.57
195.533	2630.57
195.558	2630.57
195.593	2630.57
195.633	2630.57
195.668	2630.57
195.703	2630.57
195.733	2630.57
195.768	2630.57
195.803	2630.57
195.833	2630.57
195.858	2630.57
195.903	2630.57
195.933	2630.57
195.958	2630.57
196.003	2630.57
196.033	2630.57
196.058	2842.02
196.093	2619.98
196.133	2619.98
196.158	2619.98
196.203	2619.98
196.233	2619.98
196.268	2619.98
196.303	2619.98
196.333	2619.98
196.368	2619.98
196.403	2619.98
196.433	2619.98
196.468	2619.98
196.503	2619.98
196.533	2619.98
196.568	2619.98
196.603	2619.98
196.633	2619.98
196.668	2619.98
196.703	2619.98
196.733	2619.98
196.768	2619.98
196.803	2619.98
196.833	2619.98
196.868	2619.98
196.903	2619.98
196.933	2619.98
196.968	2619.98
197.003	2619.98
197.033	2619.98
197.068	2619.98
197.103	2619.98
197.133	2619.98
197.168	2619.98
197.203	2619.98
197.233	2619.98
197.268	2619.98
197.303	2619.98
197.333	2619.98
197.368	2619.98
197.403	2619.98
197.433	2619.98
197.468	2619.98
197.503	2619.98
197.533	2619.98
197.568	2619.98
197.603	2619.98
197.633	2619.98
197.668	2619.98
197.703	2131.97
197.733	2131.97
197.768	2131.97
197.803	2131.97
197.833	2131.97
197.858	2131.97
197.903	2131.97
197.933	2131.97
197.968	2131.97
198.003	2131.97
198.033	2131.97
198.068	2131.97
198.103	2131.97
198.133	2131.97
198.168	2131.97
198.203	2131.97
198.233	2131.97
198.268	2131.97
198.303	2131.97
198.333	2131.97
198.368	2131.97
198.403	2131.97
198.433	2131.97
198.468	2131.97
198.503	2131.97
198.533	2131.97
198.568	2131.97
198.603	2131.97
198.633	2131.97
198.668	2131.97
198.703	2131.97
198.733	2131.97
198.768	2131.97
198.803	2131.97
198.833	2131.97
198.868	2131.97
198.903	2131.97
198.933	2131.97
198.968	2131.97
199.003	2131.97
199.033	2131.97
199.068	2131.97
199.103	2131.97
199.133	2131.97
199.168	2131.97
199.203	2131.97
199.233	2155.65
199.268	2156.63
199.303	2157.65
199.333	2157.65
199.368	2158.64
199.403	2159.67
199.433	2159.67
199.468	2160.67
199.503	2161.7
199.533	2161.7
199.568	2162.7
199.603	2163.74
199.633	2163.74
199.668	2164.74
199.703	2165.78
199.733	2165.78
199.768	2166.78
199.803	2167.83
199.833	2167.83
199.868	2168.84
199.903	2169.9
199.933	2169.9
199.968	2170.91
