0.057	22
0.085	22
0.135	22
0.161	23
0.194	26
0.225	22
0.259	22
0.295	23
0.324	22
0.349	37
0.374	32
0.401	29
0.427	25
0.459	22
0.494	22
0.52	20
0.545	33
0.572	30
0.598	26
0.624	22
0.659	22
0.685	20
0.711	34
0.736	29
0.763	26
0.798	26
0.824	22
0.859	22
0.884	22
0.91	33
0.937	30
0.963	26
0.995	23
1.025	23
1.059	22
1.094	22
1.125	23
1.16	23
1.195	23
1.225	23
1.259	22
1.294	22
1.32	28
1.345	38
1.372	30
1.398	26
1.425	23
1.459	22
1.494	22
1.524	22
1.55	23
1.577	35
1.603	31
1.63	28
1.66	23
1.694	22
1.724	22
1.755	23
1.78	33
1.806	29
1.833	31
1.859	22
1.885	28
1.912	35
1.939	32
1.966	29
1.995	23
2.025	23
2.06	23
2.095	23
2.12	38
2.147	35
2.172	30
2.198	26
2.225	23
2.259	22
2.285	20
2.312	35
2.339	32
2.365	28
2.395	23
2.425	23
2.459	22
2.494	22
2.524	22
2.559	22
2.585	20
2.612	35
2.639	32
2.666	29
2.694	22
2.724	22
2.759	22
2.794	22
2.824	22
2.859	22
2.895	23
2.924	22
2.959	22
2.994	22
3.024	22
3.059	22
3.094	22
3.124	22
3.159	22
3.184	22
3.21	33
3.237	30
3.262	25
3.294	22
3.324	22
3.359	22
3.394	22
3.424	22
3.45	20
3.477	35
3.503	31
3.53	28
3.56	23
3.587	20
3.613	36
3.639	32
3.666	29
3.695	23
3.72	20
3.745	33
3.772	30
3.797	25
3.824	22
3.853	20
3.88	33
3.906	29
3.933	31
3.959	22
3.987	20
4.013	31
4.039	32
4.066	29
4.095	23
4.12	20
4.159	22
4.187	20
4.212	35
4.239	32
4.266	29
4.295	23
4.324	22
4.359	22
4.394	22
4.427	25
4.459	22
4.489	22
4.515	33
4.541	34
4.568	31
4.594	22
4.625	23
4.66	23
4.695	23
4.725	23
4.75	38
4.775	33
4.801	29
4.827	25
4.86	23
4.886	39
4.912	35
4.939	32
4.965	28
4.994	22
5.02	20
5.047	35
5.072	30
5.098	26
5.125	23
5.15	20
5.177	35
5.203	31
5.23	28
5.259	22
5.294	22
5.324	22
5.359	22
5.394	22
5.425	23
5.46	23
5.495	23
5.524	22
5.56	23
5.594	22
5.625	23
5.659	22
5.694	22
5.725	23
5.76	23
5.795	23
5.825	23
5.859	22
5.895	23
5.924	22
5.959	22
5.997	25
6.024	22
6.06	23
6.087	20
6.112	30
6.137	30
6.163	26
6.194	22
6.224	22
6.259	22
6.294	22
6.325	23
6.36	23
6.385	20
6.41	33
6.437	30
6.463	26
6.495	23
6.524	22
6.559	22
6.595	23
6.625	23
6.66	23
6.695	23
6.724	22
6.76	23
6.794	22
6.824	22
6.859	22
6.884	22
6.909	32
6.935	28
6.96	23
6.985	20
7.011	34
7.038	31
7.063	26
7.095	23
7.124	22
7.16	23
7.195	23
7.225	23
7.26	23
7.285	20
7.31	33
7.337	30
7.363	26
7.395	23
7.425	23
7.46	23
7.495	23
7.524	22
7.56	23
7.585	20
7.61	33
7.636	29
7.662	25
7.694	22
7.724	22
7.759	22
7.794	22
7.824	22
7.859	22
7.885	20
7.912	30
7.939	32
7.965	28
7.994	22
8.024	22
8.059	22
8.094	22
8.12	20
8.159	22
8.194	22
8.224	22
8.259	22
8.294	22
8.327	25
8.359	22
8.394	22
8.424	22
8.459	22
8.494	22
8.519	22
8.559	22
8.594	22
8.619	22
8.645	23
8.671	29
8.697	25
8.725	23
8.76	23
8.785	23
8.812	30
8.839	32
8.866	29
8.894	22
8.92	20
8.959	22
8.994	22
9.024	22
9.059	22
9.094	22
9.124	22
9.159	22
9.194	22
9.224	22
9.259	22
9.295	23
9.32	20
9.36	23
9.394	22
9.424	22
9.459	22
9.494	22
9.524	22
9.559	22
9.594	22
9.624	22
9.654	22
9.68	33
9.706	29
9.733	26
9.759	22
9.785	20
9.812	30
9.837	30
9.863	26
9.895	23
9.924	22
9.96	23
9.995	23
10.02	20
10.06	23
10.095	23
10.124	22
10.16	23
10.195	23
10.224	22
10.259	22
10.294	22
10.32	20
10.345	28
10.37	28
10.397	25
10.424	22
10.462	25
10.495	23
10.524	22
10.559	22
10.595	23
10.62	20
10.655	23
10.694	22
10.724	22
10.754	22
10.794	22
10.824	22
10.85	20
10.875	28
10.9	28
10.927	25
10.963	26
10.994	22
11.024	22
11.049	22
11.074	27
11.1	28
11.127	25
11.159	22
11.194	22
11.224	22
11.25	20
11.279	22
11.306	29
11.336	29
11.365	28
11.394	22
11.42	20
11.46	23
11.495	23
11.524	22
11.555	23
11.59	20
11.619	22
11.644	22
11.67	28
11.697	25
11.724	22
11.76	23
11.794	22
11.824	22
11.853	20
11.895	23
11.925	23
11.959	22
11.994	22
12.024	22
12.059	22
12.094	22
12.12	20
12.159	22
12.194	22
12.224	22
12.259	22
12.294	22
12.324	22
12.359	22
12.39	20
12.425	23
12.46	23
12.485	20
12.51	28
12.536	29
12.562	25
12.595	23
12.625	23
12.655	23
12.685	23
12.71	28
12.737	30
12.762	25
12.795	23
12.825	23
12.85	20
12.876	29
12.901	29
12.928	26
12.959	22
12.998	26
13.025	23
13.059	22
13.095	23
13.12	20
13.159	22
13.198	26
13.225	23
13.259	22
13.29	20
13.324	22
13.359	22
13.394	22
13.425	23
13.459	22
13.494	22
13.525	23
13.559	22
13.597	25
13.625	23
13.659	22
13.69	23
13.715	20
13.74	28
13.765	28
13.794	22
13.824	22
13.859	22
13.885	20
13.912	30
13.939	32
13.965	28
13.994	22
14.024	22
14.053	20
14.094	22
14.124	22
14.159	22
14.194	22
14.224	22
14.259	22
14.294	22
14.319	22
14.36	23
14.395	23
14.425	23
14.455	20
14.48	23
14.506	29
14.533	26
14.562	25
14.594	22
14.619	22
14.659	22
14.694	22
14.725	23
14.759	22
14.794	22
14.819	22
14.859	22
14.894	22
14.925	23
14.95	20
14.994	22
15.019	22
15.06	23
15.095	23
15.12	20
15.159	22
15.195	23
15.225	23
15.259	22
15.294	22
15.319	22
15.349	22
15.374	27
15.4	28
15.427	25
15.459	22
15.494	22
15.524	22
15.559	22
15.594	22
15.624	22
15.649	22
15.674	27
15.7	28
15.725	23
15.753	20
15.794	22
15.827	25
15.854	22
15.894	22
15.924	22
15.959	22
15.994	22
16.024	22
16.059	22
16.094	22
16.12	20
16.154	22
16.194	22
16.224	22
16.259	22
16.294	22
16.319	22
16.359	22
16.39	20
16.419	22
16.459	22
16.494	22
16.519	22
16.56	23
16.595	23
16.624	22
16.659	22
16.694	22
16.719	22
16.75	20
16.789	22
16.824	22
16.859	22
16.889	22
16.924	22
16.959	22
16.989	22
17.019	22
17.059	22
17.089	22
17.115	20
17.159	22
17.189	22
17.224	22
17.259	22
17.289	22
17.324	22
17.36	23
17.39	23
17.425	23
17.46	23
17.49	23
17.52	23
17.559	22
17.585	23
17.624	22
17.649	22
17.674	32
17.701	29
17.727	25
17.759	22
17.784	22
17.824	22
17.85	20
17.875	28
17.902	30
17.931	29
17.959	22
17.989	22
18.024	22
18.059	22
18.089	22
18.115	20
18.159	22
18.185	23
18.225	23
18.26	23
18.29	23
18.324	22
18.359	22
18.384	22
18.424	22
18.449	22
18.474	32
18.499	27
18.525	23
18.559	22
18.589	22
18.615	20
18.64	33
18.666	29
18.692	25
18.724	22
18.759	22
18.789	22
18.827	25
18.855	20
18.889	22
18.925	23
18.96	23
18.989	22
19.015	20
19.042	30
19.068	26
19.093	26
19.124	22
19.162	25
19.189	22
19.224	22
19.255	20
19.289	22
19.327	25
19.359	22
19.389	22
19.415	20
19.459	22
19.489	22
19.524	22
19.559	22
19.589	22
19.624	22
19.659	22
19.693	26
19.724	22
19.753	20
19.789	22
19.827	25
19.859	22
19.889	22
19.924	22
19.959	22
19.989	22
20.02	20
20.059	22
20.084	22
20.11	20
20.135	28
20.162	25
20.189	22
20.224	22
20.259	22
20.289	22
20.314	22
20.359	22
20.385	20
20.427	25
20.459	22
20.489	22
20.519	22
20.559	22
20.584	22
20.625	23
20.66	23
20.689	22
20.724	22
20.755	20
20.789	22
20.824	22
20.859	22
20.889	22
20.924	22
20.959	22
20.99	23
21.025	23
21.059	22
21.089	22
21.115	20
21.141	29
21.168	26
21.195	28
21.224	22
21.259	22
21.284	22
21.325	23
21.359	22
21.389	22
21.424	22
21.459	22
21.489	22
21.524	22
21.549	22
21.576	29
21.601	29
21.627	25
21.659	22
21.689	22
21.719	22
21.745	23
21.771	29
21.798	26
21.824	22
21.859	22
21.89	23
21.919	22
21.959	22
21.989	22
22.024	22
22.059	22
22.089	22
22.115	20
22.141	29
22.168	26
22.195	25
22.224	22
22.259	22
22.289	22
22.325	23
22.36	23
22.39	23
22.415	20
22.44	28
22.466	29
22.493	26
22.524	22
22.559	22
22.59	23
22.624	22
22.65	20
22.68	23
22.705	28
22.732	30
22.76	23
22.789	22
22.824	22
22.86	23
22.885	20
22.924	22
22.959	22
22.989	22
23.024	22
23.054	22
23.089	22
23.119	22
23.145	23
23.172	30
23.198	26
23.225	23
23.26	23
23.285	20
23.325	23
23.359	22
23.389	22
23.424	22
23.459	22
23.489	22
23.514	22
23.539	32
23.565	28
23.592	25
23.624	22
23.659	22
23.689	22
23.724	22
23.759	22
23.784	22
23.81	33
23.836	29
23.863	26
23.89	23
23.924	22
23.96	23
23.989	22
24.025	23
24.059	22
24.09	23
24.125	23
24.159	22
24.19	23
24.224	22
24.25	20
24.276	34
24.301	29
24.327	25
24.359	22
24.39	23
24.424	22
24.459	22
24.49	23
24.524	22
24.559	22
24.585	23
24.625	23
24.66	23
24.689	22
24.725	23
24.753	20
24.778	31
24.805	33
24.831	29
24.86	23
24.89	23
24.925	23
24.959	22
24.99	23
25.025	23
25.05	20
25.077	30
25.104	32
25.13	28
25.159	22
25.189	22
25.224	22
25.259	22
25.289	22
25.327	25
25.36	23
25.39	23
25.424	22
25.459	22
25.489	22
25.524	22
25.56	23
25.59	23
25.625	23
25.659	22
25.689	22
25.73	28
25.759	22
25.789	22
25.82	20
25.86	23
25.89	23
25.924	22
25.959	22
25.985	20
26.024	22
26.059	22
26.089	22
26.124	22
26.159	22
26.189	22
26.224	22
26.25	20
26.289	22
26.324	22
26.359	22
26.389	22
26.424	22
26.459	22
26.484	22
26.524	22
26.559	22
26.589	22
26.624	22
26.659	22
26.689	22
26.72	20
26.759	22
26.789	22
26.815	20
26.84	28
26.866	29
26.893	26
26.925	23
26.96	23
26.989	22
27.024	22
27.059	22
27.089	22
27.124	22
27.159	22
27.185	20
27.224	22
27.259	22
27.289	22
27.325	23
27.359	22
27.389	22
27.424	22
27.45	20
27.476	29
27.502	30
27.527	25
27.559	22
27.59	23
27.62	20
27.659	22
27.69	23
27.728	26
27.76	23
27.789	22
27.825	23
27.859	22
27.889	22
27.924	22
27.959	22
27.989	22
28.024	22
28.059	22
28.089	22
28.124	22
28.159	22
28.189	22
28.215	20
28.241	29
28.267	25
28.293	26
28.324	22
28.36	23
28.385	20
28.425	23
28.46	23
28.49	23
28.525	23
28.553	20
28.59	23
28.625	23
28.659	22
28.689	22
28.72	20
28.762	25
28.79	23
28.825	23
28.86	23
28.889	22
28.924	22
28.96	23
28.989	22
29.024	22
29.053	20
29.084	22
29.124	22
29.159	22
29.189	22
29.22	20
29.259	22
29.289	22
29.325	23
29.359	22
29.386	20
29.424	22
29.46	23
29.49	23
29.524	22
29.553	20
29.589	22
29.624	22
29.659	22
29.689	22
29.72	20
29.759	22
29.789	22
29.824	22
29.859	22
29.886	20
29.925	23
29.959	22
29.989	22
30.025	23
30.053	20
30.089	22
30.125	23
30.16	23
30.19	23
30.22	20
30.26	23
30.29	23
30.325	23
30.36	23
30.39	23
30.425	23
30.46	23
30.49	23
30.525	23
30.55	23
30.575	28
30.602	30
30.627	25
30.659	22
30.689	22
30.724	22
30.759	22
30.784	22
30.815	20
30.841	29
30.868	26
30.893	26
30.925	23
30.959	22
30.985	20
31.025	23
31.059	22
31.089	22
31.125	23
31.155	20
31.189	22
31.224	22
31.259	22
31.289	22
31.324	22
31.359	22
31.389	22
31.415	20
31.459	22
31.489	22
31.524	22
31.559	22
31.59	23
31.624	22
31.659	22
31.685	20
31.724	22
31.759	22
31.789	22
31.824	22
31.859	22
31.889	22
31.924	22
31.955	20
31.989	22
32.024	22
32.059	22
32.089	22
32.124	22
32.159	22
32.189	22
32.224	22
32.259	22
32.284	22
32.324	22
32.359	22
32.389	22
32.42	20
32.459	22
32.489	22
32.515	20
32.559	22
32.589	22
32.624	22
32.659	22
32.689	22
32.724	22
32.759	22
32.789	22
32.824	22
32.859	22
32.889	22
32.924	22
32.96	23
32.99	23
33.025	23
33.06	23
33.085	20
33.124	22
33.159	22
33.189	22
33.224	22
33.259	22
33.289	22
33.324	22
33.359	22
33.389	22
33.424	22
33.459	22
33.489	22
33.524	22
33.559	22
33.589	22
33.624	22
33.653	20
33.689	22
33.724	22
33.759	22
33.789	22
33.824	22
33.859	22
33.889	22
33.924	22
33.959	22
33.989	22
34.019	22
34.06	23
34.089	22
34.124	22
34.16	23
34.19	23
34.22	20
34.25	23
34.29	23
34.315	20
34.359	22
34.389	22
34.424	22
34.459	22
34.489	22
34.524	22
34.559	22
34.589	22
34.624	22
34.659	22
34.689	22
34.724	22
34.759	22
34.784	22
34.824	22
34.859	22
34.889	22
34.924	22
34.959	22
34.989	22
35.015	20
35.059	22
35.084	22
35.12	20
35.145	23
35.17	28
35.195	28
35.224	22
35.262	25
35.289	22
35.324	22
35.359	22
35.389	22
35.414	22
35.445	20
35.492	25
35.524	22
35.555	20
35.589	22
35.619	22
35.659	22
35.689	22
35.724	22
35.759	22
35.789	22
35.824	22
35.859	22
35.885	20
35.924	22
35.959	22
35.989	22
36.024	22
36.059	22
36.089	22
36.115	20
36.159	22
36.189	22
36.224	22
36.259	22
36.289	22
36.324	22
36.35	20
36.389	22
36.424	22
36.459	22
36.489	22
36.525	23
36.56	23
36.589	22
36.624	22
36.659	22
36.689	22
36.724	22
36.759	22
36.789	22
36.824	22
36.859	22
36.889	22
36.914	22
36.959	22
36.989	22
37.025	23
37.063	26
37.089	22
37.124	22
37.16	23
37.19	23
37.224	22
37.259	22
37.29	23
37.324	22
37.359	22
37.389	22
37.424	22
37.46	23
37.492	25
37.524	22
37.559	22
37.589	22
37.624	22
37.659	22
37.689	22
37.724	22
37.759	22
37.789	22
37.824	22
37.859	22
37.884	22
37.924	22
37.959	22
37.989	22
38.024	22
38.059	22
38.089	22
38.124	22
38.159	22
38.192	25
38.224	22
38.259	22
38.289	22
38.324	22
38.349	22
38.389	22
38.424	22
38.459	22
38.489	22
38.524	22
38.559	22
38.589	22
38.625	23
38.659	22
38.689	22
38.72	20
38.759	22
38.789	22
38.815	20
38.859	22
38.89	23
38.924	22
38.959	22
38.996	24
39.025	23
39.059	22
39.089	22
39.125	23
39.163	26
39.189	22
39.22	23
39.259	22
39.289	22
39.324	22
39.359	22
39.389	22
39.424	22
39.459	22
39.489	22
39.524	22
39.559	22
39.589	22
39.624	22
39.659	22
39.692	25
39.724	22
39.759	22
39.789	22
39.815	20
39.859	22
39.889	22
39.92	20
39.959	22
39.989	22
40.024	22
40.059	22
40.089	22
40.124	22
40.159	22
40.189	22
40.224	22
40.25	20
40.289	22
40.324	22
40.359	22
40.39	23
40.424	22
40.45	23
40.475	20
40.502	25
40.528	26
40.559	22
40.585	20
40.624	22
40.659	22
40.69	23
40.725	23
40.759	22
40.789	22
40.825	23
40.859	22
40.89	23
40.915	20
40.959	22
40.99	23
41.02	20
41.062	25
41.089	22
41.125	23
41.159	22
41.189	22
41.224	22
41.259	22
41.289	22
41.324	22
41.349	22
41.389	22
41.424	22
41.449	22
41.489	22
41.524	22
41.559	22
41.589	22
41.624	22
41.659	22
41.689	22
41.724	22
41.759	22
41.789	22
41.824	22
41.859	22
41.889	22
41.924	22
41.959	22
41.989	22
42.014	22
42.059	22
42.089	22
42.12	20
42.159	22
42.189	22
42.215	20
42.244	22
42.27	28
42.295	28
42.327	25
42.359	22
42.384	22
42.424	22
42.459	22
42.489	22
42.524	22
42.559	22
42.589	22
42.619	22
42.66	23
42.689	22
42.724	22
42.76	23
42.785	20
42.815	23
42.86	23
42.889	22
42.925	23
42.96	23
42.989	22
43.024	22
43.06	23
43.09	23
43.127	25
43.159	22
43.189	22
43.225	23
43.262	25
43.289	22
43.324	22
43.359	22
43.384	22
43.414	22
43.44	28
43.466	29
43.492	25
43.525	23
43.555	20
43.589	22
43.619	22
43.65	20
43.689	22
43.724	22
43.759	22
43.789	22
43.824	22
43.859	22
43.889	22
43.919	22
43.959	22
43.989	22
44.024	22
44.059	22
44.089	22
44.115	20
44.149	22
44.174	27
44.203	26
44.23	28
44.259	22
44.289	22
44.319	22
44.359	22
44.385	20
44.425	23
44.46	23
44.489	22
44.525	23
44.56	23
44.59	23
44.625	23
44.655	20
44.689	22
44.724	22
44.759	22
44.789	22
44.824	22
44.859	22
44.889	22
44.919	22
44.949	22
44.974	27
45.004	27
45.031	29
45.059	22
45.089	22
45.124	22
45.159	22
45.189	22
45.224	22
45.259	22
45.285	20
45.324	22
45.359	22
45.389	22
45.424	22
45.459	22
45.489	22
45.524	22
45.555	20
45.589	22
45.624	22
45.65	20
45.684	22
45.724	22
45.759	22
45.789	22
45.824	22
45.86	23
45.89	23
45.925	23
45.959	22
45.989	22
46.024	22
46.059	22
46.089	22
46.128	26
46.16	23
46.189	22
46.224	22
46.26	23
46.289	22
46.324	22
46.359	22
46.389	22
46.427	25
46.459	22
46.489	22
46.525	23
46.559	22
46.589	22
46.625	23
46.66	23
46.69	23
46.724	22
46.76	23
46.79	23
46.824	22
46.859	22
46.889	22
46.924	22
46.962	25
46.989	22
47.024	22
47.059	22
47.089	22
47.124	22
47.159	22
47.189	22
47.224	22
47.259	22
47.289	22
47.324	22
47.359	22
47.389	22
47.424	22
47.45	20
47.489	22
47.524	22
47.559	22
47.589	22
47.624	22
47.659	22
47.689	22
47.724	22
47.759	22
47.785	20
47.824	22
47.859	22
47.889	22
47.924	22
47.959	22
47.989	22
48.015	20
48.059	22
48.089	22
48.124	22
48.159	22
48.189	22
48.224	22
48.259	22
48.289	22
48.324	22
48.36	23
48.389	22
48.424	22
48.459	22
48.489	22
48.524	22
48.559	22
48.589	22
48.624	22
48.659	22
48.689	22
48.724	22
48.759	22
48.789	22
48.824	22
48.859	22
48.889	22
48.915	20
48.959	22
48.989	22
49.02	20
49.059	22
49.089	22
49.124	22
49.159	22
49.189	22
49.224	22
49.259	22
49.289	22
49.324	22
49.359	22
49.389	22
49.424	22
49.459	22
49.49	23
49.519	22
49.559	22
49.589	22
49.624	22
49.659	22
49.689	22
49.725	23
49.759	22
49.789	22
49.824	22
49.859	22
49.889	22
49.924	22
49.959	22
49.984	22
50.024	22
50.059	22
50.089	22
50.124	22
50.159	22
50.189	22
50.224	22
50.259	22
50.289	22
50.324	22
50.359	22
50.389	22
50.424	22
50.459	22
50.489	22
50.524	22
50.56	23
50.59	23
50.627	25
50.659	22
50.689	22
50.719	22
50.759	22
50.789	22
50.82	20
50.859	22
50.889	22
50.915	20
50.959	22
50.989	22
51.024	22
51.06	23
51.09	23
51.124	22
51.16	23
51.19	23
51.224	22
51.259	22
51.29	23
51.324	22
51.359	22
51.389	22
51.427	25
51.46	23
51.49	23
51.524	22
51.56	23
51.59	23
51.624	22
51.659	22
51.69	23
51.725	23
51.759	22
51.79	23
51.815	20
51.86	23
51.89	23
51.919	20
51.959	22
51.99	23
52.024	22
52.059	22
52.089	22
52.124	22
52.159	22
52.189	22
52.224	22
52.259	22
52.292	25
52.324	22
52.359	22
52.389	22
52.424	22
52.459	22
52.489	22
52.524	22
52.559	22
52.589	22
52.624	22
52.659	22
52.689	22
52.724	22
52.759	22
52.789	22
52.824	22
52.859	22
52.889	22
52.924	22
52.959	22
52.989	22
53.024	22
53.059	22
53.089	22
53.124	22
53.159	22
53.189	22
53.224	22
53.259	22
53.289	22
53.324	22
53.359	22
53.389	22
53.425	23
53.459	22
53.489	22
53.52	20
53.56	23
53.589	22
53.615	20
53.66	23
53.69	23
53.715	20
53.759	22
53.789	22
53.815	20
53.859	22
53.889	22
53.915	20
53.96	23
53.99	23
54.015	20
54.05	23
54.09	23
54.119	20
54.159	22
54.19	23
54.22	20
54.259	22
54.289	22
54.319	22
54.359	22
54.389	22
54.425	23
54.46	23
54.49	23
54.525	23
54.56	23
54.59	23
54.625	23
54.659	22
54.689	22
54.725	23
54.76	23
54.789	22
54.825	23
54.85	20
54.889	22
54.924	22
54.953	20
54.989	22
55.024	22
55.055	20
55.09	23
55.124	22
55.16	23
55.19	23
55.225	23
55.259	22
55.289	22
55.324	22
55.359	22
55.389	22
55.424	22
55.459	22
55.489	22
55.524	22
55.555	20
55.589	22
55.624	22
55.65	20
55.676	29
55.703	31
55.73	28
55.759	22
55.789	22
55.824	22
55.859	22
55.889	22
55.919	20
55.96	23
55.989	22
56.024	22
56.049	22
56.075	28
56.102	30
56.128	26
56.16	23
56.189	22
56.224	22
56.259	22
56.289	22
56.324	22
56.359	22
56.389	22
56.425	23
56.459	22
56.489	22
56.515	20
56.559	22
56.584	22
56.624	22
56.659	22
56.689	22
56.724	22
56.759	22
56.785	20
56.824	22
56.859	22
56.89	23
56.925	23
56.96	23
56.99	23
57.025	23
57.06	23
57.09	23
57.125	23
57.159	22
57.189	22
57.224	22
57.253	20
57.289	22
57.324	22
57.359	22
57.389	22
57.424	22
57.459	22
57.489	22
57.524	22
57.559	22
57.589	22
57.624	22
57.66	23
57.69	23
57.715	23
57.74	28
57.765	28
57.792	25
57.819	20
57.859	22
57.889	22
57.924	22
57.959	22
57.989	22
58.024	22
58.06	23
58.09	23
58.124	22
58.159	22
58.189	22
58.224	22
58.259	22
58.289	22
58.324	22
58.36	23
58.39	23
58.425	23
58.46	23
58.49	23
58.524	22
58.56	23
58.59	23
58.625	23
58.66	23
58.69	23
58.725	23
58.76	23
58.789	22
58.815	20
58.84	33
58.866	29
58.893	26
58.925	23
58.959	22
58.989	22
59.025	23
59.06	23
59.089	22
59.115	20
59.141	29
59.166	29
59.192	25
59.225	23
59.259	22
59.289	22
59.325	23
59.359	22
59.389	22
59.415	20
59.442	30
59.468	26
59.495	25
59.524	22
59.559	22
59.589	22
59.624	22
59.66	23
59.689	22
59.715	20
59.742	30
59.769	27
59.795	28
59.824	22
59.859	22
59.89	23
59.924	22
59.953	20
59.99	23
60.024	22
60.059	22
60.09	23
60.125	23
60.159	22
60.189	22
60.224	22
60.259	22
60.289	22
60.324	22
60.359	22
60.392	25
60.419	22
60.445	20
60.47	28
60.495	28
60.524	22
60.559	22
60.592	25
60.619	20
60.66	23
60.69	23
60.715	23
60.76	23
60.79	23
60.824	22
60.86	23
60.89	23
60.924	22
60.959	22
60.99	23
61.025	23
61.059	22
61.085	20
61.124	22
61.159	22
61.189	22
61.225	23
61.259	22
61.289	22
61.325	23
61.36	23
61.39	23
61.425	23
61.46	23
61.49	23
61.52	23
61.56	23
61.59	23
61.624	22
61.659	22
61.69	23
61.725	23
61.759	22
61.785	20
61.825	23
61.859	22
61.89	23
61.924	22
61.959	22
61.99	23
62.025	23
62.059	22
62.089	22
62.124	22
62.159	22
62.189	22
62.224	22
62.259	22
62.289	22
62.324	22
62.359	22
62.389	22
62.419	20
62.459	22
62.489	22
62.524	22
62.559	22
62.589	22
62.625	23
62.66	23
62.689	22
62.725	23
62.75	20
62.789	22
62.824	22
62.859	22
62.889	22
62.924	22
62.959	22
62.989	22
63.024	22
63.059	22
63.089	22
63.124	22
63.159	22
63.189	22
63.224	22
63.259	22
63.289	22
63.324	22
63.359	22
63.389	22
63.424	22
63.459	22
63.484	22
63.519	20
63.559	22
63.589	22
63.624	22
63.659	22
63.689	22
63.724	22
63.759	22
63.789	22
63.824	22
63.853	20
63.889	22
63.924	22
63.959	22
63.989	22
64.024	22
64.059	22
64.089	22
64.124	22
64.159	22
64.189	22
64.224	22
64.259	22
64.289	22
64.324	22
64.359	22
64.389	22
64.425	23
64.46	23
64.489	22
64.524	22
64.56	23
64.59	23
64.624	22
64.653	20
64.69	23
64.724	22
64.759	22
64.79	23
64.825	23
64.86	23
64.89	23
64.924	22
64.959	22
64.985	20
65.025	23
65.059	22
65.089	22
65.125	23
65.159	22
65.189	22
65.225	23
65.26	23
65.289	22
65.315	20
65.359	22
65.389	22
65.42	20
65.459	22
65.489	22
65.525	23
65.56	23
65.589	22
65.624	22
65.659	22
65.689	22
65.724	22
65.76	23
65.789	22
65.824	22
65.859	22
65.889	22
65.925	23
65.959	22
65.989	22
66.024	22
66.05	20
66.089	22
66.124	22
66.153	20
66.189	22
66.224	22
66.255	20
66.289	22
66.324	22
66.355	20
66.39	23
66.425	23
66.455	20
66.489	22
66.524	22
66.555	20
66.589	22
66.625	23
66.655	20
66.689	22
66.724	22
66.755	20
66.789	22
66.824	22
66.853	20
66.889	22
66.924	22
66.953	20
66.989	22
67.024	22
67.05	20
67.089	22
67.124	22
67.15	20
67.189	22
67.224	22
67.25	20
67.29	23
67.325	23
67.35	20
67.385	23
67.424	22
67.45	20
67.49	23
67.525	23
67.55	20
67.589	22
67.625	23
67.65	20
67.689	22
67.725	23
67.75	20
67.789	22
67.82	23
67.85	20
67.89	23
67.925	23
67.95	20
67.99	23
68.025	23
68.053	20
68.09	23
68.125	23
68.155	20
68.189	22
68.225	23
68.26	23
68.289	22
68.324	22
68.359	22
68.389	22
68.424	22
68.459	22
68.489	22
68.524	22
68.559	22
68.589	22
68.624	22
68.659	22
68.689	22
68.719	22
68.759	22
68.789	22
68.824	22
68.859	22
68.889	22
68.924	22
68.959	22
68.989	22
69.024	22
69.059	22
69.089	22
69.124	22
69.159	22
69.189	22
69.224	22
69.259	22
69.289	22
69.324	22
69.359	22
69.389	22
69.424	22
69.459	22
69.489	22
69.524	22
69.559	22
69.589	22
69.625	23
69.662	25
69.689	22
69.724	22
69.759	22
69.789	22
69.824	22
69.859	22
69.89	23
69.924	22
69.959	22
69.99	23
70.025	23
70.059	22
70.089	22
70.124	22
70.159	22
70.189	22
70.227	25
70.259	22
70.289	22
70.324	22
70.36	23
70.385	20
70.425	23
70.46	23
70.489	22
70.524	22
70.56	23
70.59	23
70.624	22
70.66	23
70.69	23
70.724	22
70.759	22
70.79	23
70.824	22
70.85	23
70.889	22
70.924	22
70.959	22
70.989	22
71.015	20
71.06	23
71.089	22
71.12	20
71.16	23
71.19	23
71.224	22
71.26	23
71.29	23
71.324	22
71.359	22
71.389	22
71.424	22
71.459	22
71.489	22
71.524	22
71.559	22
71.589	22
71.624	22
71.659	22
71.689	22
71.724	22
71.753	20
71.789	22
71.824	22
71.859	22
71.889	22
71.924	22
71.959	22
71.989	22
72.024	22
72.059	22
72.085	20
72.124	22
72.159	22
72.189	22
72.224	22
72.259	22
72.289	22
72.315	20
72.359	22
72.389	22
72.414	22
72.459	22
72.489	22
72.524	22
72.559	22
72.592	25
72.624	22
72.659	22
72.689	22
72.724	22
72.759	22
72.789	22
72.824	22
72.859	22
72.886	20
72.924	22
72.959	22
72.989	22
73.024	22
73.059	22
73.089	22
73.115	20
73.159	22
73.189	22
73.224	22
73.259	22
73.289	22
73.324	22
73.359	22
73.389	22
73.424	22
73.453	20
73.489	22
73.524	22
73.559	22
73.589	22
73.624	22
73.659	22
73.692	25
73.724	22
73.759	22
73.789	22
73.824	22
73.859	22
73.889	22
73.925	23
73.959	22
73.989	22
74.025	23
74.06	23
74.089	22
74.124	22
74.16	23
74.19	23
74.224	22
74.253	20
74.29	23
74.324	22
74.359	22
74.39	23
74.424	22
74.46	23
74.49	23
74.524	22
74.559	22
74.585	20
74.624	22
74.659	22
74.689	22
74.725	23
74.759	22
74.789	22
74.825	23
74.86	23
74.889	22
74.915	20
74.959	22
74.989	22
75.024	22
75.059	22
75.089	22
75.124	22
75.159	22
75.189	22
75.224	22
75.259	22
75.289	22
75.324	22
75.353	20
75.389	22
75.424	22
75.46	23
75.49	23
75.524	22
75.559	22
75.59	23
75.624	22
75.659	22
75.685	20
75.725	23
75.759	22
75.789	22
75.825	23
75.86	23
75.89	23
75.925	23
75.959	22
75.989	22
76.015	20
76.059	22
76.089	22
76.124	22
76.163	26
76.19	23
76.224	22
76.26	23
76.29	23
76.325	23
76.36	23
76.39	23
76.424	22
76.459	22
76.49	23
76.525	23
76.55	20
76.589	22
76.625	23
76.653	20
76.69	23
76.724	22
76.755	20
76.789	22
76.824	22
76.859	22
76.889	22
76.924	22
76.959	22
76.989	22
77.024	22
77.059	22
77.089	22
77.124	22
77.159	22
77.189	22
77.224	22
77.259	22
77.289	22
77.324	22
77.359	22
77.389	22
77.424	22
77.459	22
77.49	23
77.525	23
77.559	22
77.589	22
77.615	20
77.659	22
77.689	22
77.725	23
77.76	23
77.789	22
77.824	22
77.859	22
77.889	22
77.925	23
77.955	20
77.989	22
78.025	23
78.06	23
78.089	22
78.124	22
78.16	23
78.19	23
78.224	22
78.259	22
78.285	20
78.324	22
78.359	22
78.389	22
78.424	22
78.459	22
78.489	22
78.524	22
78.559	22
78.589	22
78.615	20
78.662	25
78.689	22
78.727	25
78.759	22
78.789	22
78.824	22
78.86	23
78.89	23
78.915	23
78.945	20
78.972	25
78.999	27
79.024	22
79.059	22
79.089	22
79.125	23
79.159	22
79.189	22
79.225	23
79.26	23
79.289	22
79.324	22
79.359	22
79.389	22
79.424	22
79.459	22
79.485	20
79.524	22
79.559	22
79.589	22
79.624	22
79.659	22
79.689	22
79.724	22
79.759	22
79.789	22
79.814	22
79.859	22
79.889	22
79.924	22
79.959	22
79.989	22
80.015	20
80.059	22
80.089	22
80.124	22
80.159	22
80.189	22
80.224	22
80.259	22
80.289	22
80.324	22
80.359	22
80.389	22
80.424	22
80.455	20
80.49	23
80.519	22
80.559	22
80.589	22
80.625	23
80.66	23
80.69	23
80.724	22
80.759	22
80.785	20
80.825	23
80.859	22
80.889	22
80.924	22
80.959	22
80.992	25
81.024	22
81.059	22
81.089	22
81.115	20
81.159	22
81.189	22
81.224	22
81.259	22
81.289	22
81.324	22
81.359	22
81.389	22
81.427	25
81.459	22
81.489	22
81.524	22
81.553	20
81.589	22
81.624	22
81.659	22
81.689	22
81.724	22
81.759	22
81.789	22
81.824	22
81.859	22
81.885	20
81.924	22
81.959	22
81.989	22
82.024	22
82.059	22
82.089	22
82.115	20
82.159	22
82.189	22
82.224	22
82.259	22
82.289	22
82.324	22
82.359	22
82.389	22
82.43	23
82.459	22
82.489	22
82.524	22
82.559	22
82.589	22
82.624	22
82.659	22
82.689	22
82.724	22
82.759	22
82.789	22
82.824	22
82.859	22
82.889	22
82.919	20
82.959	22
82.989	22
83.024	22
83.059	22
83.089	22
83.124	22
83.15	20
83.189	22
83.224	22
83.259	22
83.289	22
83.327	25
83.359	22
83.389	22
83.424	22
83.459	22
83.489	22
83.524	22
83.559	22
83.589	22
83.624	22
83.659	22
83.684	22
83.724	22
83.759	22
83.789	22
83.824	22
83.859	22
83.889	22
83.924	22
83.952	20
83.979	22
84.024	22
84.059	22
84.089	22
84.124	22
84.159	22
84.189	22
84.224	22
84.259	22
84.285	20
84.327	25
84.359	22
84.39	23
84.425	23
84.459	22
84.484	22
84.525	23
84.56	23
84.59	23
84.624	22
84.659	22
84.684	22
84.715	20
84.759	22
84.79	23
84.825	23
84.86	23
84.89	23
84.925	23
84.96	23
84.989	22
85.028	26
85.06	23
85.093	26
85.124	22
85.159	22
85.189	22
85.224	22
85.262	25
85.289	22
85.324	22
85.36	23
85.39	23
85.42	23
85.459	22
85.49	23
85.524	22
85.55	23
85.59	23
85.625	23
85.659	22
85.689	22
85.725	23
85.76	23
85.79	23
85.824	22
85.859	22
85.89	23
85.925	23
85.962	25
85.989	22
86.025	23
86.06	23
86.09	23
86.124	22
86.159	22
86.189	22
86.224	22
86.26	23
86.29	23
86.324	22
86.35	20
86.389	22
86.424	22
86.452	20
86.489	22
86.524	22
86.555	20
86.589	22
86.624	22
86.662	25
86.689	22
86.724	22
86.762	25
86.789	22
86.824	22
86.86	23
86.89	23
86.924	22
86.963	26
86.99	23
87.024	22
87.059	22
87.09	23
87.124	22
87.159	22
87.19	23
87.225	23
87.259	22
87.289	22
87.325	23
87.36	23
87.39	23
87.425	23
87.46	23
87.49	23
87.525	23
87.559	22
87.589	22
87.625	23
87.66	23
87.689	22
87.724	22
87.759	22
87.789	22
87.824	22
87.849	22
87.874	27
87.901	29
87.927	25
87.959	22
87.989	22
88.024	22
88.059	22
88.089	22
88.124	22
88.16	23
88.19	23
88.224	22
88.259	22
88.289	22
88.324	22
88.355	20
88.389	22
88.424	22
88.45	20
88.489	22
88.524	22
88.559	22
88.589	22
88.624	22
88.659	22
88.689	22
88.724	22
88.759	22
88.789	22
88.815	20
88.859	22
88.889	22
88.924	22
88.959	22
88.989	22
89.019	22
89.044	22
89.07	28
89.098	26
89.124	22
89.159	22
89.189	22
89.224	22
89.259	22
89.289	22
89.324	22
89.36	23
89.39	23
89.424	22
89.459	22
89.489	22
89.524	22
89.549	22
89.589	22
89.624	22
89.659	22
89.684	22
89.724	22
89.759	22
89.789	22
89.824	22
89.859	22
89.889	22
89.92	20
89.965	28
89.992	25
90.024	22
90.059	22
90.089	22
90.124	22
90.159	22
90.189	22
90.224	22
90.259	22
90.289	22
90.324	22
90.359	22
90.389	22
90.427	25
90.459	22
90.489	22
90.519	22
90.55	20
90.585	23
90.624	22
90.659	22
90.684	22
90.719	22
90.759	22
90.79	23
90.819	20
90.844	22
90.869	27
90.895	28
90.924	22
90.949	22
90.975	28
91.002	30
91.028	26
91.06	23
91.089	22
91.13	28
91.159	22
91.189	22
91.224	22
91.259	22
91.284	22
91.324	22
91.36	23
91.39	23
91.415	20
91.459	22
91.489	22
91.519	22
91.559	22
91.585	20
91.627	25
91.659	22
91.689	22
91.724	22
91.755	20
91.789	22
91.824	22
91.849	22
91.874	27
91.9	28
91.927	25
91.959	22
91.989	22
92.019	22
92.059	22
92.089	22
92.115	20
92.159	22
92.192	25
92.224	22
92.259	22
92.289	22
92.324	22
92.359	22
92.385	20
92.424	22
92.459	22
92.489	22
92.524	22
92.559	22
92.589	22
92.624	22
92.66	23
92.69	23
92.727	25
92.752	20
92.79	23
92.824	22
92.859	22
92.889	22
92.924	22
92.959	22
92.989	22
93.024	22
93.059	22
93.089	22
93.124	22
93.16	23
93.19	23
93.224	22
93.259	22
93.289	22
93.324	22
93.359	22
93.389	22
93.419	22
93.444	22
93.471	24
93.498	26
93.524	22
93.562	25
93.589	22
93.624	22
93.65	20
93.689	22
93.724	22
93.755	20
93.79	23
93.824	22
93.859	22
93.889	22
93.924	22
93.96	23
93.99	23
94.025	23
94.06	23
94.089	22
94.125	23
94.159	22
94.189	22
94.224	22
94.259	22
94.289	22
94.324	22
94.359	22
94.385	20
94.424	22
94.459	22
94.489	22
94.525	23
94.559	22
94.589	22
94.624	22
94.659	22
94.689	22
94.724	22
94.759	22
94.79	23
94.825	23
94.859	22
94.889	22
94.924	22
94.962	25
94.989	22
95.015	20
95.059	22
95.09	23
95.12	20
95.162	25
95.189	22
95.225	23
95.26	23
95.289	22
95.325	23
95.36	23
95.389	22
95.424	22
95.459	22
95.489	22
95.524	22
95.55	20
95.589	22
95.624	22
95.659	22
95.689	22
95.714	22
95.749	22
95.79	23
95.825	23
95.863	26
95.89	23
95.92	23
95.96	23
95.99	23
96.015	23
96.059	22
96.085	20
96.125	23
96.159	22
96.189	22
96.228	26
96.26	23
96.289	22
96.324	22
96.359	22
96.389	22
96.424	22
96.462	25
96.489	22
96.524	22
96.559	22
96.589	22
96.624	22
96.649	22
96.689	22
96.724	22
96.759	22
96.789	22
96.824	22
96.859	22
96.889	22
96.925	23
96.96	23
96.985	20
97.025	23
97.06	23
97.089	22
97.125	23
97.16	23
97.19	23
97.224	22
97.259	22
97.289	22
97.324	22
97.359	22
97.39	23
97.425	23
97.459	22
97.489	22
97.525	23
97.56	23
97.589	22
97.624	22
97.659	22
97.689	22
97.724	22
97.749	22
97.79	23
97.824	22
97.859	22
97.889	22
97.924	22
97.959	22
97.989	22
98.014	22
98.039	27
98.065	28
98.092	25
98.124	22
98.159	22
98.189	22
98.224	22
98.259	22
98.289	22
98.324	22
98.359	22
98.385	20
98.424	22
98.459	22
98.489	22
98.524	22
98.559	22
98.589	22
98.624	22
98.659	22
98.689	22
98.724	22
98.759	22
98.789	22
98.819	20
98.859	22
98.889	22
98.924	22
98.949	22
98.989	22
99.024	22
99.059	22
99.089	22
99.114	22
99.159	22
99.189	22
99.224	22
99.259	22
99.289	22
99.324	22
99.359	22
99.389	22
99.424	22
99.459	22
99.489	22
99.524	22
99.559	22
99.589	22
99.619	20
99.659	22
99.689	22
99.724	22
99.759	22
99.789	22
99.819	22
99.85	20
99.889	22
99.914	22
99.959	22
99.989	22
100.024	22
100.059	22
100.089	22
100.124	22
100.159	22
100.189	22
100.228	26
100.259	22
100.29	23
100.324	22
100.359	22
100.389	22
100.415	20
100.459	22
100.492	25
100.524	22
100.559	22
100.589	22
100.624	22
100.659	22
100.689	22
100.724	22
100.759	22
100.789	22
100.824	22
100.855	20
100.889	22
100.924	22
100.962	25
100.989	22
101.024	22
101.059	22
101.089	22
101.124	22
101.159	22
101.185	20
101.224	22
101.259	22
101.289	22
101.324	22
101.362	25
101.389	22
101.424	22
101.459	22
101.489	22
101.515	20
101.559	22
101.589	22
101.614	22
101.649	22
101.692	25
101.724	22
101.759	22
101.789	22
101.824	22
101.859	22
101.889	22
101.924	22
101.955	20
101.989	22
102.025	23
102.06	23
102.09	23
102.125	23
102.159	22
102.189	22
102.224	22
102.26	23
102.285	20
102.324	22
102.359	22
102.39	23
102.425	23
102.46	23
102.49	23
102.525	23
102.56	23
102.589	22
102.615	20
102.66	23
102.69	23
102.724	22
102.759	22
102.79	23
102.819	22
102.859	22
102.889	22
102.924	22
102.959	22
102.992	25
103.024	22
103.059	22
103.09	23
103.119	22
103.15	20
103.18	23
103.224	22
103.25	20
103.279	22
103.324	22
103.359	22
103.384	22
103.425	23
103.45	20
103.489	22
103.524	22
103.55	20
103.592	25
103.624	22
103.65	20
103.689	22
103.719	22
103.744	22
103.77	28
103.795	23
103.824	22
103.85	20
103.89	23
103.924	22
103.95	20
103.989	22
104.024	22
104.052	20
104.089	22
104.124	22
104.155	20
104.189	22
104.227	25
104.259	22
104.289	22
104.324	22
104.359	22
104.389	22
104.424	22
104.459	22
104.489	22
104.524	22
104.559	22
104.589	22
104.624	22
104.659	22
104.692	25
104.724	22
104.759	22
104.789	22
104.824	22
104.859	22
104.889	22
104.92	20
104.96	23
104.989	22
105.024	22
105.06	23
105.09	23
105.125	23
105.16	23
105.19	23
105.224	22
105.25	20
105.29	23
105.325	23
105.36	23
105.39	23
105.427	25
105.459	22
105.489	22
105.524	22
105.559	22
105.589	22
105.624	22
105.659	22
105.686	20
105.724	22
105.759	22
105.789	22
105.824	22
105.86	23
105.89	23
105.925	23
105.96	23
105.989	22
106.015	20
106.06	23
106.09	23
106.125	23
106.16	23
106.189	22
106.225	23
106.26	23
106.29	23
106.328	26
106.363	26
106.389	22
106.424	22
106.452	20
106.489	22
106.524	22
106.559	22
106.589	22
106.625	23
106.66	23
106.689	22
106.728	26
106.76	23
106.79	23
106.824	22
106.859	22
106.885	20
106.924	22
106.959	22
106.989	22
107.024	22
107.059	22
107.089	22
107.124	22
107.159	22
107.189	22
107.224	22
107.259	22
107.289	22
107.319	20
107.359	22
107.389	22
107.419	22
107.459	22
107.489	22
107.525	23
107.56	23
107.589	22
107.615	23
107.64	20
107.666	24
107.692	25
107.724	22
107.76	23
107.79	23
107.824	22
107.85	20
107.889	22
107.924	22
107.955	20
107.989	22
108.024	22
108.049	22
108.089	22
108.124	22
108.159	22
108.189	22
108.224	22
108.259	22
108.289	22
108.324	22
108.349	22
108.384	22
108.425	23
108.46	23
108.489	22
108.524	22
108.559	22
108.589	22
108.624	22
108.659	22
108.689	22
108.724	22
108.759	22
108.789	22
108.824	22
108.859	22
108.889	22
108.924	22
108.959	22
108.989	22
109.025	23
109.06	23
109.09	23
109.124	22
109.16	23
109.19	23
109.225	23
109.26	23
109.285	20
109.325	23
109.359	22
109.389	22
109.425	23
109.46	23
109.492	25
109.525	23
109.56	23
109.589	22
109.624	22
109.66	23
109.69	23
109.715	23
109.76	23
109.79	23
109.825	23
109.86	23
109.889	22
109.924	22
109.96	23
109.99	23
110.02	23
110.06	23
110.089	22
110.125	23
110.16	23
110.189	22
110.224	22
110.26	23
110.293	26
110.324	22
110.362	25
110.389	22
110.424	22
110.459	22
110.493	26
110.525	23
110.56	23
110.59	23
110.624	22
110.66	23
110.69	23
110.724	22
110.759	22
110.79	23
110.825	23
110.859	22
110.889	22
110.924	22
110.959	22
110.989	22
111.024	22
111.062	25
111.089	22
111.124	22
111.159	22
111.189	22
111.224	22
111.259	22
111.289	22
111.324	22
111.349	22
111.374	27
111.399	27
111.425	23
111.459	22
111.485	23
111.528	26
111.559	22
111.59	23
111.625	23
111.659	22
111.689	22
111.724	22
111.759	22
111.784	22
111.819	22
111.859	22
111.884	22
111.915	20
111.941	29
111.967	25
111.992	25
112.025	23
112.059	22
112.089	22
112.125	23
112.16	23
112.185	20
112.224	22
112.26	23
112.289	22
112.324	22
112.359	22
112.389	22
112.425	23
112.46	23
112.489	22
112.525	23
112.552	20
112.589	22
112.624	22
112.65	20
112.69	23
112.724	22
112.75	20
112.79	23
112.825	23
112.85	20
112.889	22
112.924	22
112.952	20
112.989	22
113.024	22
113.059	22
113.089	22
113.124	22
113.16	23
113.19	23
113.224	22
113.259	22
113.29	23
113.324	22
113.359	22
113.385	20
113.424	22
113.46	23
113.49	23
113.524	22
113.56	23
113.59	23
113.624	22
113.659	22
113.69	23
113.724	22
113.759	22
113.792	25
113.824	22
113.859	22
113.889	22
113.915	20
113.959	22
113.989	22
114.019	20
114.044	22
114.07	23
114.095	23
114.124	22
114.159	22
114.189	22
114.224	22
114.259	22
114.289	22
114.319	22
114.359	22
114.39	23
114.427	25
114.459	22
114.489	22
114.524	22
114.559	22
114.592	25
114.627	25
114.652	20
114.689	22
114.724	22
114.759	22
114.784	22
114.824	22
114.859	22
114.889	22
114.924	22
114.959	22
114.989	22
115.024	22
115.06	23
115.09	23
115.125	23
115.16	23
115.189	22
115.224	22
115.26	23
115.29	23
115.325	23
115.36	23
115.39	23
115.424	22
115.459	22
115.49	23
115.524	22
115.55	23
115.59	23
115.615	20
115.659	22
115.689	22
115.719	20
115.76	23
115.79	23
115.825	23
115.85	23
115.889	22
115.92	23
115.949	22
115.989	22
116.025	23
116.06	23
116.089	22
116.124	22
116.159	22
116.189	22
116.224	22
116.259	22
116.289	22
116.324	22
116.359	22
116.392	25
116.424	22
116.459	22
116.489	22
116.524	22
116.559	22
116.589	22
116.624	22
116.659	22
116.689	22
116.724	22
116.759	22
116.789	22
116.824	22
116.859	22
116.889	22
116.924	22
116.95	20
116.989	22
117.024	22
117.059	22
117.093	26
117.125	23
117.16	23
117.19	23
117.224	22
117.259	22
117.289	22
117.324	22
117.359	22
117.389	22
117.424	22
117.459	22
117.489	22
117.524	22
117.559	22
117.589	22
117.624	22
117.659	22
117.69	23
117.725	23
117.759	22
117.789	22
117.815	20
117.841	29
117.868	26
117.895	28
117.924	22
117.949	22
117.977	30
118.004	32
118.031	29
118.06	23
118.089	22
118.124	22
118.159	22
118.185	20
118.21	33
118.236	29
118.262	25
118.289	22
118.324	22
118.352	20
118.389	22
118.424	22
118.459	22
118.489	22
118.515	20
118.541	29
118.568	26
118.595	28
118.624	22
118.66	23
118.69	23
118.724	22
118.752	20
118.789	22
118.824	22
118.859	22
118.89	23
118.925	23
118.96	23
118.989	22
119.024	22
119.059	22
119.089	22
119.124	22
119.152	20
119.189	22
119.225	23
119.26	23
119.29	23
119.32	20
119.359	22
119.389	22
119.424	22
119.459	22
119.489	22
119.524	22
119.559	22
119.584	22
119.61	28
119.636	29
119.662	25
119.689	22
119.724	22
119.759	22
119.789	22
119.824	22
119.859	22
119.889	22
119.915	20
119.94	28
119.965	28
119.992	25
120.025	23
120.059	22
120.085	20
120.125	23
120.159	22
120.185	23
120.224	22
120.255	20
120.289	22
120.324	22
120.359	22
120.39	23
120.424	22
120.455	23
120.49	23
120.524	22
120.559	22
120.59	23
120.624	22
120.66	23
120.69	23
120.725	23
120.76	23
120.79	23
120.824	22
120.859	22
120.89	23
120.924	22
120.95	20
120.99	23
121.024	22
121.059	22
121.089	22
121.124	22
121.159	22
121.189	22
121.219	20
121.249	22
121.274	27
121.301	29
121.327	25
121.359	22
121.389	22
121.424	22
121.449	22
121.489	22
121.524	22
121.549	22
121.58	20
121.624	22
121.659	22
121.689	22
121.724	22
121.759	22
121.789	22
121.824	22
121.86	23
121.89	23
121.915	23
121.955	20
121.99	23
122.024	22
122.05	20
122.09	23
122.125	23
122.15	20
122.192	25
122.225	23
122.25	20
122.289	22
122.315	23
122.35	20
122.393	26
122.425	23
122.45	20
122.49	23
122.525	23
122.552	20
122.58	23
122.625	23
122.655	20
122.689	22
122.724	22
122.759	22
122.789	22
122.825	23
122.859	22
122.889	22
122.924	22
122.959	22
122.989	22
123.024	22
123.059	22
123.089	22
123.124	22
123.159	22
123.189	22
123.224	22
123.259	22
123.289	22
123.324	22
123.359	22
123.389	22
123.424	22
123.459	22
123.489	22
123.524	22
123.559	22
123.589	22
123.624	22
123.659	22
123.689	22
123.724	22
123.759	22
123.79	23
123.825	23
123.86	23
123.89	23
123.925	23
123.955	20
123.99	23
124.024	22
124.05	20
124.075	28
124.102	30
124.127	25
124.163	26
124.193	26
124.224	22
124.259	22
124.289	22
124.325	23
124.36	23
124.389	22
124.42	20
124.459	22
124.489	22
124.524	22
124.559	22
124.589	22
124.619	22
124.659	22
124.689	22
124.719	22
124.759	22
124.789	22
124.824	22
124.859	22
124.889	22
124.924	22
124.959	22
124.989	22
125.024	22
125.05	20
125.089	22
125.124	22
125.16	23
125.19	23
125.224	22
125.26	23
125.29	23
125.324	22
125.359	22
125.389	22
125.419	20
125.459	22
125.489	22
125.524	22
125.559	22
125.589	22
125.624	22
125.66	23
125.689	22
125.725	23
125.76	23
125.789	22
125.825	23
125.86	23
125.89	23
125.925	23
125.95	20
125.975	33
126	28
126.027	25
126.059	22
126.089	22
126.115	20
126.14	33
126.165	28
126.19	23
126.225	23
126.259	22
126.289	22
126.324	22
126.349	22
126.374	32
126.401	29
126.427	25
126.459	22
126.489	22
126.524	22
126.559	22
126.589	22
126.624	22
126.655	20
126.689	22
126.724	22
126.749	22
126.776	29
126.803	31
126.83	28
126.859	22
126.889	22
126.924	22
126.959	22
126.989	22
127.024	22
127.05	20
127.075	28
127.1	28
127.127	25
127.16	23
127.19	23
127.225	23
127.26	23
127.29	23
127.325	23
127.36	23
127.39	23
127.425	23
127.46	23
127.49	23
127.525	23
127.56	23
127.59	23
127.624	22
127.659	22
127.689	22
127.715	20
127.76	23
127.79	23
127.824	22
127.859	22
127.889	22
127.924	22
127.959	22
127.989	22
128.024	22
128.059	22
128.09	23
128.124	22
128.159	22
128.19	23
128.224	22
128.25	20
128.275	28
128.302	30
128.327	25
128.362	25
128.389	22
128.424	22
128.459	22
128.489	22
128.519	20
128.56	23
128.59	23
128.624	22
128.66	23
128.69	23
128.724	22
128.76	23
128.79	23
128.824	22
128.86	23
128.89	23
128.92	23
128.945	20
128.971	29
128.998	26
129.024	22
129.059	22
129.089	22
129.115	20
129.159	22
129.189	22
129.225	23
129.26	23
129.29	23
129.315	23
129.345	23
129.371	24
129.397	25
129.424	22
129.46	23
129.49	23
129.524	22
129.559	22
129.589	22
129.624	22
129.652	20
129.689	22
129.724	22
129.759	22
129.79	23
129.824	22
129.859	22
129.889	22
129.924	22
129.96	23
129.99	23
130.024	22
130.059	22
130.09	23
130.125	23
130.16	23
130.189	22
130.224	22
130.26	23
130.29	23
130.324	22
130.359	22
130.389	22
130.424	22
130.459	22
130.489	22
130.524	22
130.559	22
130.589	22
130.624	22
130.65	20
130.689	22
130.724	22
130.755	20
130.789	22
130.824	22
130.859	22
130.889	22
130.924	22
130.959	22
130.989	22
131.024	22
131.059	22
131.085	20
131.124	22
131.159	22
131.193	26
131.225	23
131.25	23
131.289	22
131.315	20
131.359	22
131.389	22
131.424	22
131.46	23
131.49	23
131.524	22
131.56	23
131.59	23
131.624	22
131.659	22
131.689	22
131.725	23
131.752	20
131.789	22
131.824	22
131.859	22
131.889	22
131.924	22
131.959	22
131.989	22
132.024	22
132.062	25
132.089	22
132.124	22
132.159	22
132.189	22
132.214	22
132.259	22
132.289	22
132.324	22
132.359	22
132.389	22
132.424	22
132.459	22
132.49	23
132.525	23
132.559	22
132.589	22
132.625	23
132.659	22
132.689	22
132.719	20
132.76	23
132.789	22
132.824	22
132.859	22
132.889	22
132.924	22
132.959	22
132.989	22
133.025	23
133.05	20
133.089	22
133.125	23
133.16	23
133.189	22
133.224	22
133.26	23
133.29	23
133.324	22
133.359	22
133.389	22
133.424	22
133.459	22
133.485	20
133.524	22
133.559	22
133.589	22
133.624	22
133.659	22
133.69	23
133.725	23
133.759	22
133.789	22
133.825	23
133.859	22
133.889	22
133.924	22
133.959	22
133.989	22
134.019	20
134.044	22
134.07	23
134.095	23
134.124	22
134.159	22
134.189	22
134.219	22
134.259	22
134.289	22
134.324	22
134.36	23
134.39	23
134.425	23
134.45	20
134.489	22
134.524	22
134.56	23
134.59	23
134.625	23
134.65	23
134.689	22
134.72	23
134.76	23
134.789	22
134.824	22
134.859	22
134.889	22
134.924	22
134.959	22
134.985	20
135.024	22
135.059	22
135.089	22
135.125	23
135.16	23
135.19	23
135.224	22
135.259	22
135.289	22
135.324	22
135.359	22
135.39	23
135.425	23
135.459	22
135.489	22
135.515	20
135.56	23
135.589	22
135.62	20
135.66	23
135.69	23
135.724	22
135.759	22
135.79	23
135.824	22
135.859	22
135.889	22
135.924	22
135.959	22
135.984	22
136.024	22
136.05	20
136.09	23
136.124	22
136.155	20
136.189	22
136.224	22
136.259	22
136.289	22
136.324	22
136.359	22
136.389	22
136.424	22
136.459	22
136.489	22
136.524	22
136.559	22
136.589	22
136.625	23
136.66	23
136.69	23
136.724	22
136.76	23
136.793	26
136.824	22
136.859	22
136.889	22
136.924	22
136.959	22
136.989	22
137.024	22
137.06	23
137.093	26
137.124	22
137.159	22
137.189	22
137.225	23
137.259	22
137.289	22
137.325	23
137.36	23
137.385	20
137.415	23
137.46	23
137.489	22
137.524	22
137.56	23
137.59	23
137.625	23
137.66	23
137.69	23
137.724	22
137.759	22
137.79	23
137.825	23
137.86	23
137.89	23
137.925	23
137.96	23
137.99	23
138.015	20
138.059	22
138.09	23
138.119	20
138.159	22
138.189	22
138.22	20
138.26	23
138.29	23
138.324	22
138.359	22
138.384	22
138.425	23
138.46	23
138.489	22
138.524	22
138.56	23
138.59	23
138.624	22
138.659	22
138.689	22
138.724	22
138.759	22
138.789	22
138.824	22
138.85	20
138.889	22
138.925	23
138.952	20
138.989	22
139.024	22
139.055	20
139.09	23
139.124	22
139.159	22
139.19	23
139.225	23
139.262	25
139.289	22
139.325	23
139.359	22
139.39	23
139.424	22
139.459	22
139.49	23
139.525	23
139.559	22
139.589	22
139.625	23
139.66	23
139.685	20
139.724	22
139.759	22
139.789	22
139.824	22
139.859	22
139.889	22
139.924	22
139.959	22
139.989	22
140.025	23
140.06	23
140.089	22
140.124	22
140.16	23
140.189	22
140.224	22
140.26	23
140.29	23
140.315	20
140.359	22
140.389	22
140.425	23
140.46	23
140.489	22
140.524	22
140.56	23
140.59	23
140.624	22
140.659	22
140.69	23
140.724	22
140.759	22
140.79	23
140.825	23
140.86	23
140.89	23
140.924	22
140.95	20
140.99	23
141.024	22
141.055	20
141.089	22
141.125	23
141.159	22
141.189	22
141.225	23
141.26	23
141.289	22
141.324	22
141.359	22
141.39	23
141.425	23
141.459	22
141.489	22
141.519	22
141.559	22
141.589	22
141.624	22
141.659	22
141.685	20
141.724	22
141.759	22
141.789	22
141.824	22
141.86	23
141.89	23
141.925	23
141.96	23
141.989	22
142.024	22
142.059	22
142.089	22
142.124	22
142.159	22
142.189	22
142.224	22
142.259	22
142.289	22
142.319	20
142.359	22
142.389	22
142.424	22
142.459	22
142.489	22
142.524	22
142.56	23
142.59	23
142.624	22
142.652	20
142.679	22
142.724	22
142.749	22
142.789	22
142.824	22
142.859	22
142.889	22
142.914	22
142.959	22
142.985	20
143.024	22
143.059	22
143.089	22
143.124	22
143.159	22
143.189	22
143.224	22
143.259	22
143.289	22
143.315	20
143.359	22
143.389	22
143.424	22
143.459	22
143.489	22
143.524	22
143.559	22
143.589	22
143.624	22
143.659	22
143.689	22
143.724	22
143.755	20
143.789	22
143.824	22
143.849	22
143.889	22
143.924	22
143.959	22
143.985	20
144.024	22
144.059	22
144.09	23
144.125	23
144.16	23
144.189	22
144.215	20
144.259	22
144.289	22
144.325	23
144.36	23
144.389	22
144.424	22
144.46	23
144.49	23
144.52	23
144.545	20
144.57	28
144.595	28
144.624	22
144.652	20
144.689	22
144.724	22
144.759	22
144.79	23
144.824	22
144.859	22
144.889	22
144.924	22
144.962	25
144.989	22
145.024	22
145.059	22
145.084	22
145.124	22
145.159	22
145.189	22
145.224	22
145.249	22
145.274	27
145.301	29
145.327	25
145.36	23
145.39	23
145.424	22
145.46	23
145.49	23
145.524	22
145.559	22
145.589	22
145.624	22
145.659	22
145.689	22
145.724	22
145.752	20
145.789	22
145.824	22
145.859	22
145.89	23
145.919	22
145.959	22
145.99	23
146.024	22
146.059	22
146.09	23
146.115	20
146.14	28
146.166	29
146.192	25
146.225	23
146.26	23
146.29	23
146.325	23
146.359	22
146.385	23
146.424	22
146.455	20
146.489	22
146.524	22
146.559	22
146.589	22
146.625	23
146.66	23
146.689	22
146.725	23
146.759	22
146.789	22
146.825	23
146.86	23
146.89	23
146.924	22
146.96	23
146.99	23
147.024	22
147.05	20
147.076	29
147.103	31
147.13	28
147.159	22
147.189	22
147.219	20
147.249	22
147.275	28
147.3	28
147.327	25
147.359	22
147.389	22
147.424	22
147.46	23
147.489	22
147.524	22
147.559	22
147.589	22
147.624	22
147.659	22
147.689	22
147.724	22
147.759	22
147.789	22
147.824	22
147.859	22
147.889	22
147.915	20
147.959	22
147.989	22
148.024	22
148.06	23
148.09	23
148.124	22
148.159	22
148.19	23
148.224	22
148.259	22
148.285	20
148.324	22
148.36	23
148.389	22
148.424	22
148.46	23
148.49	23
148.52	23
148.559	22
148.59	23
148.625	23
148.659	22
148.689	22
148.725	23
148.76	23
148.789	22
148.824	22
148.859	22
148.885	20
148.924	22
148.959	22
148.992	25
149.024	22
149.059	22
149.089	22
149.124	22
149.159	22
149.189	22
149.224	22
149.259	22
149.289	22
149.324	22
149.359	22
149.389	22
149.419	20
149.444	22
149.47	23
149.495	23
149.524	22
149.559	22
149.589	22
149.624	22
149.659	22
149.689	22
149.724	22
149.75	20
149.789	22
149.824	22
149.859	22
149.889	22
149.924	22
149.96	23
149.99	23
150.024	22
150.059	22
150.09	23
150.125	23
150.16	23
150.19	23
150.224	22
150.259	22
150.29	23
150.32	20
150.36	23
150.389	22
150.424	22
150.459	22
150.489	22
150.524	22
150.559	22
150.589	22
150.624	22
150.65	20
150.689	22
150.724	22
150.759	22
150.79	23
150.824	22
150.85	23
150.889	22
150.927	25
150.959	22
150.989	22
151.024	22
151.059	22
151.085	20
151.124	22
151.159	22
151.189	22
151.224	22
151.259	22
151.289	22
151.314	22
151.339	27
151.366	29
151.393	26
151.425	23
151.46	23
151.49	23
151.524	22
151.559	22
151.589	22
151.624	22
151.659	22
151.689	22
151.724	22
151.76	23
151.79	23
151.824	22
151.86	23
151.89	23
151.924	22
151.96	23
151.99	23
152.024	22
152.05	20
152.075	28
152.102	30
152.127	25
152.159	22
152.189	22
152.224	22
152.26	23
152.29	23
152.324	22
152.359	22
152.389	22
152.424	22
152.454	22
152.48	20
152.506	29
152.533	26
152.559	22
152.59	23
152.624	22
152.65	20
152.676	29
152.702	30
152.727	25
152.759	22
152.79	23
152.82	20
152.86	23
152.89	23
152.924	22
152.959	22
152.989	22
153.024	22
153.06	23
153.09	23
153.125	23
153.16	23
153.189	22
153.224	22
153.259	22
153.289	22
153.324	22
153.359	22
153.389	22
153.415	20
153.459	22
153.489	22
153.524	22
153.559	22
153.585	20
153.624	22
153.659	22
153.69	23
153.725	23
153.759	22
153.789	22
153.825	23
153.852	20
153.89	23
153.925	23
153.959	22
153.99	23
154.025	23
154.059	22
154.089	22
154.12	20
154.159	22
154.193	26
154.225	23
154.26	23
154.29	23
154.315	23
154.341	29
154.368	26
154.395	28
154.424	22
154.46	23
154.49	23
154.525	23
154.56	23
154.589	22
154.624	22
154.65	20
154.677	30
154.703	31
154.73	28
154.759	22
154.789	22
154.818	20
154.86	23
154.89	23
154.925	23
154.96	23
154.985	20
155.025	23
155.06	23
155.089	22
155.125	23
155.16	23
155.189	22
155.224	22
155.259	22
155.289	22
155.324	22
155.359	22
155.385	20
155.424	22
155.459	22
155.489	22
155.524	22
155.559	22
155.59	23
155.625	23
155.66	23
155.689	22
155.72	23
155.759	22
155.785	20
155.824	22
155.859	22
155.889	22
155.924	22
155.95	20
155.989	22
156.024	22
156.059	22
156.089	22
156.12	20
156.159	22
156.19	23
156.225	23
156.259	22
156.289	22
156.324	22
156.349	22
156.385	20
156.424	22
156.459	22
156.489	22
156.525	23
156.56	23
156.589	22
156.625	23
156.66	23
156.689	22
156.72	23
156.755	20
156.789	22
156.815	23
156.85	20
156.89	23
156.925	23
156.96	23
156.989	22
157.024	22
157.06	23
157.09	23
157.124	22
157.15	23
157.189	22
157.224	22
157.259	22
157.284	22
157.319	22
157.35	20
157.389	22
157.424	22
157.452	20
157.479	22
157.524	22
157.559	22
157.589	22
157.624	22
157.659	22
157.689	22
157.725	23
157.76	23
157.79	23
157.825	23
157.86	23
157.89	23
157.925	23
157.96	23
157.99	23
158.015	23
158.062	25
158.089	22
158.125	23
158.159	22
158.189	22
158.214	22
158.26	23
158.289	22
158.315	20
158.359	22
158.389	22
158.42	20
158.46	23
158.49	23
158.525	23
158.56	23
158.589	22
158.624	22
158.66	23
158.69	23
158.725	23
158.76	23
158.79	23
158.825	23
158.86	23
158.89	23
158.925	23
158.959	22
158.989	22
159.025	23
159.05	20
159.089	22
159.125	23
159.152	20
159.189	22
159.224	22
159.255	20
159.289	22
159.324	22
159.359	22
159.389	22
159.425	23
159.46	23
159.489	22
159.525	23
159.56	23
159.589	22
159.624	22
159.66	23
159.69	23
159.724	22
159.759	22
159.79	23
159.825	23
159.86	23
159.885	20
159.925	23
159.96	23
159.99	23
160.025	23
160.06	23
160.09	23
160.125	23
160.16	23
160.19	23
160.225	23
160.26	23
160.289	22
160.324	22
160.359	22
160.389	22
160.424	22
160.459	22
160.489	22
160.514	22
160.559	22
160.589	22
160.62	20
160.649	22
160.689	22
160.724	22
160.759	22
160.789	22
160.824	22
160.859	22
160.889	22
160.924	22
160.95	20
160.989	22
161.024	22
161.059	22
161.09	23
161.125	23
161.16	23
161.19	23
161.215	23
161.259	22
161.29	23
161.325	23
161.362	25
161.389	22
161.419	22
161.459	22
161.489	22
161.524	22
161.559	22
161.589	22
161.618	20
161.659	22
161.689	22
161.724	22
161.759	22
161.789	22
161.824	22
161.859	22
161.889	22
161.919	22
161.959	22
161.989	22
162.024	22
162.059	22
162.089	22
162.114	22
162.139	27
162.165	28
162.192	25
162.225	23
162.259	22
162.289	22
162.318	20
162.359	22
162.389	22
162.424	22
162.459	22
162.489	22
162.524	22
162.559	22
162.589	22
162.624	22
162.659	22
162.689	22
162.719	22
162.759	22
162.789	22
162.824	22
162.859	22
162.885	20
162.924	22
162.959	22
162.989	22
163.014	22
163.059	22
163.089	22
163.124	22
163.159	22
163.189	22
163.224	22
163.249	22
163.289	22
163.324	22
163.359	22
163.389	22
163.424	22
163.455	20
163.484	22
163.524	22
163.55	20
163.589	22
163.627	25
163.659	22
163.689	22
163.724	22
163.759	22
163.789	22
163.824	22
163.859	22
163.889	22
163.924	22
163.959	22
163.989	22
164.024	22
164.059	22
164.089	22
164.124	22
164.159	22
164.189	22
164.224	22
164.259	22
164.289	22
164.324	22
164.359	22
164.389	22
164.424	22
164.459	22
164.489	22
164.52	20
164.559	22
164.589	22
164.618	20
164.659	22
164.689	22
164.715	20
164.759	22
164.789	22
164.824	22
164.859	22
164.889	22
164.924	22
164.959	22
164.989	22
165.027	25
165.062	25
165.089	22
165.124	22
165.159	22
165.189	22
165.224	22
165.259	22
165.285	20
165.324	22
165.359	22
165.389	22
165.424	22
165.449	22
165.475	20
165.501	29
165.527	25
165.559	22
165.589	22
165.624	22
165.659	22
165.689	22
165.724	22
165.759	22
165.792	25
165.824	22
165.852	20
165.889	22
165.924	22
165.959	22
165.989	22
166.024	22
166.059	22
166.089	22
166.124	22
166.159	22
166.189	22
166.224	22
166.259	22
166.292	25
166.324	22
166.359	22
166.389	22
166.42	20
166.459	22
166.489	22
166.515	20
166.541	29
166.568	26
166.595	28
166.624	22
166.659	22
166.684	22
166.724	22
166.759	22
166.789	22
166.824	22
166.859	22
166.889	22
166.924	22
166.959	22
166.989	22
167.024	22
167.059	22
167.085	20
167.124	22
167.159	22
167.189	22
167.224	22
167.259	22
167.289	22
167.324	22
167.359	22
167.389	22
167.424	22
167.459	22
167.489	22
167.524	22
167.559	22
167.589	22
167.624	22
167.659	22
167.689	22
167.724	22
167.75	20
167.789	22
167.824	22
167.85	20
167.889	22
167.924	22
167.959	22
167.989	22
168.024	22
168.059	22
168.089	22
168.124	22
168.159	22
168.189	22
168.224	22
168.259	22
168.289	22
168.324	22
168.359	22
168.389	22
168.42	20
168.459	22
168.489	22
168.515	20
168.559	22
168.589	22
168.624	22
168.659	22
168.689	22
168.724	22
168.759	22
168.792	25
168.824	22
168.859	22
168.889	22
168.924	22
168.959	22
168.989	22
169.027	25
169.059	22
169.085	20
169.124	22
169.159	22
169.189	22
169.219	22
169.259	22
169.289	22
169.324	22
169.359	22
169.389	22
169.424	22
169.459	22
169.489	22
169.524	22
169.559	22
169.589	22
169.624	22
169.652	20
169.689	22
169.724	22
169.759	22
169.789	22
169.824	22
169.859	22
169.889	22
169.924	22
169.959	22
169.989	22
170.024	22
170.059	22
170.089	22
170.124	22
170.159	22
170.189	22
170.22	20
170.259	22
170.289	22
170.315	20
170.359	22
170.389	22
170.424	22
170.459	22
170.489	22
170.524	22
170.559	22
170.589	22
170.624	22
170.659	22
170.689	22
170.724	22
170.759	22
170.789	22
170.824	22
170.859	22
170.885	20
170.924	22
170.959	22
170.989	22
171.024	22
171.059	22
171.089	22
171.127	25
171.159	22
171.189	22
171.224	22
171.259	22
171.289	22
171.324	22
171.359	22
171.389	22
171.424	22
171.455	20
171.489	22
171.524	22
171.55	20
171.589	22
171.624	22
171.659	22
171.689	22
171.724	22
171.759	22
171.789	22
171.824	22
171.859	22
171.889	22
171.924	22
171.959	22
171.989	22
172.024	22
172.059	22
172.089	22
172.12	20
172.149	22
172.174	27
172.201	29
172.23	28
172.259	22
172.289	22
172.324	22
172.359	22
172.389	22
172.424	22
172.459	22
172.489	22
172.524	22
172.559	22
172.589	22
172.624	22
172.659	22
172.689	22
172.724	22
172.749	22
172.774	27
172.804	27
172.83	28
172.859	22
172.889	22
172.924	22
172.959	22
172.989	22
173.024	22
173.059	22
173.089	22
173.124	22
173.159	22
173.189	22
173.224	22
173.259	22
173.289	22
173.324	22
173.352	20
173.389	22
173.424	22
173.459	22
173.489	22
173.527	25
173.559	22
173.589	22
173.624	22
173.659	22
173.684	22
173.724	22
173.759	22
173.789	22
173.824	22
173.859	22
173.889	22
173.918	20
173.959	22
173.989	22
174.015	20
174.059	22
174.089	22
174.124	22
174.159	22
174.189	22
174.224	22
174.259	22
174.289	22
174.324	22
174.359	22
174.389	22
174.424	22
174.459	22
174.489	22
174.524	22
174.559	22
174.589	22
174.624	22
174.659	22
174.689	22
174.724	22
174.759	22
174.789	22
174.824	22
174.859	22
174.889	22
174.924	22
174.959	22
174.985	20
175.024	22
175.059	22
175.089	22
175.124	22
175.159	22
175.189	22
175.227	25
175.259	22
175.289	22
175.324	22
175.359	22
175.389	22
175.424	22
175.459	22
175.489	22
175.524	22
175.555	20
175.589	22
175.624	22
175.649	22
175.689	22
175.724	22
175.749	22
175.789	22
175.824	22
175.859	22
175.889	22
175.924	22
175.959	22
175.984	22
176.024	22
176.059	22
176.089	22
176.124	22
176.159	22
176.189	22
176.218	20
176.259	22
176.289	22
176.315	20
176.341	29
176.368	26
176.395	28
176.424	22
176.459	22
176.489	22
176.524	22
176.559	22
176.589	22
176.624	22
176.659	22
176.689	22
176.724	22
176.759	22
176.789	22
176.824	22
176.859	22
176.885	20
176.924	22
176.959	22
176.989	22
177.024	22
177.059	22
177.089	22
177.124	22
177.159	22
177.189	22
177.224	22
177.259	22
177.289	22
177.324	22
177.359	22
177.389	22
177.424	22
177.455	20
177.489	22
177.524	22
177.55	20
177.589	22
177.624	22
177.659	22
177.684	22
177.724	22
177.759	22
177.789	22
177.824	22
177.859	22
177.889	22
177.924	22
177.959	22
177.989	22
178.024	22
178.059	22
178.089	22
178.118	20
178.159	22
178.189	22
178.224	22
178.259	22
178.289	22
178.324	22
178.359	22
178.389	22
178.414	22
178.439	27
178.465	28
178.492	25
178.524	22
178.559	22
178.589	22
178.624	22
178.659	22
178.689	22
178.724	22
178.759	22
178.785	20
178.824	22
178.859	22
178.889	22
178.924	22
178.959	22
178.989	22
179.024	22
179.059	22
179.089	22
179.124	22
179.159	22
179.189	22
179.224	22
179.259	22
179.289	22
179.324	22
179.355	20
179.389	22
179.424	22
179.45	20
179.489	22
179.524	22
179.562	25
179.589	22
179.624	22
179.659	22
179.689	22
179.724	22
179.759	22
179.789	22
179.824	22
179.859	22
179.889	22
179.924	22
179.959	22
179.989	22
180.018	20
180.059	22
180.089	22
180.115	20
180.159	22
180.189	22
180.224	22
180.259	22
180.289	22
180.324	22
180.359	22
180.389	22
180.424	22
180.459	22
180.489	22
180.524	22
180.559	22
180.589	22
180.624	22
180.659	22
180.685	20
180.724	22
180.759	22
180.789	22
180.824	22
180.859	22
180.889	22
180.924	22
180.959	22
180.989	22
181.024	22
181.059	22
181.089	22
181.124	22
181.159	22
181.189	22
181.227	25
181.255	20
181.289	22
181.324	22
181.35	20
181.389	22
181.424	22
181.459	22
181.489	22
181.524	22
181.559	22
181.589	22
181.624	22
181.659	22
181.689	22
181.724	22
181.759	22
181.789	22
181.824	22
181.859	22
181.889	22
181.918	20
181.959	22
181.989	22
182.024	22
182.059	22
182.089	22
182.124	22
182.159	22
182.189	22
182.224	22
182.259	22
182.289	22
182.324	22
182.359	22
182.389	22
182.414	22
182.459	22
182.485	20
182.514	22
182.541	24
182.568	26
182.595	28
182.624	22
182.659	22
182.689	22
182.719	22
182.759	22
182.789	22
182.824	22
182.859	22
182.889	22
182.924	22
182.959	22
182.989	22
183.024	22
183.055	20
183.089	22
183.124	22
183.15	20
183.189	22
183.224	22
183.259	22
183.289	22
183.324	22
183.359	22
183.389	22
183.427	25
183.454	22
183.489	22
183.524	22
183.554	22
183.584	22
183.624	22
183.654	22
183.689	22
183.718	20
183.754	22
183.789	22
183.815	20
183.854	22
183.889	22
183.924	22
183.954	22
183.989	22
184.014	22
184.054	22
184.089	22
184.124	22
184.154	22
184.184	22
184.224	22
184.254	22
184.289	22
184.324	22
184.354	22
184.385	20
184.424	22
184.454	22
184.48	20
184.524	22
184.554	22
184.589	22
184.624	22
184.654	22
184.689	22
184.724	22
184.754	22
184.789	22
184.824	22
184.854	22
184.889	22
184.924	22
184.954	22
184.989	22
185.027	25
185.054	22
185.089	22
185.124	22
185.154	22
185.189	22
185.214	22
185.24	20
185.265	28
185.292	25
185.324	22
185.354	22
185.389	22
185.424	22
185.454	22
185.489	22
185.524	22
185.554	22
185.589	22
185.618	20
185.654	22
185.689	22
185.715	20
185.754	22
185.789	22
185.824	22
185.854	22
185.889	22
185.924	22
185.954	22
185.989	22
186.024	22
186.054	22
186.089	22
186.114	22
186.154	22
186.189	22
186.224	22
186.254	22
186.285	20
186.324	22
186.354	22
186.38	20
186.424	22
186.454	22
186.489	22
186.524	22
186.554	22
186.589	22
186.624	22
186.654	22
186.689	22
186.724	22
186.754	22
186.789	22
186.824	22
186.854	22
186.889	22
186.924	22
186.95	20
186.989	22
187.024	22
187.054	22
187.089	22
187.124	22
187.154	22
187.189	22
187.224	22
187.254	22
187.289	22
187.324	22
187.354	22
187.389	22
187.424	22
187.449	22
187.489	22
187.52	20
187.554	22
187.589	22
187.615	20
187.657	25
187.689	22
187.724	22
187.754	22
187.789	22
187.824	22
187.854	22
187.889	22
187.924	22
187.954	22
187.979	22
188.004	27
188.03	28
188.057	25
188.089	22
188.124	22
188.154	22
188.185	20
188.224	22
188.254	22
188.28	20
188.324	22
188.354	22
188.389	22
188.424	22
188.454	22
188.489	22
188.524	22
188.554	22
188.589	22
188.624	22
188.654	22
188.689	22
188.724	22
188.754	22
188.789	22
188.824	22
188.85	20
188.879	22
188.924	22
188.954	22
188.989	22
189.024	22
189.054	22
189.089	22
189.124	22
189.154	22
189.189	22
189.224	22
189.254	22
189.289	22
189.324	22
189.354	22
189.389	22
189.42	20
189.454	22
189.489	22
189.515	20
189.554	22
189.589	22
189.624	22
189.654	22
189.689	22
189.724	22
189.754	22
189.789	22
189.824	22
189.854	22
189.889	22
189.924	22
189.949	22
189.989	22
190.024	22
190.054	22
190.079	22
190.124	22
190.154	22
190.18	20
190.224	22
190.254	22
190.289	22
190.324	22
190.354	22
190.389	22
190.424	22
190.454	22
190.489	22
190.524	22
190.554	22
190.589	22
190.624	22
190.654	22
190.689	22
190.724	22
190.75	20
190.789	22
190.824	22
190.854	22
190.889	22
190.924	22
190.954	22
190.989	22
191.024	22
191.054	22
191.089	22
191.124	22
191.154	22
191.189	22
191.224	22
191.254	22
191.284	22
191.318	20
191.354	22
191.389	22
191.424	22
191.454	22
191.489	22
191.524	22
191.554	22
191.584	22
191.624	22
191.654	22
191.689	22
191.724	22
191.754	22
191.784	22
191.824	22
191.854	22
191.885	20
191.924	22
191.954	22
191.98	20
192.024	22
192.054	22
192.089	22
192.124	22
192.154	22
192.189	22
192.224	22
192.254	22
192.289	22
192.324	22
192.354	22
192.389	22
192.424	22
192.454	22
192.489	22
192.524	22
192.55	20
192.592	25
192.624	22
192.654	22
192.689	22
192.724	22
192.754	22
192.789	22
192.824	22
192.854	22
192.889	22
192.924	22
192.954	22
192.989	22
193.024	22
193.054	22
193.089	22
193.114	22
193.139	27
193.166	29
193.192	25
193.224	22
193.254	22
193.289	22
193.324	22
193.354	22
193.389	22
193.424	22
193.454	22
193.489	22
193.524	22
193.554	22
193.589	22
193.624	22
193.654	22
193.689	22
193.714	22
193.739	27
193.766	29
193.792	25
193.827	25
193.854	22
193.88	20
193.924	22
193.954	22
193.989	22
194.024	22
194.054	22
194.089	22
194.124	22
194.154	22
194.189	22
194.224	22
194.254	22
194.289	22
194.324	22
194.354	22
194.389	22
194.424	22
194.45	20
194.489	22
194.524	22
194.554	22
194.589	22
194.624	22
194.654	22
194.689	22
194.724	22
194.754	22
194.789	22
194.824	22
194.854	22
194.889	22
194.924	22
194.954	22
194.989	22
195.02	20
195.054	22
195.089	22
195.115	20
195.144	22
195.169	27
195.195	28
195.224	22
195.254	22
195.289	22
195.324	22
195.354	22
195.389	22
195.424	22
195.454	22
195.489	22
195.524	22
195.554	22
195.589	22
195.624	22
195.654	22
195.685	20
195.724	22
195.754	22
195.78	20
195.824	22
195.854	22
195.889	22
195.924	22
195.949	22
195.989	22
196.024	22
196.054	22
196.089	22
196.124	22
196.154	22
196.189	22
196.224	22
196.254	22
196.289	22
196.324	22
196.35	20
196.389	22
196.424	22
196.454	22
196.489	22
196.524	22
196.554	22
196.589	22
196.624	22
196.654	22
196.689	22
196.724	22
196.754	22
196.789	22
196.824	22
196.854	22
196.889	22
196.918	20
196.954	22
196.989	22
197.015	20
197.054	22
197.089	22
197.124	22
197.154	22
197.189	22
197.224	22
197.254	22
197.289	22
197.324	22
197.354	22
197.389	22
197.424	22
197.454	22
197.484	22
197.524	22
197.554	22
197.585	20
197.624	22
197.654	22
197.68	20
197.724	22
197.754	22
197.789	22
197.824	22
197.854	22
197.889	22
197.924	22
197.954	22
197.992	25
198.027	25
198.054	22
198.089	22
198.124	22
198.154	22
198.189	22
198.224	22
198.254	22
198.279	22
198.324	22
198.354	22
198.389	22
198.424	22
198.454	22
198.489	22
198.524	22
198.554	22
198.589	22
198.624	22
198.649	22
198.689	22
198.724	22
198.754	22
198.789	22
198.814	22
198.854	22
198.889	22
198.924	22
198.954	22
198.989	22
199.024	22
199.054	22
199.089	22
199.124	22
199.154	22
199.189	22
199.224	22
199.254	22
199.289	22
199.324	22
199.354	22
199.385	20
199.424	22
199.454	22
199.48	20
199.524	22
199.554	22
199.589	22
199.624	22
199.654	22
199.679	22
199.724	22
199.754	22
199.784	22
199.814	22
199.854	22
199.889	22
199.924	22
199.954	22
199.989	22
200.024	22
200.05	20
200.089	22
200.124	22
200.154	22
200.189	22
200.224	22
200.254	22
200.289	22
200.324	22
200.354	22
200.389	22
200.424	22
200.454	22
200.489	22
200.524	22
200.554	22
200.589	22
200.62	20
200.654	22
200.689	22
200.714	22
200.754	22
200.789	22
200.824	22
200.854	22
200.889	22
200.924	22
200.954	22
200.989	22
201.024	22
201.054	22
201.089	22
201.124	22
201.154	22
201.189	22
201.224	22
201.254	22
201.285	20
201.324	22
201.354	22
201.38	20
201.424	22
201.449	22
201.475	20
201.501	29
201.527	25
201.554	22
201.589	22
201.624	22
201.654	22
201.689	22
201.724	22
201.754	22
201.789	22
201.824	22
201.854	22
201.889	22
201.924	22
201.95	20
201.989	22
202.024	22
202.049	22
202.092	25
202.124	22
202.154	22
202.189	22
202.224	22
202.254	22
202.289	22
202.324	22
202.349	22
202.389	22
202.424	22
202.454	22
202.489	22
202.518	20
202.554	22
202.589	22
202.615	20
202.654	22
202.689	22
202.724	22
202.754	22
202.789	22
202.824	22
202.854	22
202.889	22
202.924	22
202.954	22
202.989	22
203.024	22
203.054	22
203.089	22
203.124	22
203.154	22
203.185	20
203.224	22
203.257	25
203.289	22
203.324	22
203.354	22
203.389	22
203.414	22
203.439	27
203.466	29
203.492	25
203.524	22
203.554	22
203.589	22
203.624	22
203.654	22
203.689	22
203.724	22
203.754	22
203.789	22
203.824	22
203.85	20
203.889	22
203.924	22
203.954	22
203.989	22
204.024	22
204.054	22
204.089	22
204.124	22
204.154	22
204.189	22
204.224	22
204.254	22
204.289	22
204.324	22
204.354	22
204.389	22
204.414	22
204.439	27
204.466	29
204.492	25
204.524	22
204.554	22
204.589	22
204.624	22
204.654	22
204.689	22
204.724	22
204.754	22
204.789	22
204.824	22
204.854	22
204.889	22
204.924	22
204.954	22
204.989	22
205.024	22
205.054	22
205.085	20
205.124	22
205.154	22
205.18	20
205.224	22
205.254	22
205.289	22
205.324	22
205.354	22
205.389	22
205.424	22
205.454	22
205.489	22
205.524	22
205.557	25
205.584	22
205.624	22
205.654	22
205.689	22
205.724	22
205.75	20
205.789	22
205.824	22
205.854	22
205.889	22
205.924	22
205.954	22
205.984	22
206.014	22
206.054	22
206.089	22
206.124	22
206.154	22
206.189	22
206.224	22
206.254	22
206.289	22
206.318	20
206.354	22
206.389	22
206.424	22
206.454	22
206.489	22
206.524	22
206.554	22
206.589	22
206.624	22
206.654	22
206.689	22
206.724	22
206.754	22
206.789	22
206.824	22
206.854	22
206.885	20
206.924	22
206.954	22
206.98	20
207.024	22
207.054	22
207.084	22
207.124	22
207.154	22
207.189	22
207.224	22
207.249	22
207.279	22
207.324	22
207.354	22
207.389	22
207.424	22
207.454	22
207.489	22
207.524	22
207.55	20
207.589	22
207.624	22
207.654	22
207.689	22
207.727	25
207.754	22
207.789	22
207.824	22
207.854	22
207.889	22
207.924	22
207.954	22
207.989	22
208.024	22
208.054	22
208.089	22
208.124	22
208.157	25
208.189	22
208.215	20
208.254	22
208.289	22
208.324	22
208.354	22
208.389	22
208.424	22
208.454	22
208.489	22
208.524	22
208.554	22
208.589	22
208.624	22
208.654	22
208.679	22
208.704	27
208.73	28
208.757	25
208.785	20
208.824	22
208.854	22
208.88	20
208.924	22
208.954	22
208.989	22
209.024	22
209.054	22
209.089	22
209.124	22
209.154	22
209.189	22
209.224	22
209.254	22
209.289	22
209.324	22
209.354	22
209.389	22
209.424	22
209.45	20
209.484	22
209.524	22
209.554	22
209.589	22
209.624	22
209.649	22
209.689	22
209.724	22
209.754	22
209.789	22
209.824	22
209.854	22
209.889	22
209.924	22
209.954	22
209.989	22
210.018	20
210.054	22
210.089	22
210.124	22
210.154	22
210.189	22
210.224	22
210.254	22
210.289	22
210.324	22
210.354	22
210.389	22
210.424	22
210.449	22
210.489	22
210.524	22
210.554	22
210.585	20
210.624	22
210.654	22
210.689	22
210.724	22
210.754	22
210.789	22
210.824	22
210.854	22
210.889	22
210.924	22
210.954	22
210.989	22
211.024	22
211.054	22
211.089	22
211.124	22
211.154	22
211.184	22
211.224	22
211.25	20
211.289	22
211.324	22
211.354	22
211.389	22
211.427	25
211.454	22
211.489	22
211.524	22
211.554	22
211.589	22
211.624	22
211.654	22
211.689	22
211.724	22
211.754	22
211.789	22
211.818	20
211.854	22
211.889	22
211.915	20
211.954	22
211.989	22
212.024	22
212.054	22
212.089	22
212.124	22
212.154	22
212.189	22
212.224	22
212.254	22
212.289	22
212.324	22
212.354	22
212.389	22
212.424	22
212.449	22
212.485	20
212.524	22
212.554	22
212.58	20
212.624	22
212.654	22
212.689	22
212.714	22
212.754	22
212.789	22
212.824	22
212.854	22
212.889	22
212.924	22
212.954	22
212.989	22
213.024	22
213.054	22
213.089	22
213.124	22
213.15	20
213.184	22
213.209	22
213.235	28
213.26	28
213.289	22
213.324	22
213.354	22
213.389	22
213.424	22
213.454	22
213.479	22
213.524	22
213.554	22
213.589	22
213.624	22
213.654	22
213.689	22
213.72	20
213.754	22
213.789	22
213.815	20
213.854	22
213.889	22
213.924	22
213.954	22
213.989	22
214.027	25
214.054	22
214.089	22
214.124	22
214.154	22
214.179	22
214.214	22
214.254	22
214.279	22
214.324	22
214.354	22
214.385	20
214.424	22
214.454	22
214.48	20
214.509	22
214.535	28
214.56	28
214.589	22
214.624	22
214.654	22
214.689	22
214.724	22
214.754	22
214.789	22
214.824	22
214.854	22
214.889	22
214.924	22
214.954	22
214.979	22
215.024	22
215.05	20
215.089	22
215.124	22
215.154	22
215.189	22
215.224	22
215.254	22
215.289	22
215.324	22
215.354	22
215.389	22
215.424	22
215.449	22
215.489	22
215.524	22
215.554	22
215.589	22
215.62	20
215.654	22
215.689	22
215.715	20
215.754	22
215.789	22
215.824	22
215.854	22
215.889	22
215.924	22
215.954	22
215.989	22
216.024	22
216.054	22
216.089	22
216.124	22
216.154	22
216.189	22
216.224	22
216.254	22
216.285	20
216.324	22
216.354	22
216.38	20
216.424	22
216.454	22
216.489	22
216.524	22
216.554	22
216.589	22
216.624	22
216.654	22
216.689	22
216.714	22
216.739	27
216.766	29
216.792	25
216.824	22
216.854	22
216.889	22
216.924	22
216.95	20
216.989	22
217.024	22
217.054	22
217.089	22
217.124	22
217.154	22
217.189	22
217.224	22
217.254	22
217.289	22
217.324	22
217.354	22
217.389	22
217.424	22
217.454	22
217.489	22
217.518	20
217.554	22
217.589	22
217.615	20
217.654	22
217.689	22
217.724	22
217.754	22
217.789	22
217.824	22
217.854	22
217.889	22
217.924	22
217.954	22
217.989	22
218.024	22
218.054	22
218.089	22
218.124	22
218.154	22
218.184	20
218.224	22
218.254	22
218.28	20
218.327	25
218.354	22
218.389	22
218.424	22
218.454	22
218.489	22
218.524	22
218.554	22
218.589	22
218.624	22
218.654	22
218.689	22
218.724	22
218.754	22
218.789	22
218.824	22
218.85	20
218.889	22
218.924	22
218.954	22
218.989	22
219.024	22
219.054	22
219.084	22
219.124	22
219.154	22
219.189	22
219.214	22
219.254	22
219.289	22
219.324	22
219.354	22
219.389	22
219.418	20
219.454	22
219.489	22
219.524	22
219.554	22
219.589	22
219.624	22
219.654	22
219.689	22
219.724	22
219.754	22
219.779	22
219.824	22
219.854	22
219.889	22
219.924	22
219.954	22
219.984	22
220.024	22
220.054	22
220.08	20
220.127	25
220.154	22
220.189	22
220.224	22
220.254	22
220.289	22
220.324	22
220.354	22
220.389	22
220.424	22
220.454	22
220.489	22
220.524	22
220.554	22
220.592	25
220.624	22
220.65	20
220.689	22
220.724	22
220.754	22
220.789	22
220.824	22
220.854	22
220.889	22
220.924	22
220.954	22
220.979	22
221.027	25
221.054	22
221.089	22
221.124	22
221.154	22
221.189	22
221.22	20
221.254	22
221.289	22
221.315	20
221.354	22
221.389	22
221.424	22
221.454	22
221.489	22
221.524	22
221.557	25
221.589	22
221.624	22
221.654	22
221.689	22
221.724	22
221.754	22
221.789	22
221.824	22
221.854	22
221.884	20
221.924	22
221.954	22
221.98	20
222.024	22
222.054	22
222.089	22
222.124	22
222.154	22
222.189	22
222.224	22
222.254	22
222.289	22
222.324	22
222.354	22
222.389	22
222.424	22
222.454	22
222.489	22
222.524	22
222.55	20
222.589	22
222.624	22
222.654	22
222.689	22
222.724	22
222.754	22
222.789	22
222.824	22
222.854	22
222.889	22
222.924	22
222.954	22
222.989	22
223.024	22
223.054	22
223.089	22
223.118	20
223.154	22
223.189	22
223.215	20
223.254	22
223.289	22
223.324	22
223.354	22
223.389	22
223.424	22
223.454	22
223.489	22
223.524	22
223.554	22
223.589	22
223.624	22
223.657	25
223.689	22
223.714	22
223.739	27
223.766	29
223.792	25
223.827	25
223.854	22
223.88	20
223.924	22
223.954	22
223.984	22
224.024	22
224.049	22
224.089	22
224.124	22
224.154	22
224.189	22
224.224	22
224.254	22
224.289	22
224.324	22
224.354	22
224.389	22
224.424	22
224.45	20
224.489	22
224.524	22
224.554	22
224.589	22
224.624	22
224.654	22
224.689	22
224.724	22
224.754	22
224.789	22
224.824	22
224.854	22
224.889	22
224.924	22
224.954	22
224.989	22
225.02	20
225.054	22
225.089	22
225.115	20
225.154	22
225.179	22
225.204	27
225.23	28
225.257	25
225.289	22
225.324	22
225.354	22
225.389	22
225.424	22
225.454	22
225.489	22
225.524	22
225.554	22
225.589	22
225.624	22
225.654	22
225.684	20
225.724	22
225.754	22
225.78	20
225.809	22
225.835	28
225.86	28
225.889	22
225.924	22
225.954	22
225.989	22
226.024	22
226.054	22
226.089	22
226.124	22
226.154	22
226.189	22
226.224	22
226.254	22
226.289	22
226.324	22
226.349	22
226.389	22
226.424	22
226.454	22
226.489	22
226.524	22
226.549	22
226.589	22
226.624	22
226.654	22
226.689	22
226.724	22
226.754	22
226.789	22
226.824	22
226.854	22
226.889	22
226.92	20
226.954	22
226.989	22
227.015	20
227.054	22
227.089	22
227.124	22
227.154	22
227.189	22
227.224	22
227.254	22
227.289	22
227.324	22
227.354	22
227.389	22
227.424	22
227.454	22
227.489	22
227.524	22
227.554	22
227.584	20
227.624	22
227.654	22
227.68	20
227.724	22
227.749	22
227.775	20
227.801	29
227.827	25
227.854	22
227.889	22
227.924	22
227.954	22
227.989	22
228.024	22
228.054	22
228.089	22
228.114	22
228.154	22
228.189	22
228.224	22
228.249	22
228.289	22
228.324	22
228.354	22
228.389	22
228.424	22
228.454	22
228.489	22
228.524	22
228.554	22
228.589	22
228.627	25
228.654	22
228.689	22
228.724	22
228.754	22
228.789	22
228.818	20
228.854	22
228.884	22
228.915	20
228.954	22
228.989	22
229.024	22
229.057	25
229.084	22
229.124	22
229.154	22
229.189	22
229.227	25
229.254	22
229.289	22
229.324	22
229.349	22
229.384	22
229.424	22
229.454	22
229.484	20
229.509	22
229.535	28
229.56	28
229.589	22
229.624	22
229.654	22
229.689	22
229.724	22
229.754	22
229.789	22
229.814	22
229.844	22
229.889	22
229.924	22
229.954	22
229.989	22
230.024	22
230.054	22
230.089	22
230.124	22
230.15	20
230.189	22
230.224	22
230.254	22
230.289	22
230.324	22
230.354	22
230.389	22
230.424	22
230.454	22
230.489	22
230.524	22
230.554	22
230.589	22
230.624	22
230.654	22
230.689	22
230.714	22
230.739	27
230.766	29
230.792	25
230.824	22
230.854	22
230.889	22
230.924	22
230.949	22
230.989	22
231.02	20
231.054	22
231.089	22
231.115	20
231.144	22
231.189	22
231.214	22
231.254	22
231.289	22
231.314	22
231.354	22
231.389	22
231.424	22
231.454	22
231.489	22
231.524	22
231.554	22
231.589	22
231.624	22
231.654	22
231.684	20
231.724	22
231.754	22
231.78	20
231.824	22
231.854	22
231.889	22
231.924	22
231.954	22
231.989	22
232.024	22
232.054	22
232.089	22
232.124	22
232.154	22
232.189	22
232.224	22
232.254	22
232.289	22
232.324	22
232.351	20
232.389	22
232.424	22
232.454	22
232.489	22
232.524	22
232.554	22
232.589	22
232.624	22
232.654	22
232.689	22
232.724	22
232.754	22
232.789	22
232.827	25
232.854	22
232.889	22
232.924	22
232.954	22
232.989	22
233.018	20
233.054	22
233.089	22
233.115	20
233.154	22
233.189	22
233.224	22
233.254	22
233.289	22
233.324	22
233.349	22
233.389	22
233.424	22
233.454	22
233.489	22
233.524	22
233.554	22
233.589	22
233.624	22
233.654	22
233.684	20
233.724	22
233.754	22
233.78	20
233.824	22
233.854	22
233.884	22
233.924	22
233.954	22
233.989	22
234.024	22
234.054	22
234.089	22
234.124	22
234.154	22
234.189	22
234.224	22
234.254	22
234.289	22
234.324	22
234.35	20
234.389	22
234.424	22
234.454	22
234.489	22
234.524	22
234.554	22
234.589	22
234.614	22
234.639	24
234.666	29
234.692	25
234.724	22
234.754	22
234.789	22
234.824	22
234.854	22
234.889	22
234.918	20
234.954	22
234.989	22
235.015	20
235.054	22
235.089	22
235.124	22
235.154	22
235.189	22
235.224	22
235.254	22
235.289	22
235.324	22
235.354	22
235.389	22
235.424	22
235.454	22
235.492	25
235.524	22
235.554	22
235.584	20
235.624	22
235.654	22
235.68	20
235.724	22
235.754	22
235.789	22
235.824	22
235.854	22
235.889	22
235.924	22
235.954	22
235.989	22
236.024	22
236.054	22
236.089	22
236.124	22
236.154	22
236.189	22
236.224	22
236.25	20
236.289	22
236.324	22
236.354	22
236.389	22
236.424	22
236.454	22
236.489	22
236.524	22
236.554	22
236.589	22
236.624	22
236.654	22
236.689	22
236.724	22
236.754	22
236.779	22
236.804	27
236.83	28
236.857	25
236.889	22
236.915	20
236.954	22
236.989	22
237.027	25
237.054	22
237.089	22
237.114	22
237.154	22
237.189	22
237.224	22
237.254	22
237.289	22
237.324	22
237.354	22
237.389	22
237.424	22
237.454	22
237.484	20
237.524	22
237.554	22
237.584	22
237.624	22
237.654	22
237.689	22
237.724	22
237.754	22
237.789	22
237.824	22
237.854	22
237.889	22
237.924	22
237.954	22
237.989	22
238.024	22
238.05	20
238.089	22
238.127	25
238.154	22
238.189	22
238.224	22
238.254	22
238.289	22
238.324	22
238.354	22
238.389	22
238.424	22
238.454	22
238.489	22
238.524	22
238.554	22
238.589	22
238.618	20
238.654	22
238.689	22
238.715	20
238.754	22
238.789	22
238.824	22
238.854	22
238.889	22
238.924	22
238.954	22
238.989	22
239.024	22
239.054	22
239.089	22
239.124	22
239.154	22
239.189	22
239.224	22
239.254	22
239.285	20
239.324	22
239.354	22
239.38	20
239.424	22
239.454	22
239.489	22
239.514	22
239.554	22
239.589	22
239.624	22
239.654	22
239.689	22
239.724	22
239.754	22
239.789	22
239.824	22
239.854	22
239.889	22
239.924	22
239.95	20
239.989	22
240.024	22
240.054	22
240.089	22
240.124	22
240.154	22
240.189	22
240.224	22
240.254	22
240.289	22
240.327	25
240.354	22
240.389	22
240.424	22
240.454	22
240.489	22
240.52	20
240.554	22
240.589	22
240.615	20
240.654	22
240.689	22
240.724	22
240.754	22
240.789	22
240.824	22
240.854	22
240.889	22
240.924	22
240.954	22
240.989	22
241.024	22
241.054	22
241.089	22
241.124	22
241.157	25
241.184	20
241.224	22
241.254	22
241.28	20
241.324	22
241.354	22
241.389	22
241.424	22
241.454	22
241.489	22
241.524	22
241.554	22
241.589	22
241.624	22
241.657	25
241.689	22
241.724	22
241.754	22
241.789	22
241.824	22
241.85	20
241.889	22
241.924	22
241.954	22
241.989	22
242.024	22
242.054	22
242.089	22
242.124	22
242.154	22
242.189	22
242.224	22
242.254	22
242.289	22
242.324	22
242.354	22
242.389	22
242.418	20
242.454	22
242.489	22
242.515	20
242.554	22
242.589	22
242.624	22
242.654	22
242.684	22
242.724	22
242.754	22
242.784	22
242.824	22
242.854	22
242.889	22
242.924	22
242.954	22
242.989	22
243.024	22
243.054	22
243.084	20
243.124	22
243.154	22
243.18	20
243.224	22
243.254	22
243.279	22
243.324	22
243.354	22
243.389	22
243.424	22
243.454	22
243.484	22
243.527	25
243.554	22
243.589	22
243.624	22
243.654	22
243.689	22
243.724	22
243.75	20
243.789	22
243.824	22
243.854	22
243.889	22
243.924	22
243.954	22
243.984	22
244.024	22
244.054	22
244.089	22
244.124	22
244.154	22
244.189	22
244.224	22
244.249	22
244.289	22
244.318	20
244.354	22
244.389	22
244.415	20
244.454	22
244.489	22
244.524	22
244.554	22
244.589	22
244.624	22
244.654	22
244.689	22
244.724	22
244.754	22
244.789	22
244.824	22
244.854	22
244.889	22
244.924	22
244.954	22
244.985	20
245.024	22
245.054	22
245.08	20
245.124	22
245.154	22
245.189	22
245.224	22
245.254	22
245.289	22
245.324	22
245.354	22
245.389	22
245.424	22
245.454	22
245.489	22
245.524	22
245.554	22
245.589	22
245.624	22
245.65	20
245.689	22
245.724	22
245.754	22
245.789	22
245.824	22
245.854	22
245.889	22
245.924	22
245.954	22
245.989	22
246.024	22
246.054	22
246.089	22
246.124	22
246.149	22
246.189	22
246.22	20
246.254	22
246.289	22
246.315	20
246.354	22
246.389	22
246.424	22
246.454	22
246.489	22
246.524	22
246.554	22
246.579	22
246.604	27
246.63	28
246.657	25
246.689	22
246.724	22
246.754	22
246.789	22
246.824	22
246.854	22
246.889	22
246.924	22
246.954	22
246.98	20
247.024	22
247.054	22
247.089	22
247.124	22
247.149	22
247.189	22
247.224	22
247.254	22
247.289	22
247.324	22
247.354	22
247.389	22
247.424	22
247.454	22
247.489	22
247.524	22
247.55	20
247.589	22
247.624	22
247.654	22
247.689	22
247.724	22
247.754	22
247.789	22
247.824	22
247.854	22
247.889	22
247.924	22
247.957	25
247.989	22
248.024	22
248.054	22
248.079	22
248.118	20
248.154	22
248.189	22
248.224	22
248.254	22
248.289	22
248.324	22
248.354	22
248.384	22
248.424	22
248.454	22
248.489	22
248.524	22
248.554	22
248.589	22
248.624	22
248.654	22
248.684	20
248.724	22
248.754	22
248.78	20
248.824	22
248.857	25
248.889	22
248.924	22
248.954	22
248.989	22
249.024	22
249.049	22
249.089	22
249.124	22
249.149	22
249.189	22
249.224	22
249.254	22
249.289	22
249.324	22
249.35	20
249.389	22
249.424	22
249.454	22
249.489	22
249.524	22
249.554	22
249.589	22
249.624	22
249.654	22
249.689	22
249.724	22
249.754	22
249.789	22
249.824	22
249.854	22
249.889	22
249.918	20
249.954	22
249.989	22
250.015	20
250.054	22
250.089	22
250.124	22
250.154	22
250.189	22
250.224	22
250.254	22
250.289	22
250.324	22
250.354	22
250.389	22
250.424	22
250.454	22
250.489	22
250.524	22
250.549	22
250.584	20
250.624	22
250.654	22
250.68	20
250.709	22
250.736	29
250.763	26
250.789	22
250.824	22
250.854	22
250.889	22
250.924	22
250.954	22
250.989	22
251.024	22
251.054	22
251.089	22
251.124	22
251.154	22
251.189	22
251.224	22
251.25	20
251.289	22
251.324	22
251.354	22
251.389	22
251.414	22
251.44	20
251.465	28
251.492	25
251.524	22
251.554	22
251.589	22
251.614	22
251.654	22
251.689	22
251.724	22
251.754	22
251.789	22
251.82	20
251.854	22
251.889	22
251.915	20
251.954	22
251.989	22
252.014	22
252.049	22
252.089	22
252.124	22
252.154	22
252.189	22
252.224	22
252.249	22
252.289	22
252.324	22
252.354	22
252.389	22
252.424	22
252.454	22
252.484	20
252.524	22
252.557	25
252.589	22
252.624	22
252.654	22
252.689	22
252.724	22
252.754	22
252.789	22
252.824	22
252.854	22
252.889	22
252.924	22
252.954	22
252.989	22
253.024	22
253.054	22
253.089	22
253.127	25
253.154	22
253.189	22
253.224	22
253.254	22
253.289	22
253.324	22
253.354	22
253.389	22
253.424	22
253.454	22
253.489	22
253.524	22
253.554	22
253.584	22
253.624	22
253.649	22
253.689	22
253.72	20
253.749	22
253.784	22
253.815	20
253.854	22
253.889	22
253.924	22
253.954	22
253.979	22
254.005	20
254.03	28
254.057	25
254.089	22
254.124	22
254.154	22
254.184	22
254.224	22
254.254	22
254.289	22
254.324	22
254.354	22
254.384	20
254.424	22
254.454	22
254.48	20
254.524	22
254.554	22
254.589	22
254.624	22
254.654	22
254.689	22
254.724	22
254.754	22
254.789	22
254.824	22
254.854	22
254.889	22
254.924	22
254.954	22
254.989	22
255.024	22
255.054	22
255.089	22
255.124	22
255.151	20
255.189	22
255.224	22
255.25	20
255.289	22
255.324	22
255.35	20
255.389	22
255.424	22
255.454	22
255.489	22
255.524	22
255.554	22
255.589	22
255.624	22
255.654	22
255.689	22
255.724	22
255.754	22
255.789	22
255.824	22
255.854	22
255.889	22
255.92	20
255.954	22
255.984	22
256.015	20
256.054	22
256.089	22
256.124	22
256.154	22
256.189	22
256.224	22
256.254	22
256.289	22
256.324	22
256.354	22
256.389	22
256.424	22
256.454	22
256.484	22
256.524	22
256.554	22
256.589	22
256.624	22
256.657	25
256.689	22
256.724	22
256.754	22
256.789	22
256.824	22
256.854	22
256.889	22
256.924	22
256.954	22
256.989	22
257.024	22
257.049	22
257.089	22
257.124	22
257.154	22
257.189	22
257.224	22
257.25	20
257.289	22
257.324	22
257.354	22
257.389	22
257.424	22
257.454	22
257.489	22
257.524	22
257.557	25
257.589	22
257.624	22
257.654	22
257.689	22
257.724	22
257.754	22
257.779	22
257.804	27
257.83	28
257.857	25
257.889	22
257.915	20
257.96	28
257.989	22
258.024	22
258.054	22
258.089	22
258.124	22
258.154	22
258.189	22
258.224	22
258.254	22
258.289	22
258.324	22
258.354	22
258.389	22
258.424	22
258.454	22
258.484	20
258.524	22
258.554	22
258.58	20
258.624	22
258.654	22
258.689	22
258.724	22
258.754	22
258.789	22
258.824	22
258.854	22
258.889	22
258.924	22
258.954	22
258.989	22
259.024	22
259.054	22
259.089	22
259.124	22
259.151	20
259.189	22
259.224	22
259.25	20
259.289	22
259.324	22
259.354	22
259.389	22
259.424	22
259.454	22
259.489	22
259.524	22
259.554	22
259.589	22
259.624	22
259.654	22
259.689	22
259.724	22
259.754	22
259.789	22
259.82	20
259.849	22
259.889	22
259.915	20
259.954	22
259.989	22
260.024	22
260.054	22
260.089	22
260.124	22
260.154	22
260.189	22
260.224	22
260.254	22
260.289	22
260.324	22
260.354	22
260.389	22
260.424	22
260.454	22
260.484	20
260.524	22
260.554	22
260.58	20
260.624	22
260.654	22
260.689	22
260.724	22
260.754	22
260.789	22
260.824	22
260.854	22
260.889	22
260.924	22
260.954	22
260.989	22
261.024	22
261.049	22
261.089	22
261.124	22
261.15	20
261.189	22
261.224	22
261.254	22
261.289	22
261.324	22
261.354	22
261.389	22
261.414	22
261.439	27
261.469	27
261.495	28
261.524	22
261.554	22
261.589	22
261.627	25
261.654	22
261.689	22
261.717	20
261.754	22
261.789	22
261.824	22
261.854	22
261.889	22
261.924	22
261.954	22
261.989	22
262.024	22
262.054	22
262.089	22
262.124	22
262.154	22
262.189	22
262.224	22
262.249	22
262.284	20
262.324	22
262.354	22
262.38	20
262.424	22
262.454	22
262.479	22
262.524	22
262.554	22
262.589	22
262.624	22
262.654	22
262.689	22
262.724	22
262.754	22
262.789	22
262.824	22
262.854	22
262.889	22
262.924	22
262.95	20
262.989	22
263.024	22
263.054	22
263.089	22
263.124	22
263.154	22
263.189	22
263.224	22
263.254	22
263.289	22
263.324	22
263.354	22
263.389	22
263.424	22
263.454	22
263.489	22
263.52	20
263.554	22
263.589	22
263.615	20
263.654	22
263.689	22
263.724	22
263.754	22
263.789	22
263.824	22
263.854	22
263.889	22
263.924	22
263.954	22
263.989	22
264.024	22
264.054	22
264.089	22
264.124	22
264.154	22
264.184	20
264.209	22
264.236	29
264.263	26
264.289	22
264.324	22
264.354	22
264.389	22
264.414	22
264.454	22
264.489	22
264.524	22
264.554	22
264.589	22
264.624	22
264.654	22
264.689	22
264.724	22
264.754	22
264.789	22
264.824	22
264.85	20
264.889	22
264.924	22
264.954	22
264.989	22
265.024	22
265.054	22
265.092	25
265.124	22
265.154	22
265.189	22
265.224	22
265.254	22
265.289	22
265.324	22
265.354	22
265.389	22
265.42	20
265.454	22
265.489	22
265.515	20
265.554	22
265.589	22
265.624	22
265.654	22
265.689	22
265.724	22
265.754	22
265.789	22
265.824	22
265.854	22
265.889	22
265.924	22
265.954	22
265.989	22
266.024	22
266.054	22
266.084	20
266.124	22
266.154	22
266.18	20
266.224	22
266.254	22
266.289	22
266.324	22
266.354	22
266.389	22
266.424	22
266.454	22
266.489	22
266.524	22
266.554	22
266.589	22
266.624	22
266.654	22
266.689	22
266.724	22
266.75	20
266.789	22
266.824	22
266.854	22
266.889	22
266.924	22
266.954	22
266.989	22
267.024	22
267.054	22
267.089	22
267.114	22
267.139	27
267.166	29
267.192	25
267.224	22
267.254	22
267.289	22
267.314	22
267.339	27
267.366	29
267.395	28
267.424	22
267.454	22
267.489	22
267.524	22
267.554	22
267.589	22
267.624	22
267.654	22
267.689	22
267.724	22
267.754	22
267.789	22
267.824	22
267.854	22
267.889	22
267.924	22
267.954	22
267.984	20
268.009	22
268.036	29
268.063	26
268.089	22
268.124	22
268.154	22
268.184	22
268.224	22
268.254	22
268.284	22
268.324	22
268.354	22
268.389	22
268.424	22
268.454	22
268.489	22
268.524	22
268.554	22
268.589	22
268.624	22
268.65	20
268.689	22
268.724	22
268.754	22
268.789	22
268.814	22
268.84	20
268.865	28
268.892	25
268.924	22
268.954	22
268.989	22
269.024	22
269.054	22
269.089	22
269.124	22
269.149	22
269.189	22
269.22	20
269.254	22
269.289	22
269.315	20
269.354	22
269.389	22
269.424	22
269.454	22
269.489	22
269.524	22
269.554	22
269.589	22
269.624	22
269.654	22
269.689	22
269.724	22
269.754	22
269.789	22
269.824	22
269.849	22
269.884	20
269.924	22
269.957	25
269.984	22
270.024	22
270.054	22
270.089	22
270.124	22
270.154	22
270.189	22
270.224	22
270.254	22
270.289	22
270.324	22
270.354	22
270.389	22
270.424	22
270.454	22
270.489	22
270.514	22
270.55	20
270.589	22
270.624	22
270.649	22
270.689	22
270.724	22
270.754	22
270.789	22
270.824	22
270.849	22
270.889	22
270.924	22
270.954	22
270.989	22
271.014	22
271.054	22
271.089	22
271.12	20
271.154	22
271.189	22
271.215	20
271.254	22
271.289	22
271.324	22
271.354	22
271.389	22
271.424	22
271.454	22
271.489	22
271.524	22
271.554	22
271.589	22
271.624	22
271.654	22
271.689	22
271.724	22
271.754	22
271.784	20
271.824	22
271.854	22
271.88	20
271.909	22
271.936	29
271.963	26
271.989	22
272.024	22
272.054	22
272.089	22
272.124	22
272.154	22
272.189	22
272.224	22
272.254	22
272.289	22
272.324	22
272.354	22
272.389	22
272.424	22
272.45	20
272.489	22
272.524	22
272.554	22
272.589	22
272.624	22
272.654	22
272.689	22
272.724	22
272.754	22
272.789	22
272.824	22
272.854	22
272.889	22
272.924	22
272.954	22
272.989	22
273.02	20
273.054	22
273.092	25
273.124	22
273.154	22
273.189	22
273.224	22
273.254	22
273.289	22
273.324	22
273.354	22
273.389	22
273.424	22
273.454	22
273.489	22
273.524	22
273.554	22
273.579	22
273.624	22
273.654	22
273.684	20
273.724	22
273.754	22
273.78	20
273.824	22
273.854	22
273.889	22
273.924	22
273.954	22
273.989	22
274.024	22
274.057	25
274.089	22
274.124	22
274.154	22
274.189	22
274.224	22
274.249	22
274.289	22
274.324	22
274.35	20
274.389	22
274.424	22
274.454	22
274.489	22
274.524	22
274.554	22
274.589	22
274.624	22
274.654	22
274.689	22
274.724	22
274.749	22
274.789	22
274.824	22
274.854	22
274.889	22
274.92	20
274.954	22
274.989	22
275.015	20
275.054	22
275.089	22
275.124	22
275.154	22
275.189	22
275.224	22
275.254	22
275.289	22
275.324	22
275.354	22
275.389	22
275.424	22
275.454	22
275.489	22
275.524	22
275.554	22
275.584	20
275.624	22
275.654	22
275.68	20
275.724	22
275.754	22
275.789	22
275.824	22
275.854	22
275.889	22
275.924	22
275.954	22
275.989	22
276.024	22
276.054	22
276.089	22
276.124	22
276.154	22
276.189	22
276.224	22
276.25	20
276.289	22
276.324	22
276.354	22
276.389	22
276.424	22
276.454	22
276.484	22
276.524	22
276.554	22
276.589	22
276.624	22
276.654	22
276.689	22
276.724	22
276.754	22
276.789	22
276.82	20
276.854	22
276.889	22
276.915	20
276.954	22
276.989	22
277.024	22
277.054	22
277.084	22
277.124	22
277.154	22
277.189	22
277.224	22
277.254	22
277.289	22
277.324	22
277.354	22
277.389	22
277.424	22
277.454	22
277.484	20
277.524	22
277.554	22
277.58	20
277.624	22
277.654	22
277.689	22
277.724	22
277.754	22
277.789	22
277.824	22
277.854	22
277.889	22
277.924	22
277.954	22
277.989	22
278.024	22
278.054	22
278.089	22
278.124	22
278.15	20
278.189	22
278.224	22
278.249	22
278.289	22
278.324	22
278.354	22
278.389	22
278.424	22
278.454	22
278.489	22
278.524	22
278.554	22
278.589	22
278.624	22
278.654	22
278.689	22
278.72	20
278.754	22
278.789	22
278.815	20
278.854	22
278.884	22
278.91	20
278.935	28
278.96	28
278.989	22
279.024	22
279.054	22
279.089	22
279.124	22
279.154	22
279.189	22
279.214	22
279.254	22
279.289	22
279.314	22
279.354	22
279.384	20
279.424	22
279.454	22
279.48	20
279.524	22
279.554	22
279.589	22
279.624	22
279.654	22
279.689	22
279.724	22
279.754	22
279.789	22
279.824	22
279.854	22
279.889	22
279.924	22
279.954	22
279.984	22
280.024	22
280.05	20
280.089	22
280.124	22
280.154	22
280.189	22
280.224	22
280.254	22
280.289	22
280.324	22
280.354	22
280.389	22
280.424	22
280.454	22
280.489	22
280.524	22
280.557	25
280.589	22
280.62	20
280.654	22
280.689	22
280.715	20
280.754	22
280.789	22
280.824	22
280.854	22
280.889	22
280.924	22
280.957	25
280.989	22
281.024	22
281.054	22
281.092	25
281.124	22
281.154	22
281.189	22
281.224	22
281.254	22
281.284	20
281.324	22
281.354	22
281.392	25
281.424	22
281.454	22
281.489	22
281.524	22
281.554	22
281.589	22
281.624	22
281.654	22
281.689	22
281.724	22
281.754	22
281.789	22
281.824	22
281.854	22
281.889	22
281.924	22
281.95	20
281.989	22
282.024	22
282.054	22
282.089	22
282.124	22
282.154	22
282.189	22
282.224	22
282.254	22
282.289	22
282.324	22
282.354	22
282.389	22
282.414	22
282.439	27
282.466	29
282.492	25
282.52	20
282.554	22
282.589	22
282.615	20
282.654	22
282.689	22
282.724	22
282.754	22
282.789	22
282.824	22
282.854	22
282.879	22
282.904	27
282.93	28
282.957	25
282.989	22
283.024	22
283.054	22
283.089	22
283.124	22
283.154	22
283.184	20
283.224	22
283.257	25
283.289	22
283.324	22
283.354	22
283.389	22
283.424	22
283.454	22
283.489	22
283.524	22
283.554	22
283.579	22
283.606	29
283.633	26
283.66	28
283.689	22
283.724	22
283.749	22
283.789	22
283.824	22
283.85	20
283.889	22
283.924	22
283.954	22
283.989	22
284.024	22
284.054	22
284.089	22
284.124	22
284.154	22
284.189	22
284.214	22
284.254	22
284.289	22
284.324	22
284.354	22
284.389	22
284.42	20
284.457	25
284.489	22
284.515	20
284.554	22
284.589	22
284.624	22
284.654	22
284.689	22
284.724	22
284.754	22
284.789	22
284.824	22
284.854	22
284.889	22
284.924	22
284.954	22
284.989	22
285.024	22
285.054	22
285.084	20
285.124	22
285.154	22
285.18	20
285.224	22
285.254	22
285.289	22
285.324	22
285.354	22
285.389	22
285.424	22
285.454	22
285.489	22
285.524	22
285.554	22
285.579	22
285.604	27
285.63	28
285.657	25
285.689	22
285.724	22
285.75	20
285.789	22
285.824	22
285.854	22
285.889	22
285.924	22
285.954	22
285.989	22
286.024	22
286.054	22
286.089	22
286.124	22
286.154	22
286.189	22
286.224	22
286.254	22
286.289	22
286.32	20
286.354	22
286.389	22
286.415	20
286.457	25
286.489	22
286.524	22
286.554	22
286.589	22
286.624	22
286.654	22
286.689	22
286.724	22
286.754	22
286.789	22
286.824	22
286.854	22
286.889	22
286.924	22
286.954	22
286.984	20
287.024	22
287.054	22
287.08	20
287.106	29
287.133	26
287.16	28
287.189	22
287.224	22
287.254	22
287.289	22
287.324	22
287.354	22
287.389	22
287.414	22
287.454	22
287.489	22
287.524	22
287.554	22
287.584	22
287.609	22
287.635	28
287.66	28
287.689	22
287.724	22
287.749	22
287.789	22
287.824	22
287.854	22
287.889	22
287.924	22
287.954	22
287.989	22
288.024	22
288.057	25
288.089	22
288.124	22
288.154	22
288.189	22
288.217	20
288.254	22
288.279	22
288.31	20
288.335	28
288.36	28
288.389	22
288.424	22
288.454	22
288.489	22
288.524	22
288.554	22
288.589	22
288.624	22
288.654	22
288.689	22
288.724	22
288.754	22
288.785	20
288.824	22
288.854	22
288.889	22
288.924	22
288.949	22
288.98	20
289.024	22
289.057	25
289.089	22
289.124	22
289.154	22
289.189	22
289.224	22
289.257	25
289.284	22
289.324	22
289.354	22
289.389	22
289.424	22
289.454	22
289.489	22
289.524	22
289.554	22
289.589	22
289.624	22
289.654	22
289.689	22
289.724	22
289.754	22
289.784	22
289.814	22
289.844	22
289.889	22
289.924	22
289.954	22
289.989	22
290.024	22
290.054	22
290.089	22
290.117	20
290.154	22
290.189	22
290.224	22
290.254	22
290.289	22
290.324	22
290.354	22
290.389	22
290.424	22
290.454	22
290.489	22
290.524	22
290.554	22
290.589	22
290.624	22
290.654	22
290.685	20
290.724	22
290.754	22
290.78	20
290.824	22
290.854	22
290.889	22
290.924	22
290.954	22
290.989	22
291.024	22
291.054	22
291.089	22
291.124	22
291.154	22
291.189	22
291.224	22
291.254	22
291.289	22
291.324	22
291.354	22
291.389	22
291.414	22
291.439	27
291.466	29
291.492	25
291.524	22
291.554	22
291.589	22
291.624	22
291.65	20
291.689	22
291.724	22
291.754	22
291.789	22
291.824	22
291.854	22
291.889	22
291.924	22
291.954	22
291.989	22
292.024	22
292.054	22
292.089	22
292.124	22
292.154	22
292.189	22
292.22	20
292.254	22
292.289	22
292.315	20
292.354	22
292.389	22
292.424	22
292.454	22
292.489	22
292.524	22
292.554	22
292.589	22
292.624	22
292.654	22
292.689	22
292.724	22
292.754	22
292.789	22
292.824	22
292.854	22
292.885	20
292.924	22
292.954	22
292.98	20
293.024	22
293.054	22
293.089	22
293.124	22
293.154	22
293.189	22
293.224	22
293.254	22
293.289	22
293.324	22
293.354	22
293.389	22
293.424	22
293.454	22
293.489	22
293.524	22
293.55	20
293.589	22
293.624	22
293.654	22
293.689	22
293.724	22
293.754	22
293.789	22
293.824	22
293.854	22
293.889	22
293.924	22
293.954	22
293.989	22
294.024	22
294.054	22
294.089	22
294.12	20
294.154	22
294.189	22
294.215	20
294.254	22
294.289	22
294.324	22
294.354	22
294.389	22
294.424	22
294.454	22
294.489	22
294.524	22
294.554	22
294.589	22
294.624	22
294.654	22
294.689	22
294.724	22
294.754	22
294.784	20
294.824	22
294.854	22
294.88	20
294.924	22
294.954	22
294.989	22
295.024	22
295.054	22
295.089	22
295.124	22
295.154	22
295.189	22
295.224	22
295.254	22
295.279	22
295.304	27
295.33	28
295.357	25
295.389	22
295.424	22
295.45	20
295.489	22
295.524	22
295.554	22
295.589	22
295.624	22
295.654	22
295.689	22
295.724	22
295.754	22
295.789	22
295.824	22
295.854	22
295.889	22
295.924	22
295.954	22
295.989	22
296.02	20
296.054	22
296.089	22
296.115	20
296.149	22
296.189	22
296.224	22
296.249	22
296.284	22
296.324	22
296.354	22
296.389	22
296.424	22
296.454	22
296.489	22
296.524	22
296.554	22
296.589	22
296.624	22
296.654	22
296.684	20
296.724	22
296.754	22
296.78	20
296.824	22
296.854	22
296.889	22
296.924	22
296.954	22
296.989	22
297.024	22
297.054	22
297.089	22
297.124	22
297.154	22
297.189	22
297.224	22
297.254	22
297.289	22
297.324	22
297.35	20
297.389	22
297.424	22
297.45	20
297.489	22
297.524	22
297.55	20
297.589	22
297.63	28
297.657	25
297.682	25
297.724	22
297.754	22
297.789	22
297.824	22
297.854	22
297.889	22
297.924	22
297.954	22
297.989	22
298.024	22
298.054	22
298.089	22
298.124	22
298.154	22
298.189	22
298.22	20
298.254	22
298.289	22
298.315	20
298.354	22
298.389	22
298.424	22
298.454	22
298.489	22
298.524	22
298.554	22
298.589	22
298.624	22
298.654	22
298.689	22
298.724	22
298.754	22
298.789	22
298.824	22
298.854	22
298.884	20
298.924	22
298.957	25
298.989	22
299.024	22
299.054	22
299.089	22
299.124	22
299.154	22
299.189	22
299.224	22
299.249	22
299.284	22
299.324	22
299.354	22
299.389	22
299.424	22
299.454	22
299.489	22
299.524	22
299.55	20
299.579	22
299.624	22
299.654	22
299.689	22
299.724	22
299.754	22
299.789	22
299.824	22
299.854	22
299.889	22
299.924	22
299.954	22
299.989	22
300.024	22
300.054	22
300.089	22
300.12	20
300.154	22
300.189	22
300.215	20
300.254	22
300.289	22
300.324	22
300.354	22
300.389	22
300.424	22
300.454	22
300.489	22
300.524	22
300.554	22
300.589	22
300.624	22
300.654	22
300.689	22
300.724	22
300.754	22
300.785	20
300.824	22
300.854	22
300.88	20
300.924	22
300.954	22
300.989	22
301.024	22
301.054	22
301.089	22
301.124	22
301.154	22
301.189	22
301.224	22
301.254	22
301.289	22
301.324	22
301.354	22
301.389	22
301.424	22
301.45	20
301.489	22
301.514	22
301.539	27
301.566	29
301.592	25
301.624	22
301.654	22
301.689	22
301.724	22
301.754	22
301.789	22
301.824	22
301.854	22
301.889	22
301.924	22
301.954	22
301.989	22
302.02	20
302.054	22
302.089	22
302.115	20
302.154	22
302.189	22
302.224	22
302.254	22
302.289	22
302.324	22
302.354	22
302.389	22
302.424	22
302.454	22
302.489	22
302.524	22
302.554	22
302.589	22
302.624	22
302.654	22
302.684	20
302.724	22
302.754	22
302.78	20
302.824	22
302.854	22
302.889	22
302.924	22
302.954	22
302.989	22
303.024	22
303.054	22
303.089	22
303.124	22
303.154	22
303.189	22
303.224	22
303.254	22
303.289	22
303.324	22
303.35	20
303.389	22
303.424	22
303.454	22
303.489	22
303.524	22
303.554	22
303.589	22
303.624	22
303.654	22
303.689	22
303.724	22
303.754	22
303.789	22
303.824	22
303.854	22
303.889	22
303.92	20
303.954	22
303.989	22
304.015	20
304.054	22
304.089	22
304.124	22
304.154	22
304.189	22
304.224	22
304.254	22
304.289	22
304.324	22
304.354	22
304.389	22
304.424	22
304.454	22
304.489	22
304.524	22
304.554	22
304.589	22
304.624	22
304.654	22
304.68	20
304.724	22
304.754	22
304.789	22
304.824	22
304.854	22
304.889	22
304.924	22
304.954	22
304.989	22
305.024	22
305.054	22
305.089	22
305.124	22
305.157	25
305.189	22
305.224	22
305.25	20
305.289	22
305.324	22
305.354	22
305.389	22
305.424	22
305.454	22
305.489	22
305.524	22
305.554	22
305.589	22
305.624	22
305.654	22
305.689	22
305.724	22
305.754	22
305.789	22
305.82	20
305.854	22
305.889	22
305.915	20
305.954	22
305.979	22
306.004	27
306.03	28
306.057	25
306.089	22
306.124	22
306.154	22
306.189	22
306.224	22
306.254	22
306.289	22
306.324	22
306.354	22
306.389	22
306.424	22
306.454	22
306.484	20
306.524	22
306.554	22
306.58	20
306.609	22
306.636	29
306.663	26
306.689	22
306.724	22
306.754	22
306.789	22
306.824	22
306.854	22
306.879	22
306.904	27
306.93	28
306.957	25
306.989	22
307.024	22
307.054	22
307.089	22
307.124	22
307.15	20
307.189	22
307.224	22
307.254	22
307.289	22
307.324	22
307.354	22
307.379	22
307.404	27
307.43	28
307.457	25
307.489	22
307.524	22
307.554	22
307.589	22
307.624	22
307.654	22
307.689	22
307.72	20
307.754	22
307.789	22
307.815	20
307.854	22
307.889	22
307.924	22
307.954	22
307.984	22
308.024	22
308.054	22
308.089	22
308.124	22
308.154	22
308.189	22
308.224	22
308.254	22
308.289	22
308.324	22
308.354	22
308.384	20
308.424	22
308.454	22
308.48	20
308.524	22
308.549	22
308.575	20
308.601	29
308.627	25
308.654	22
308.689	22
308.724	22
308.754	22
308.789	22
308.814	22
308.854	22
308.889	22
308.924	22
308.954	22
308.989	22
309.024	22
309.05	20
309.089	22
309.124	22
309.154	22
309.189	22
309.224	22
309.254	22
309.289	22
309.324	22
309.354	22
309.389	22
309.424	22
309.454	22
309.489	22
309.524	22
309.554	22
309.589	22
309.62	20
309.654	22
309.689	22
309.715	20
309.754	22
309.789	22
309.824	22
309.854	22
309.889	22
309.924	22
309.954	22
309.989	22
