0.057	22
0.085	22
0.135	22
0.16	22
0.193	25
0.225	22
0.259	22
0.295	23
0.324	22
0.349	37
0.374	32
0.4	28
0.427	25
0.459	22
0.494	22
0.52	20
0.545	33
0.571	29
0.597	25
0.624	22
0.659	22
0.685	20
0.71	33
0.735	28
0.762	25
0.797	25
0.824	22
0.859	22
0.889	22
0.915	33
0.942	35
0.968	31
0.994	22
1.024	22
1.059	22
1.094	22
1.124	22
1.159	22
1.194	22
1.224	22
1.259	22
1.295	23
1.324	22
1.359	22
1.394	22
1.424	22
1.46	23
1.494	22
1.524	22
1.55	20
1.577	35
1.603	31
1.63	28
1.659	22
1.685	20
1.711	34
1.738	31
1.765	28
1.794	22
1.825	23
1.859	22
1.884	27
1.909	32
1.934	32
1.959	22
1.994	22
2.024	22
2.059	22
2.095	23
2.125	23
2.159	22
2.194	22
2.224	22
2.259	22
2.294	22
2.324	22
2.359	22
2.394	22
2.424	22
2.459	22
2.494	22
2.524	22
2.559	22
2.594	22
2.624	22
2.659	22
2.694	22
2.724	22
2.759	22
2.79	20
2.824	22
2.853	20
2.878	31
2.903	26
2.93	28
2.959	22
2.985	20
3.01	33
3.036	29
3.063	26
3.095	23
3.12	20
3.159	22
3.19	20
3.219	22
3.259	22
3.294	22
3.324	22
3.359	22
3.394	22
3.424	22
3.459	22
3.494	22
3.524	22
3.553	20
3.594	22
3.624	22
3.659	22
3.695	23
3.725	23
3.759	22
3.785	20
3.81	28
3.835	28
3.86	23
3.894	22
3.925	23
3.96	23
3.994	22
4.024	22
4.06	23
4.094	22
4.124	22
4.16	23
4.187	20
4.224	22
4.259	22
4.294	22
4.324	22
4.355	20
4.395	23
4.425	23
4.459	22
4.494	22
4.528	26
4.554	22
4.594	22
4.62	20
4.659	22
4.694	22
4.724	22
4.759	22
4.794	22
4.824	22
4.859	22
4.894	22
4.924	22
4.959	22
4.995	23
5.024	22
5.059	22
5.094	22
5.124	22
5.159	22
5.194	22
5.224	22
5.259	22
5.294	22
5.324	22
5.359	22
5.394	22
5.424	22
5.459	22
5.494	22
5.524	22
5.559	22
5.594	22
5.62	20
5.659	22
5.694	22
5.724	22
5.759	22
5.794	22
5.824	22
5.859	22
5.894	22
5.924	22
5.95	20
5.995	23
6.025	23
6.059	22
6.098	26
6.125	23
6.159	22
6.194	22
6.224	22
6.259	22
6.294	22
6.324	22
6.359	22
6.394	22
6.424	22
6.459	22
6.485	20
6.524	22
6.559	22
6.59	20
6.624	22
6.659	22
6.694	22
6.724	22
6.759	22
6.794	22
6.824	22
6.859	22
6.894	22
6.924	22
6.959	22
6.994	22
7.025	23
7.06	23
7.094	22
7.124	22
7.16	23
7.195	23
7.22	20
7.259	22
7.294	22
7.324	22
7.359	22
7.394	22
7.424	22
7.459	22
7.494	22
7.524	22
7.559	22
7.594	22
7.624	22
7.659	22
7.694	22
7.724	22
7.759	22
7.794	22
7.824	22
7.85	20
7.894	22
7.924	22
7.955	20
7.994	22
8.024	22
8.059	22
8.094	22
8.124	22
8.159	22
8.194	22
8.224	22
8.259	22
8.285	20
8.324	22
8.359	22
8.394	22
8.424	22
8.459	22
8.494	22
8.524	22
8.562	25
8.594	22
8.624	22
8.659	22
8.694	22
8.719	22
8.759	22
8.794	22
8.824	22
8.859	22
8.894	22
8.924	22
8.959	22
8.994	22
9.024	22
9.055	20
9.094	22
9.124	22
9.159	22
9.194	22
9.224	22
9.259	22
9.294	22
9.324	22
9.359	22
9.385	20
9.424	22
9.459	22
9.494	22
9.524	22
9.554	22
9.594	22
9.624	22
9.659	22
9.694	22
9.724	22
9.759	22
9.794	22
9.824	22
9.859	22
9.894	22
9.924	22
9.953	20
9.994	22
10.024	22
10.059	22
10.094	22
10.124	22
10.159	22
10.194	22
10.224	22
10.259	22
10.285	20
10.324	22
10.359	22
10.394	22
10.424	22
10.459	22
10.497	25
10.524	22
10.559	22
10.594	22
10.624	22
10.662	25
10.697	25
10.724	22
10.759	22
10.784	22
10.81	20
10.835	23
10.862	25
10.894	22
10.924	22
10.959	22
10.994	22
11.024	22
11.059	22
11.094	22
11.124	22
11.159	22
11.194	22
11.224	22
11.259	22
11.297	25
11.324	22
11.359	22
11.394	22
11.424	22
11.459	22
11.484	22
11.526	24
11.559	22
11.594	22
11.624	22
11.649	22
11.674	22
11.699	27
11.725	23
11.759	22
11.794	22
11.824	22
11.86	23
11.894	22
11.924	22
11.953	20
11.994	22
12.024	22
12.059	22
12.095	23
12.125	23
12.16	23
12.194	22
12.224	22
12.259	22
12.294	22
12.325	23
12.36	23
12.395	23
12.424	22
12.459	22
12.494	22
12.525	23
12.559	22
12.594	22
12.627	25
12.66	23
12.695	23
12.724	22
12.759	22
12.79	20
12.824	22
12.859	22
12.894	22
12.924	22
12.959	22
12.994	22
13.024	22
13.059	22
13.094	22
13.124	22
13.159	22
13.194	22
13.224	22
13.259	22
13.285	20
13.324	22
13.359	22
13.394	22
13.424	22
13.46	23
13.495	23
13.525	23
13.559	22
13.594	22
13.625	23
13.661	24
13.694	22
13.724	22
13.759	22
13.794	22
13.824	22
13.859	22
13.884	22
13.924	22
13.959	22
13.994	22
14.024	22
14.059	22
14.094	22
14.124	22
14.159	22
14.194	22
14.224	22
14.259	22
14.294	22
14.324	22
14.359	22
14.394	22
14.424	22
14.459	22
14.494	22
14.524	22
14.549	22
14.594	22
14.624	22
14.649	22
14.679	22
14.704	22
14.73	23
14.759	22
14.794	22
14.825	23
14.86	23
14.898	26
14.925	23
14.96	23
14.995	23
15.025	23
15.055	20
15.094	22
15.124	22
15.159	22
15.194	22
15.224	22
15.259	22
15.287	20
15.324	22
15.359	22
15.394	22
15.424	22
15.459	22
15.494	22
15.524	22
15.559	22
15.594	22
15.624	22
15.659	22
15.697	25
15.724	22
15.759	22
15.794	22
15.827	25
15.859	22
15.885	20
15.925	23
15.96	23
15.995	23
16.025	23
16.059	22
16.094	22
16.124	22
16.159	22
16.194	22
16.224	22
16.249	22
16.294	22
16.324	22
16.36	23
16.397	25
16.424	22
16.46	23
16.494	22
16.527	25
16.559	22
16.595	23
16.625	23
16.66	23
16.69	20
16.715	23
16.76	23
16.789	22
16.824	22
16.86	23
16.89	23
16.924	22
16.959	22
16.989	22
17.024	22
17.049	22
17.089	22
17.124	22
17.159	22
17.189	22
17.224	22
17.259	22
17.289	22
17.324	22
17.359	22
17.389	22
17.415	20
17.459	22
17.489	22
17.524	22
17.559	22
17.589	22
17.624	22
17.653	20
17.689	22
17.714	22
17.759	22
17.789	22
17.824	22
17.859	22
17.885	20
17.924	22
17.962	25
17.989	22
18.024	22
18.059	22
18.089	22
18.115	20
18.159	22
18.189	22
18.224	22
18.259	22
18.289	22
18.324	22
18.359	22
18.389	22
18.424	22
18.459	22
18.484	22
18.524	22
18.559	22
18.589	22
18.624	22
18.659	22
18.686	20
18.724	22
18.759	22
18.789	22
18.827	25
18.859	22
18.89	23
18.915	20
18.959	22
18.989	22
19.024	22
19.059	22
19.089	22
19.127	25
19.159	22
19.189	22
19.225	23
19.26	23
19.289	22
19.324	22
19.359	22
19.389	22
19.425	23
19.46	23
19.49	23
19.525	23
19.559	22
19.589	22
19.624	22
19.659	22
19.689	22
19.724	22
19.759	22
19.789	22
19.827	25
19.859	22
19.889	22
19.924	22
19.959	22
19.984	22
20.019	22
20.049	22
20.085	20
20.124	22
20.16	23
20.19	23
20.224	22
20.259	22
20.29	23
20.315	20
20.359	22
20.389	22
20.424	22
20.459	22
20.489	22
20.524	22
20.559	22
20.589	22
20.624	22
20.659	22
20.689	22
20.724	22
20.759	22
20.789	22
20.824	22
20.859	22
20.885	20
20.924	22
20.959	22
20.989	22
21.024	22
21.059	22
21.089	22
21.115	20
21.159	22
21.189	22
21.224	22
21.259	22
21.289	22
21.324	22
21.359	22
21.389	22
21.414	22
21.459	22
21.489	22
21.524	22
21.559	22
21.589	22
21.619	22
21.659	22
21.689	22
21.724	22
21.759	22
21.789	22
21.824	22
21.849	22
21.879	22
21.92	20
21.962	25
21.989	22
22.024	22
22.059	22
22.089	22
22.114	22
22.15	20
22.189	22
22.224	22
22.259	22
22.289	22
22.324	22
22.359	22
22.389	22
22.424	22
22.459	22
22.485	20
22.524	22
22.56	23
22.59	23
22.624	22
22.659	22
22.693	26
22.725	23
22.759	22
22.789	22
22.814	22
22.859	22
22.889	22
22.924	22
22.959	22
22.989	22
23.024	22
23.059	22
23.089	22
23.124	22
23.159	22
23.189	22
23.224	22
23.259	22
23.289	22
23.324	22
23.359	22
23.389	22
23.42	20
23.459	22
23.489	22
23.524	22
23.562	25
23.589	22
23.624	22
23.659	22
23.689	22
23.724	22
23.759	22
23.789	22
23.824	22
23.859	22
23.889	22
23.924	22
23.959	22
23.989	22
24.027	25
24.059	22
24.089	22
24.124	22
24.159	22
24.189	22
24.224	22
24.259	22
24.289	22
24.327	25
24.353	20
24.389	22
24.424	22
24.459	22
24.489	22
24.524	22
24.559	22
24.585	20
24.624	22
24.659	22
24.684	22
24.724	22
24.762	25
24.789	22
24.815	20
24.849	22
24.889	22
24.924	22
24.959	22
24.989	22
25.024	22
25.059	22
25.089	22
25.124	22
25.159	22
25.189	22
25.224	22
25.259	22
25.285	20
25.324	22
25.359	22
25.389	22
25.424	22
25.459	22
25.489	22
25.524	22
25.559	22
25.589	22
25.624	22
25.659	22
25.689	22
25.724	22
25.759	22
25.789	22
25.824	22
25.859	22
25.885	20
25.924	22
25.959	22
25.989	22
26.024	22
26.059	22
26.089	22
26.115	20
26.159	22
26.189	22
26.224	22
26.262	25
26.289	22
26.324	22
26.359	22
26.389	22
26.414	22
26.459	22
26.489	22
26.524	22
26.559	22
26.589	22
26.624	22
26.659	22
26.686	20
26.725	23
26.76	23
26.789	22
26.824	22
26.859	22
26.889	22
26.914	22
26.959	22
26.989	22
27.024	22
27.059	22
27.089	22
27.124	22
27.15	20
27.189	22
27.224	22
27.259	22
27.289	22
27.324	22
27.359	22
27.386	20
27.424	22
27.459	22
27.489	22
27.514	22
27.559	22
27.589	22
27.624	22
27.659	22
27.689	22
27.724	22
27.759	22
27.789	22
27.824	22
27.859	22
27.889	22
27.924	22
27.959	22
27.985	20
28.024	22
28.059	22
28.089	22
28.124	22
28.159	22
28.189	22
28.22	20
28.259	22
28.289	22
28.324	22
28.359	22
28.389	22
28.427	25
28.459	22
28.489	22
28.524	22
28.559	22
28.589	22
28.624	22
28.659	22
28.689	22
28.724	22
28.759	22
28.789	22
28.824	22
28.859	22
28.889	22
28.924	22
28.949	22
28.989	22
29.024	22
29.059	22
29.089	22
29.124	22
29.149	22
29.189	22
29.224	22
29.25	20
29.289	22
29.324	22
29.359	22
29.389	22
29.424	22
29.459	22
29.49	23
29.525	23
29.559	22
29.585	20
29.625	23
29.66	23
29.689	22
29.724	22
29.76	23
29.789	22
29.824	22
29.859	22
29.889	22
29.915	20
29.959	22
29.989	22
30.014	22
30.059	22
30.089	22
30.124	22
30.159	22
30.189	22
30.224	22
30.259	22
30.289	22
30.324	22
30.353	20
30.389	22
30.424	22
30.459	22
30.489	22
30.524	22
30.559	22
30.589	22
30.624	22
30.659	22
30.685	20
30.724	22
30.759	22
30.789	22
30.824	22
30.859	22
30.889	22
30.924	22
30.959	22
30.989	22
31.024	22
31.059	22
31.089	22
31.124	22
31.159	22
31.189	22
31.224	22
31.255	20
31.289	22
31.324	22
31.359	22
31.39	23
31.424	22
31.459	22
31.485	20
31.525	23
31.559	22
31.589	22
31.625	23
31.66	23
31.689	22
31.715	20
31.76	23
31.79	23
31.824	22
31.86	23
31.889	22
31.924	22
31.959	22
31.989	22
32.024	22
32.059	22
32.089	22
32.124	22
32.153	20
32.189	22
32.224	22
32.259	22
32.289	22
32.324	22
32.359	22
32.389	22
32.424	22
32.459	22
32.489	22
32.524	22
32.559	22
32.589	22
32.624	22
32.659	22
32.689	22
32.724	22
32.759	22
32.789	22
32.815	20
32.859	22
32.889	22
32.924	22
32.96	23
32.99	23
33.024	22
33.06	23
33.09	23
33.124	22
33.15	20
33.189	22
33.224	22
33.259	22
33.289	22
33.324	22
33.359	22
33.389	22
33.424	22
33.459	22
33.489	22
33.524	22
33.559	22
33.589	22
33.624	22
33.659	22
33.685	20
33.724	22
33.759	22
33.785	20
33.824	22
33.859	22
33.885	20
33.924	22
33.959	22
33.985	20
34.019	22
34.059	22
34.085	20
34.124	22
34.159	22
34.189	22
34.224	22
34.259	22
34.289	22
34.319	22
34.359	22
34.389	22
34.424	22
34.46	23
34.49	23
34.515	23
34.56	23
34.59	23
34.624	22
34.653	20
34.689	22
34.724	22
34.759	22
34.789	22
34.824	22
34.859	22
34.889	22
34.924	22
34.959	22
34.989	22
35.024	22
35.049	22
35.089	22
35.124	22
35.159	22
35.192	25
35.224	22
35.259	22
35.289	22
35.324	22
35.359	22
35.389	22
35.424	22
35.459	22
35.489	22
35.514	22
35.549	22
35.589	22
35.624	22
35.659	22
35.684	22
35.724	22
35.759	22
35.789	22
35.824	22
35.859	22
35.889	22
35.924	22
35.959	22
35.989	22
36.024	22
36.059	22
36.089	22
36.124	22
36.159	22
36.189	22
36.224	22
36.249	22
36.289	22
36.324	22
36.35	20
36.389	22
36.424	22
36.459	22
36.489	22
36.524	22
36.559	22
36.589	22
36.614	22
36.649	22
36.689	22
36.724	22
36.759	22
36.789	22
36.824	22
36.859	22
36.889	22
36.919	22
36.959	22
36.989	22
37.015	20
37.059	22
37.089	22
37.124	22
37.159	22
37.189	22
37.224	22
37.259	22
37.289	22
37.324	22
37.359	22
37.389	22
37.424	22
37.459	22
37.492	25
37.524	22
37.559	22
37.586	20
37.624	22
37.659	22
37.685	20
37.724	22
37.759	22
37.785	20
37.824	22
37.859	22
37.884	22
37.924	22
37.959	22
37.989	22
38.024	22
38.059	22
38.085	20
38.124	22
38.159	22
38.185	20
38.224	22
38.259	22
38.285	20
38.324	22
38.359	22
38.389	22
38.424	22
38.459	22
38.489	22
38.524	22
38.559	22
38.589	22
38.614	22
38.649	22
38.674	27
38.701	29
38.727	25
38.759	22
38.789	22
38.824	22
38.85	20
38.89	23
38.924	22
38.959	22
38.994	27
39.024	22
39.059	22
39.089	22
39.124	22
39.159	22
39.189	22
39.224	22
39.259	22
39.289	22
39.32	20
39.359	22
39.389	22
39.415	20
39.459	22
39.489	22
39.524	22
39.56	23
39.59	23
39.624	22
39.65	23
39.689	22
39.724	22
39.759	22
39.789	22
39.824	22
39.859	22
39.886	20
39.927	25
39.959	22
39.989	22
40.024	22
40.059	22
40.09	23
40.119	22
40.159	22
40.19	23
40.225	23
40.259	22
40.289	22
40.325	23
40.353	20
40.389	22
40.424	22
40.449	22
40.489	22
40.519	22
40.559	22
40.584	22
40.624	22
40.659	22
40.689	22
40.724	22
40.759	22
40.789	22
40.819	22
40.859	22
40.889	22
40.92	20
40.959	22
40.989	22
41.015	20
41.059	22
41.089	22
41.124	22
41.159	22
41.189	22
41.224	22
41.262	25
41.289	22
41.319	22
41.36	23
41.389	22
41.427	25
41.459	22
41.486	20
41.525	23
41.559	22
41.589	22
41.624	22
41.659	22
41.689	22
41.725	23
41.759	22
41.789	22
41.824	22
41.862	25
41.889	22
41.924	22
41.959	22
41.989	22
42.019	22
42.059	22
42.089	22
42.124	22
42.159	22
42.189	22
42.224	22
42.259	22
42.289	22
42.324	22
42.359	22
42.389	22
42.424	22
42.459	22
42.489	22
42.524	22
42.559	22
42.589	22
42.624	22
42.659	22
42.689	22
42.724	22
42.759	22
42.789	22
42.814	22
42.859	22
42.889	22
42.924	22
42.962	25
42.989	22
43.024	22
43.059	22
43.089	22
43.124	22
43.159	22
43.184	22
43.224	22
43.262	25
43.292	25
43.319	22
43.359	22
43.389	22
43.424	22
43.459	22
43.489	22
43.524	22
43.549	22
43.589	22
43.615	20
43.659	22
43.689	22
43.724	22
43.759	22
43.789	22
43.824	22
43.859	22
43.892	25
43.924	22
43.95	20
43.989	22
44.014	22
44.059	22
44.089	22
44.124	22
44.159	22
44.189	22
44.225	23
44.259	22
44.289	22
44.324	22
44.359	22
44.389	22
44.424	22
44.459	22
44.489	22
44.524	22
44.559	22
44.589	22
44.624	22
44.65	20
44.689	22
44.724	22
44.759	22
44.789	22
44.824	22
44.859	22
44.892	22
44.927	25
44.959	22
44.989	22
45.024	22
45.059	22
45.089	22
45.124	22
45.159	22
45.189	22
45.224	22
45.259	22
45.289	22
45.324	22
45.353	20
45.389	22
45.424	22
45.459	22
45.489	22
45.524	22
45.559	22
45.589	22
45.624	22
45.659	22
45.689	22
45.724	22
45.759	22
45.789	22
45.824	22
45.849	22
45.89	23
45.924	22
45.959	22
45.989	22
46.02	20
46.06	23
46.089	22
46.115	23
46.16	23
46.19	23
46.224	22
46.259	22
46.289	22
46.324	22
46.359	22
46.389	22
46.424	22
46.45	20
46.484	22
46.524	22
46.553	20
46.589	22
46.624	22
46.659	22
46.689	22
46.724	22
46.759	22
46.789	22
46.824	22
46.859	22
46.889	22
46.924	22
46.961	24
46.989	22
47.024	22
47.059	22
47.089	22
47.124	22
47.159	22
47.185	20
47.224	22
47.259	22
47.289	22
47.324	22
47.359	22
47.389	22
47.424	22
47.459	22
47.489	22
47.524	22
47.559	22
47.589	22
47.624	22
47.659	22
47.689	22
47.724	22
47.759	22
47.789	22
47.824	22
47.859	22
47.889	22
47.924	22
47.959	22
47.989	22
48.024	22
48.059	22
48.089	22
48.124	22
48.159	22
48.189	22
48.224	22
48.25	20
48.289	22
48.324	22
48.359	22
48.389	22
48.424	22
48.459	22
48.489	22
48.524	22
48.559	22
48.589	22
48.62	20
48.659	22
48.689	22
48.724	22
48.759	22
48.789	22
48.824	22
48.859	22
48.889	22
48.924	22
48.959	22
48.989	22
49.024	22
49.059	22
49.089	22
49.124	22
49.159	22
49.189	22
49.224	22
49.259	22
49.289	22
49.324	22
49.359	22
49.389	22
49.424	22
49.459	22
49.489	22
49.524	22
49.549	22
49.589	22
49.624	22
49.659	22
49.689	22
49.724	22
49.759	22
49.785	20
49.824	22
49.859	22
49.889	22
49.924	22
49.959	22
49.989	22
50.019	22
50.059	22
50.089	22
50.124	22
50.159	22
50.189	22
50.224	22
50.259	22
50.289	22
50.324	22
50.359	22
50.385	20
50.424	22
50.459	22
50.489	22
50.524	22
50.559	22
50.589	22
50.624	22
50.659	22
50.689	22
50.714	22
50.745	20
50.771	24
50.798	26
50.824	22
50.859	22
50.889	22
50.924	22
50.959	22
50.985	20
51.024	22
51.059	22
51.089	22
51.124	22
51.159	22
51.189	22
51.219	20
51.259	22
51.289	22
51.324	22
51.359	22
51.389	22
51.424	22
51.45	20
51.479	22
51.524	22
51.559	22
51.589	22
51.624	22
51.659	22
51.689	22
51.724	22
51.759	22
51.789	22
51.824	22
51.859	22
51.884	22
51.91	20
51.935	23
51.962	25
51.989	22
52.024	22
52.059	22
52.089	22
52.124	22
52.159	22
52.189	22
52.224	22
52.259	22
52.289	22
52.324	22
52.359	22
52.385	20
52.424	22
52.459	22
52.489	22
52.524	22
52.559	22
52.589	22
52.624	22
52.659	22
52.689	22
52.724	22
52.759	22
52.789	22
52.824	22
52.855	20
52.889	22
52.924	22
52.959	22
52.989	22
53.024	22
53.059	22
53.085	20
53.124	22
53.159	22
53.189	22
53.224	22
53.259	22
53.289	22
53.315	20
53.359	22
53.389	22
53.424	22
53.459	22
53.489	22
53.524	22
53.562	25
53.589	22
53.624	22
53.659	22
53.689	22
53.724	22
53.759	22
53.789	22
53.824	22
53.859	22
53.889	22
53.924	22
53.959	22
53.989	22
54.024	22
54.059	22
54.089	22
54.124	22
54.159	22
54.189	22
54.224	22
54.253	20
54.289	22
54.324	22
54.359	22
54.389	22
54.424	22
54.459	22
54.489	22
54.524	22
54.559	22
54.589	22
54.624	22
54.659	22
54.689	22
54.724	22
54.759	22
54.789	22
54.824	22
54.859	22
54.889	22
54.924	22
54.955	20
54.989	22
55.024	22
55.059	22
55.089	22
55.124	22
55.159	22
55.185	20
55.224	22
55.259	22
55.289	22
55.324	22
55.359	22
55.389	22
55.415	20
55.459	22
55.489	22
55.524	22
55.559	22
55.589	22
55.624	22
55.659	22
55.689	22
55.724	22
55.759	22
55.789	22
55.824	22
55.859	22
55.889	22
55.924	22
55.959	22
55.989	22
56.024	22
56.059	22
56.089	22
56.114	22
56.159	22
56.189	22
56.224	22
56.259	22
56.289	22
56.324	22
56.359	22
56.389	22
56.419	20
56.459	22
56.489	22
56.524	22
56.559	22
56.589	22
56.624	22
56.659	22
56.689	22
56.724	22
56.75	20
56.792	25
56.824	22
56.859	22
56.889	22
56.924	22
56.959	22
56.989	22
57.024	22
57.059	22
57.089	22
57.124	22
57.159	22
57.189	22
57.224	22
57.259	22
57.289	22
57.324	22
57.359	22
57.389	22
57.424	22
57.459	22
57.489	22
57.524	22
57.559	22
57.589	22
57.624	22
57.659	22
57.689	22
57.724	22
57.755	20
57.789	22
57.824	22
57.859	22
57.889	22
57.924	22
57.959	22
57.985	20
58.024	22
58.059	22
58.089	22
58.124	22
58.159	22
58.184	22
58.224	22
58.259	22
58.289	22
58.324	22
58.359	22
58.389	22
58.419	22
58.459	22
58.489	22
58.524	22
58.559	22
58.589	22
58.614	22
58.659	22
58.689	22
58.724	22
58.759	22
58.789	22
58.819	20
58.859	22
58.889	22
58.924	22
58.959	22
58.989	22
59.024	22
59.059	22
59.089	22
59.124	22
59.159	22
59.189	22
59.224	22
59.259	22
59.289	22
59.324	22
59.359	22
59.389	22
59.419	20
59.459	22
59.489	22
59.524	22
59.559	22
59.589	22
59.614	22
59.655	20
59.689	22
59.724	22
59.759	22
59.789	22
59.825	23
59.86	23
59.885	20
59.924	22
59.959	22
59.989	22
60.024	22
60.059	22
60.089	22
60.124	22
60.159	22
60.189	22
60.225	23
60.259	22
60.289	22
60.315	20
60.359	22
60.393	26
60.419	22
60.459	22
60.489	22
60.524	22
60.559	22
60.589	22
60.624	22
60.659	22
60.689	22
60.724	22
60.759	22
60.789	22
60.824	22
60.859	22
60.889	22
60.924	22
60.959	22
60.989	22
61.024	22
61.059	22
61.089	22
61.124	22
61.159	22
61.189	22
61.224	22
61.259	22
61.289	22
61.324	22
61.359	22
61.389	22
61.424	22
61.459	22
61.49	23
61.525	23
61.559	22
61.589	22
61.625	23
61.659	22
61.689	22
61.725	23
61.76	23
61.789	22
61.824	22
61.859	22
61.889	22
61.924	22
61.959	22
61.989	22
62.025	23
62.059	22
62.089	22
62.124	22
62.159	22
62.189	22
62.224	22
62.259	22
62.289	22
62.324	22
62.359	22
62.389	22
62.424	22
62.459	22
62.489	22
62.524	22
62.559	22
62.589	22
62.624	22
62.659	22
62.689	22
62.724	22
62.759	22
62.789	22
62.824	22
62.859	22
62.889	22
62.924	22
62.959	22
62.989	22
63.024	22
63.059	22
63.089	22
63.124	22
63.159	22
63.189	22
63.224	22
63.259	22
63.289	22
63.324	22
63.359	22
63.389	22
63.427	25
63.459	22
63.489	22
63.525	23
63.559	22
63.589	22
63.625	23
63.66	23
63.689	22
63.724	22
63.76	23
63.789	22
63.824	22
63.859	22
63.889	22
63.924	22
63.959	22
63.989	22
64.024	22
64.059	22
64.089	22
64.124	22
64.15	20
64.189	22
64.224	22
64.255	20
64.289	22
64.324	22
64.359	22
64.389	22
64.424	22
64.459	22
64.489	22
64.524	22
64.559	22
64.589	22
64.624	22
64.659	22
64.689	22
64.724	22
64.759	22
64.789	22
64.824	22
64.859	22
64.889	22
64.915	20
64.959	22
64.989	22
65.024	22
65.059	22
65.089	22
65.124	22
65.159	22
65.189	22
65.224	22
65.259	22
65.289	22
65.324	22
65.359	22
65.389	22
65.424	22
65.459	22
65.489	22
65.524	22
65.559	22
65.589	22
65.624	22
65.659	22
65.689	22
65.724	22
65.759	22
65.789	22
65.824	22
65.85	20
65.889	22
65.924	22
65.959	22
65.989	22
66.024	22
66.059	22
66.089	22
66.124	22
66.159	22
66.189	22
66.224	22
66.259	22
66.289	22
66.324	22
66.359	22
66.389	22
66.424	22
66.45	20
66.489	22
66.524	22
66.559	22
66.589	22
66.624	22
66.659	22
66.692	25
66.724	22
66.759	22
66.789	22
66.824	22
66.859	22
66.889	22
66.924	22
66.959	22
66.989	22
67.024	22
67.059	22
67.089	22
67.124	22
67.159	22
67.189	22
67.224	22
67.253	20
67.289	22
67.324	22
67.359	22
67.389	22
67.424	22
67.459	22
67.489	22
67.524	22
67.559	22
67.589	22
67.624	22
67.659	22
67.689	22
67.724	22
67.759	22
67.792	25
67.824	22
67.859	22
67.889	22
67.924	22
67.959	22
67.989	22
68.024	22
68.059	22
68.085	20
68.124	22
68.159	22
68.189	22
68.224	22
68.259	22
68.289	22
68.324	22
68.359	22
68.389	22
68.424	22
68.459	22
68.489	22
68.524	22
68.559	22
68.589	22
68.624	22
68.659	22
68.685	20
68.724	22
68.759	22
68.789	22
68.824	22
68.859	22
68.889	22
68.915	20
68.959	22
68.989	22
69.024	22
69.059	22
69.089	22
69.124	22
69.159	22
69.189	22
69.224	22
69.255	20
69.289	22
69.324	22
69.359	22
69.389	22
69.424	22
69.459	22
69.489	22
69.524	22
69.559	22
69.585	20
69.624	22
69.659	22
69.689	22
69.724	22
69.759	22
69.789	22
69.815	20
69.859	22
69.889	22
69.924	22
69.959	22
69.989	22
70.024	22
70.05	20
70.089	22
70.124	22
70.159	22
70.189	22
70.224	22
70.259	22
70.289	22
70.324	22
70.359	22
70.389	22
70.424	22
70.459	22
70.489	22
70.524	22
70.559	22
70.589	22
70.624	22
70.65	20
70.689	22
70.724	22
70.759	22
70.789	22
70.824	22
70.859	22
70.889	22
70.925	23
70.96	23
70.989	22
71.024	22
71.06	23
71.09	23
71.119	20
71.159	22
71.189	22
71.224	22
71.259	22
71.289	22
71.324	22
71.359	22
71.389	22
71.424	22
71.45	20
71.489	22
71.524	22
71.559	22
71.589	22
71.624	22
71.659	22
71.689	22
71.724	22
71.759	22
71.789	22
71.824	22
71.859	22
71.889	22
71.924	22
71.959	22
71.989	22
72.024	22
72.059	22
72.089	22
72.124	22
72.159	22
72.189	22
72.219	20
72.259	22
72.289	22
72.324	22
72.359	22
72.389	22
72.414	22
72.445	20
72.489	22
72.524	22
72.559	22
72.592	25
72.624	22
72.659	22
72.689	22
72.724	22
72.759	22
72.789	22
72.824	22
72.859	22
72.889	22
72.924	22
72.959	22
72.989	22
73.019	20
73.059	22
73.089	22
73.124	22
73.159	22
73.189	22
73.224	22
73.25	20
73.289	22
73.324	22
73.359	22
73.389	22
73.424	22
73.459	22
73.489	22
73.524	22
73.559	22
73.589	22
73.624	22
73.659	22
73.689	22
73.719	20
73.759	22
73.789	22
73.824	22
73.859	22
73.889	22
73.924	22
73.959	22
73.989	22
74.024	22
74.059	22
74.089	22
74.124	22
74.159	22
74.189	22
74.224	22
74.259	22
74.289	22
74.324	22
74.359	22
74.389	22
74.425	23
74.46	23
74.489	22
74.524	22
74.56	23
74.59	23
74.624	22
74.65	20
74.69	23
74.724	22
74.759	22
74.789	22
74.824	22
74.859	22
74.889	22
74.924	22
74.959	22
74.989	22
75.024	22
75.059	22
75.086	20
75.124	22
75.159	22
75.189	22
75.224	22
75.259	22
75.289	22
75.324	22
75.359	22
75.389	22
75.424	22
75.459	22
75.489	22
75.524	22
75.559	22
75.589	22
75.624	22
75.659	22
75.689	22
75.724	22
75.759	22
75.789	22
75.824	22
75.859	22
75.889	22
75.924	22
75.959	22
75.989	22
76.024	22
76.049	22
76.089	22
76.124	22
76.159	22
76.189	22
76.224	22
76.259	22
76.285	20
76.324	22
76.359	22
76.389	22
76.424	22
76.459	22
76.489	22
76.524	22
76.555	20
76.589	22
76.624	22
76.65	20
76.689	22
76.724	22
76.759	22
76.789	22
76.824	22
76.859	22
76.889	22
76.924	22
76.959	22
76.989	22
77.024	22
77.059	22
77.089	22
77.124	22
77.159	22
77.189	22
77.219	20
77.259	22
77.289	22
77.315	20
77.359	22
77.389	22
77.424	22
77.459	22
77.489	22
77.524	22
77.559	22
77.589	22
77.624	22
77.659	22
77.689	22
77.724	22
77.759	22
77.789	22
77.824	22
77.859	22
77.885	20
77.924	22
77.959	22
77.989	22
78.024	22
78.059	22
78.089	22
78.124	22
78.159	22
78.189	22
78.224	22
78.259	22
78.289	22
78.324	22
78.359	22
78.389	22
78.424	22
78.449	22
78.489	22
78.524	22
78.559	22
78.589	22
78.624	22
78.662	25
78.689	22
78.724	22
78.759	22
78.789	22
78.824	22
78.859	22
78.889	22
78.924	22
78.959	22
78.989	22
79.024	22
79.059	22
79.089	22
79.12	20
79.159	22
79.189	22
79.224	22
79.259	22
79.289	22
79.324	22
79.35	20
79.389	22
79.425	23
79.46	23
79.489	22
79.515	23
79.559	22
79.589	22
79.624	22
79.659	22
79.689	22
79.724	22
79.759	22
79.789	22
79.825	23
79.86	23
79.89	23
79.924	22
79.964	22
79.989	22
80.024	22
80.05	20
80.089	22
80.124	22
80.159	22
80.189	22
80.224	22
80.259	22
80.289	22
80.324	22
80.359	22
80.389	22
80.424	22
80.459	22
80.489	22
80.524	22
80.559	22
80.589	22
80.624	22
80.65	20
80.689	22
80.724	22
80.759	22
80.789	22
80.824	22
80.859	22
80.885	20
80.924	22
80.959	22
80.992	25
81.024	22
81.059	22
81.089	22
81.124	22
81.159	22
81.189	22
81.224	22
81.259	22
81.289	22
81.324	22
81.359	22
81.389	22
81.427	25
81.459	22
81.485	20
81.524	22
81.559	22
81.589	22
81.624	22
81.659	22
81.689	22
81.724	22
81.759	22
81.789	22
81.824	22
81.859	22
81.889	22
81.924	22
81.959	22
81.989	22
82.024	22
82.059	22
82.085	20
82.124	22
82.159	22
82.189	22
82.224	22
82.259	22
82.289	22
82.324	22
82.359	22
82.389	22
82.43	23
82.459	22
82.489	22
82.524	22
82.559	22
82.589	22
82.624	22
82.659	22
82.689	22
82.724	22
82.759	22
82.789	22
82.824	22
82.859	22
82.889	22
82.924	22
82.959	22
82.989	22
83.019	20
83.059	22
83.089	22
83.124	22
83.159	22
83.189	22
83.224	22
83.25	20
83.289	22
83.327	25
83.359	22
83.389	22
83.424	22
83.459	22
83.489	22
83.525	23
83.559	22
83.589	22
83.624	22
83.659	22
83.685	23
83.724	22
83.759	22
83.792	25
83.824	22
83.859	22
83.889	22
83.924	22
83.959	22
83.99	23
84.025	23
84.059	22
84.089	22
84.125	23
84.16	23
84.189	22
84.215	23
84.24	20
84.265	28
84.292	25
84.327	25
84.359	22
84.389	22
84.419	22
84.445	20
84.47	28
84.495	28
84.524	22
84.559	22
84.589	22
84.624	22
84.649	22
84.689	22
84.724	22
84.759	22
84.789	22
84.828	26
84.859	22
84.889	22
84.924	22
84.949	22
84.99	23
85.024	22
85.05	23
85.09	23
85.119	22
85.159	22
85.189	22
85.228	26
85.263	26
85.289	22
85.32	20
85.359	22
85.389	22
85.414	22
85.459	22
85.492	25
85.524	22
85.559	22
85.589	22
85.624	22
85.659	22
85.689	22
85.724	22
85.759	22
85.789	22
85.824	22
85.859	22
85.889	22
85.924	22
85.959	22
85.989	22
86.014	22
86.059	22
86.089	22
86.115	20
86.159	22
86.189	22
86.219	20
86.26	23
86.289	22
86.325	23
86.36	23
86.389	22
86.424	22
86.459	22
86.489	22
86.524	22
86.559	22
86.589	22
86.624	22
86.662	25
86.689	22
86.724	22
86.762	25
86.789	22
86.824	22
86.859	22
86.889	22
86.924	22
86.959	22
86.984	22
87.024	22
87.059	22
87.089	22
87.124	22
87.159	22
87.192	25
87.224	22
87.26	23
87.289	22
87.324	22
87.36	23
87.39	23
87.415	23
87.459	22
87.489	22
87.524	22
87.559	22
87.589	22
87.62	20
87.659	22
87.689	22
87.724	22
87.759	22
87.789	22
87.815	20
87.859	22
87.889	22
87.915	20
87.959	22
87.989	22
88.015	20
88.059	22
88.089	22
88.114	22
88.159	22
88.189	22
88.215	20
88.259	22
88.289	22
88.315	20
88.359	22
88.389	22
88.415	20
88.459	22
88.489	22
88.515	20
88.559	22
88.589	22
88.615	20
88.659	22
88.689	22
88.715	20
88.759	22
88.789	22
88.815	20
88.859	22
88.89	23
88.915	20
88.959	22
88.992	25
89.019	20
89.059	22
89.089	22
89.124	22
89.159	22
89.189	22
89.224	22
89.259	22
89.289	22
89.324	22
89.359	22
89.389	22
89.419	22
89.459	22
89.49	23
89.524	22
89.55	23
89.589	22
89.624	22
89.659	22
89.689	22
89.724	22
89.759	22
89.789	22
89.824	22
89.859	22
89.889	22
89.919	20
89.964	27
89.989	22
90.024	22
90.059	22
90.089	22
90.124	22
90.159	22
90.189	22
90.224	22
90.259	22
90.285	20
90.324	22
90.359	22
90.389	22
90.427	25
90.459	22
90.489	22
90.524	22
90.559	22
90.589	22
90.624	22
90.659	22
90.684	22
90.719	22
90.744	22
90.77	28
90.797	25
90.824	22
90.852	20
90.889	22
90.924	22
90.949	22
90.989	22
91.024	22
91.059	22
91.089	22
91.124	22
91.149	22
91.184	22
91.224	22
91.259	22
91.284	22
91.32	20
91.359	22
91.389	22
91.424	22
91.459	22
91.489	22
91.519	22
91.562	25
91.589	22
91.624	22
91.654	22
91.68	20
91.706	29
91.733	26
91.759	22
91.789	22
91.819	22
91.852	20
91.889	22
91.924	22
91.959	22
91.989	22
92.024	22
92.059	22
92.089	22
92.124	22
92.159	22
92.184	22
92.224	22
92.259	22
92.289	22
92.314	22
92.34	33
92.365	28
92.392	25
92.425	23
92.46	23
92.489	22
92.524	22
92.559	22
92.586	20
92.619	22
92.659	22
92.689	22
92.724	22
92.759	22
92.789	22
92.82	20
92.859	22
92.889	22
92.924	22
92.959	22
92.989	22
93.019	22
93.045	20
93.071	29
93.098	26
93.124	22
93.159	22
93.189	22
93.224	22
93.259	22
93.284	22
93.324	22
93.35	20
93.376	29
93.403	31
93.43	28
93.46	23
93.489	22
93.525	23
93.56	23
93.589	22
93.625	23
93.66	23
93.692	25
93.724	22
93.75	20
93.789	22
93.824	22
93.859	22
93.889	22
93.927	25
93.959	22
93.989	22
94.014	22
94.062	25
94.089	22
94.124	22
94.159	22
94.189	22
94.224	22
94.249	22
94.289	22
94.324	22
94.359	22
94.389	22
94.419	20
94.459	22
94.489	22
94.519	22
94.559	22
94.589	22
94.624	22
94.659	22
94.689	22
94.719	22
94.759	22
94.792	25
94.824	22
94.859	22
94.889	22
94.924	22
94.959	22
94.989	22
95.024	22
95.05	20
95.09	23
95.119	22
95.159	22
95.189	22
95.228	26
95.259	22
95.289	22
95.324	22
95.359	22
95.389	22
95.424	22
95.459	22
95.489	22
95.524	22
95.559	22
95.589	22
95.624	22
95.649	22
95.684	22
95.714	22
95.739	27
95.765	28
95.792	25
95.819	20
95.859	22
95.889	22
95.914	22
95.939	27
95.965	28
95.992	25
96.024	22
96.059	22
96.089	22
96.124	22
96.159	22
96.189	22
96.227	25
96.259	22
96.289	22
96.324	22
96.349	22
96.374	27
96.401	29
96.427	25
96.459	22
96.489	22
96.524	22
96.56	23
96.59	23
96.624	22
96.66	23
96.693	26
96.724	22
96.76	23
96.789	22
96.824	22
96.859	22
96.889	22
96.924	22
96.959	22
96.989	22
97.015	20
97.042	30
97.068	26
97.095	28
97.124	22
97.159	22
97.185	20
97.224	22
97.262	25
97.289	22
97.324	22
97.359	22
97.389	22
97.424	22
97.459	22
97.489	22
97.524	22
97.559	22
97.589	22
97.624	22
97.659	22
97.689	22
97.728	26
97.759	22
97.789	22
97.815	20
97.842	30
97.868	26
97.895	28
97.927	25
97.959	22
97.984	22
98.024	22
98.059	22
98.089	22
98.115	20
98.159	22
98.189	22
98.224	22
98.259	22
98.289	22
98.324	22
98.359	22
98.389	22
98.415	20
98.441	29
98.468	26
98.495	28
98.524	22
98.559	22
98.589	22
98.624	22
98.659	22
98.689	22
98.715	20
98.741	29
98.768	26
98.795	28
98.824	22
98.849	22
98.876	26
98.903	31
98.93	28
98.959	22
98.989	22
99.024	22
99.059	22
99.089	22
99.124	22
99.159	22
99.189	22
99.224	22
99.259	22
99.289	22
99.324	22
99.35	20
99.377	30
99.404	32
99.43	28
99.459	22
99.489	22
99.524	22
99.559	22
99.589	22
99.624	22
99.659	22
99.689	22
99.719	22
99.75	20
99.775	28
99.802	30
99.827	25
99.859	22
99.889	22
99.914	22
99.941	29
99.968	26
99.995	28
100.024	22
100.059	22
100.089	22
100.124	22
100.15	20
100.175	28
100.2	28
100.227	25
100.259	22
100.289	22
100.324	22
100.349	22
100.376	29
100.401	29
100.427	25
100.459	22
100.489	22
100.524	22
100.55	20
100.577	30
100.602	30
100.628	26
100.662	25
100.689	22
100.724	22
100.759	22
100.789	22
100.819	22
100.859	22
100.884	22
100.924	22
100.959	22
100.989	22
101.02	20
101.045	33
101.071	29
101.098	26
101.124	22
101.159	22
101.189	22
101.224	22
101.259	22
101.29	23
101.319	20
101.359	22
101.384	22
101.424	22
101.459	22
101.484	22
101.524	22
101.559	22
101.589	22
101.619	20
101.644	32
101.67	28
101.695	28
101.725	23
101.76	23
101.789	22
101.825	23
101.859	22
101.889	22
101.919	20
101.959	22
101.989	22
102.024	22
102.059	22
102.089	22
102.124	22
102.15	20
102.176	29
102.203	31
102.23	28
102.259	22
102.289	22
102.324	22
102.359	22
102.389	22
102.424	22
102.459	22
102.489	22
102.519	22
102.55	20
102.577	30
102.604	32
102.631	29
102.66	23
102.69	23
102.725	23
102.759	22
102.792	25
102.824	22
102.859	22
102.885	23
102.91	28
102.936	29
102.962	25
102.989	22
103.019	20
103.06	23
103.089	22
103.125	23
103.16	23
103.189	22
103.227	25
103.259	22
103.289	22
103.319	20
103.359	22
103.384	22
103.424	22
103.462	25
103.489	22
103.524	22
103.554	22
103.589	22
103.624	22
103.659	22
103.689	22
103.724	22
103.759	22
103.784	22
103.81	33
103.836	29
103.862	25
103.889	22
103.924	22
103.96	23
103.989	22
104.025	23
104.06	23
104.089	22
104.119	20
104.149	22
104.176	34
104.203	31
104.23	28
104.259	22
104.29	23
104.324	22
104.359	22
104.389	22
104.419	20
104.454	22
104.484	22
104.524	22
104.559	22
104.589	22
104.624	22
104.649	22
104.676	29
104.702	30
104.727	25
104.759	22
104.789	22
104.824	22
104.859	22
104.889	22
104.924	22
104.959	22
104.989	22
105.019	20
105.059	22
105.089	22
105.119	22
105.149	22
105.174	27
105.2	28
105.225	23
105.26	23
105.289	22
105.325	23
105.36	23
105.39	23
105.424	22
105.459	22
105.485	20
105.525	23
105.559	22
105.589	22
105.624	22
105.659	22
105.689	22
105.724	22
105.759	22
105.789	22
105.815	20
105.859	22
105.889	22
105.924	22
105.96	23
105.985	20
106.024	22
106.059	22
106.089	22
106.124	22
106.155	20
106.19	23
106.225	23
106.259	22
106.289	22
106.327	25
106.359	22
106.389	22
106.424	22
106.459	22
106.489	22
106.515	20
106.56	23
106.59	23
106.615	23
106.659	22
106.69	23
106.719	22
106.759	22
106.789	22
106.824	22
106.859	22
106.889	22
106.924	22
106.96	23
106.985	20
107.024	22
107.059	22
107.089	22
107.124	22
107.159	22
107.189	22
107.224	22
107.259	22
107.289	22
107.324	22
107.359	22
107.389	22
107.424	22
107.459	22
107.489	22
107.524	22
107.56	23
107.59	23
107.624	22
107.659	22
107.69	23
107.724	22
107.759	22
107.789	22
107.824	22
107.859	22
107.889	22
107.924	22
107.959	22
107.989	22
108.024	22
108.059	22
108.089	22
108.127	25
108.159	22
108.189	22
108.224	22
108.259	22
108.289	22
108.324	22
108.36	23
108.389	22
108.424	22
108.459	22
108.49	23
108.524	22
108.555	20
108.584	22
108.624	22
108.65	20
108.689	22
108.724	22
108.759	22
108.789	22
108.824	22
108.859	22
108.889	22
108.924	22
108.959	22
108.989	22
109.024	22
109.06	23
109.09	23
109.124	22
109.159	22
109.19	23
109.224	22
109.259	22
109.289	22
109.324	22
109.349	22
109.389	22
109.424	22
109.459	22
109.489	22
109.514	22
109.559	22
109.589	22
109.624	22
109.662	25
109.689	22
109.724	22
109.759	22
109.789	22
109.825	23
109.859	22
109.893	26
109.924	22
109.959	22
109.99	23
110.025	23
110.059	22
110.089	22
110.124	22
110.162	25
110.189	22
110.227	25
110.259	22
110.289	22
110.324	22
110.362	25
110.389	22
110.424	22
110.459	22
110.489	22
110.524	22
110.549	22
110.589	22
110.624	22
110.659	22
110.689	22
110.724	22
110.759	22
110.79	23
110.825	23
110.86	23
110.889	22
110.924	22
110.959	22
110.989	22
111.024	22
111.059	22
111.089	22
111.124	22
111.149	22
111.189	22
111.224	22
111.259	22
111.289	22
111.324	22
111.359	22
111.39	23
111.425	23
111.459	22
111.489	22
111.514	22
111.539	22
111.568	26
111.595	23
111.624	22
111.649	22
111.689	22
111.724	22
111.759	22
111.789	22
111.824	22
111.859	22
111.889	22
111.924	22
111.95	20
111.984	22
112.024	22
112.059	22
112.089	22
112.124	22
112.159	22
112.189	22
112.224	22
112.261	24
112.289	22
112.324	22
112.359	22
112.389	22
112.424	22
112.459	22
112.489	22
112.524	22
112.559	22
112.589	22
112.615	20
112.659	22
112.689	22
112.724	22
112.759	22
112.789	22
112.824	22
112.85	20
112.889	22
112.924	22
112.959	22
112.989	22
113.024	22
113.059	22
113.089	22
113.124	22
113.159	22
113.189	22
113.224	22
113.259	22
113.289	22
113.324	22
113.359	22
113.389	22
113.424	22
113.45	20
113.489	22
113.524	22
113.559	22
113.589	22
113.624	22
113.659	22
113.689	22
113.724	22
113.759	22
113.789	22
113.824	22
113.859	22
113.889	22
113.92	20
113.959	22
113.989	22
114.024	22
114.059	22
114.089	22
114.124	22
114.15	20
114.189	22
114.224	22
114.259	22
114.289	22
114.325	23
114.359	22
114.389	22
114.425	23
114.46	23
114.49	23
114.525	23
114.559	22
114.589	22
114.627	25
114.662	25
114.689	22
114.727	25
114.759	22
114.789	22
114.824	22
114.85	20
114.889	22
114.924	22
114.959	22
114.984	22
115.024	22
115.059	22
115.085	20
115.124	22
115.159	22
115.189	22
115.224	22
115.259	22
115.289	22
115.315	20
115.359	22
115.39	23
115.425	23
115.459	22
115.489	22
115.524	22
115.559	22
115.589	22
115.624	22
115.659	22
115.689	22
115.724	22
115.759	22
115.789	22
115.824	22
115.859	22
115.892	25
115.924	22
115.959	22
115.989	22
116.014	22
116.059	22
116.089	22
116.124	22
116.159	22
116.189	22
116.225	23
116.26	23
116.289	22
116.324	22
116.35	20
116.392	25
116.424	22
116.459	22
116.489	22
116.524	22
116.559	22
116.589	22
116.624	22
116.659	22
116.689	22
116.714	22
116.759	22
116.789	22
116.824	22
116.859	22
116.889	22
116.924	22
116.96	23
116.985	20
117.024	22
117.059	22
117.089	22
117.124	22
117.159	22
117.189	22
117.224	22
117.259	22
117.289	22
117.324	22
117.349	22
117.375	23
117.402	25
117.427	25
117.459	22
117.489	22
117.524	22
117.559	22
117.589	22
117.615	20
117.659	22
117.689	22
117.719	20
117.76	23
117.789	22
117.824	22
117.859	22
117.889	22
117.914	22
117.944	22
117.97	28
117.997	25
118.024	22
118.059	22
118.09	23
118.125	23
118.159	22
118.189	22
118.224	22
118.249	22
118.289	22
118.324	22
118.359	22
118.389	22
118.42	20
118.459	22
118.489	22
118.515	20
118.559	22
118.589	22
118.624	22
118.659	22
118.689	22
118.724	22
118.762	25
118.789	22
118.824	22
118.859	22
118.889	22
118.925	23
118.96	23
118.989	22
119.024	22
119.059	22
119.085	20
119.124	22
119.159	22
119.185	20
119.224	22
119.259	22
119.284	22
119.324	22
119.359	22
119.385	20
119.424	22
119.459	22
119.485	20
119.524	22
119.559	22
119.589	22
119.619	22
119.659	22
119.685	20
119.724	22
119.759	22
119.789	22
119.824	22
119.859	22
119.889	22
119.924	22
119.959	22
119.989	22
120.024	22
120.059	22
120.089	22
120.124	22
120.159	22
120.189	22
120.214	22
120.252	20
120.289	22
120.324	22
120.359	22
120.389	22
120.424	22
120.449	22
120.474	27
120.501	29
120.528	26
120.56	23
120.589	22
120.624	22
120.659	22
120.689	22
120.715	20
120.741	29
120.768	26
120.795	28
120.824	22
120.859	22
120.889	22
120.924	22
120.959	22
120.985	20
121.024	22
121.054	22
121.089	22
121.124	22
121.159	22
121.189	22
121.214	22
121.241	29
121.268	26
121.295	28
121.324	22
121.36	23
121.389	22
121.415	20
121.44	28
121.465	28
121.492	25
121.524	22
121.559	22
121.59	23
121.624	22
121.655	20
121.69	23
121.724	22
121.759	22
121.793	26
121.824	22
121.859	22
121.889	22
121.925	23
121.96	23
121.989	22
122.025	23
122.055	20
122.089	22
122.124	22
122.159	22
122.189	22
122.224	22
122.259	22
122.289	22
122.324	22
122.349	22
122.393	26
122.425	23
122.459	22
122.489	22
122.525	23
122.559	22
122.592	25
122.625	23
122.655	20
122.689	22
122.725	23
122.76	23
122.789	22
122.824	22
122.859	22
122.889	22
122.924	22
122.959	22
122.989	22
123.024	22
123.059	22
123.089	22
123.119	20
123.159	22
123.189	22
123.215	20
123.259	22
123.289	22
123.315	20
123.359	22
123.389	22
123.415	20
123.459	22
123.489	22
123.515	20
123.559	22
123.589	22
123.619	20
123.659	22
123.689	22
123.724	22
123.759	22
123.789	22
123.824	22
123.859	22
123.889	22
123.924	22
123.959	22
123.989	22
124.019	22
124.06	23
124.089	22
124.124	22
124.159	22
124.189	22
124.214	22
124.244	22
124.269	27
124.296	24
124.324	22
124.35	23
124.389	22
124.424	22
124.459	22
124.489	22
124.524	22
124.559	22
124.589	22
124.624	22
124.659	22
124.689	22
124.714	22
124.759	22
124.789	22
124.824	22
124.859	22
124.889	22
124.924	22
124.959	22
124.985	20
125.024	22
125.059	22
125.089	22
125.124	22
125.159	22
125.19	23
125.225	23
125.259	22
125.289	22
125.324	22
125.359	22
125.389	22
125.424	22
125.459	22
125.489	22
125.524	22
125.559	22
125.589	22
125.615	20
125.659	22
125.689	22
125.719	20
125.759	22
125.789	22
125.824	22
125.859	22
125.889	22
125.919	22
125.959	22
125.989	22
126.024	22
126.059	22
126.089	22
126.124	22
126.159	22
126.189	22
126.22	20
126.259	22
126.289	22
126.315	20
126.36	23
126.39	23
126.424	22
126.459	22
126.49	23
126.524	22
126.559	22
126.59	23
126.625	23
126.659	22
126.689	22
126.724	22
126.759	22
126.789	22
126.824	22
126.859	22
126.889	22
126.924	22
126.959	22
126.989	22
127.024	22
127.059	22
127.089	22
127.124	22
127.159	22
127.189	22
127.224	22
127.259	22
127.289	22
127.324	22
127.359	22
127.389	22
127.424	22
127.459	22
127.485	20
127.525	23
127.56	23
127.59	23
127.624	22
127.66	23
127.69	23
127.724	22
127.759	22
127.79	23
127.825	23
127.859	22
127.889	22
127.924	22
127.959	22
127.989	22
128.024	22
128.059	22
128.089	22
128.124	22
128.159	22
128.189	22
128.224	22
128.259	22
128.289	22
128.324	22
128.359	22
128.389	22
128.419	22
128.459	22
128.489	22
128.524	22
128.559	22
128.589	22
128.627	25
128.659	22
128.689	22
128.724	22
128.759	22
128.789	22
128.82	20
128.859	22
128.892	25
128.924	22
128.959	22
128.989	22
129.024	22
129.05	20
129.089	22
129.124	22
129.159	22
129.189	22
129.224	22
129.259	22
129.289	22
129.314	22
129.359	22
129.389	22
129.424	22
129.459	22
129.489	22
129.524	22
129.562	25
129.589	22
129.624	22
129.659	22
129.689	22
129.724	22
129.75	20
129.789	22
129.824	22
129.859	22
129.889	22
129.924	22
129.959	22
129.989	22
130.024	22
130.059	22
130.089	22
130.124	22
130.159	22
130.189	22
130.224	22
130.259	22
130.289	22
130.324	22
130.35	20
130.389	22
130.424	22
130.459	22
130.489	22
130.524	22
130.559	22
130.589	22
130.624	22
130.659	22
130.689	22
130.724	22
130.759	22
130.789	22
130.824	22
130.859	22
130.889	22
130.924	22
130.95	20
130.989	22
131.024	22
131.059	22
131.089	22
131.124	22
131.159	22
131.192	25
131.224	22
131.259	22
131.289	22
131.324	22
131.359	22
131.389	22
131.424	22
131.459	22
131.489	22
131.524	22
131.55	20
131.589	22
131.624	22
131.659	22
131.689	22
131.724	22
131.759	22
131.785	20
131.824	22
131.859	22
131.889	22
131.924	22
131.959	22
131.989	22
132.015	20
132.062	25
132.089	22
132.124	22
132.159	22
132.189	22
132.214	22
132.245	20
132.271	24
132.298	26
132.324	22
132.355	20
132.39	23
132.425	23
132.459	22
132.489	22
132.525	23
132.56	23
132.589	22
132.625	23
132.66	23
132.685	20
132.724	22
132.76	23
132.79	23
132.824	22
132.859	22
132.889	22
132.925	23
132.96	23
132.989	22
133.025	23
133.06	23
133.089	22
133.124	22
133.159	22
133.189	22
133.215	20
133.259	22
133.289	22
133.319	20
133.359	22
133.389	22
133.424	22
133.459	22
133.489	22
133.524	22
133.559	22
133.589	22
133.624	22
133.659	22
133.689	22
133.724	22
133.759	22
133.789	22
133.824	22
133.859	22
133.889	22
133.924	22
133.95	20
133.989	22
134.019	22
134.052	20
134.089	22
134.124	22
134.152	20
134.184	22
134.224	22
134.25	20
134.289	22
134.324	22
134.35	20
134.389	22
134.424	22
134.45	20
134.489	22
134.524	22
134.55	20
134.589	22
134.619	22
134.65	20
134.689	22
134.725	23
134.75	20
134.789	22
134.825	23
134.85	20
134.889	22
134.924	22
134.95	20
134.989	22
135.024	22
135.05	20
135.089	22
135.124	22
135.15	20
135.189	22
135.224	22
135.25	20
135.289	22
135.324	22
135.35	20
135.389	22
135.424	22
135.459	22
135.489	22
135.524	22
135.559	22
135.589	22
135.624	22
135.659	22
135.689	22
135.724	22
135.759	22
135.789	22
135.824	22
135.859	22
135.889	22
135.915	20
135.959	22
135.989	22
136.024	22
136.06	23
136.09	23
136.124	22
136.159	22
136.185	20
136.224	22
136.259	22
136.289	22
136.324	22
136.359	22
136.389	22
136.424	22
136.455	20
136.489	22
136.524	22
136.559	22
136.589	22
136.624	22
136.659	22
136.689	22
136.724	22
136.759	22
136.789	22
136.814	22
136.859	22
136.889	22
136.925	23
136.959	22
136.989	22
137.025	23
137.06	23
137.089	22
137.124	22
137.16	23
137.189	22
137.225	23
137.259	22
137.285	20
137.324	22
137.359	22
137.385	20
137.414	22
137.459	22
137.485	20
137.524	22
137.559	22
137.585	20
137.624	22
137.659	22
137.685	20
137.724	22
137.759	22
137.785	20
137.824	22
137.859	22
137.885	20
137.924	22
137.959	22
137.989	22
138.024	22
138.059	22
138.089	22
138.124	22
138.159	22
138.189	22
138.224	22
138.259	22
138.289	22
138.324	22
138.359	22
138.384	22
138.41	20
138.437	25
138.462	25
138.489	22
138.525	23
138.559	22
138.589	22
138.624	22
138.659	22
138.689	22
138.724	22
138.759	22
138.789	22
138.824	22
138.859	22
138.89	23
138.925	23
138.959	22
138.989	22
139.025	23
139.059	22
139.089	22
139.125	23
139.16	23
139.189	22
139.224	22
139.26	23
139.29	23
139.315	23
139.359	22
139.389	22
139.424	22
139.459	22
139.489	22
139.524	22
139.559	22
139.589	22
139.624	22
139.659	22
139.689	22
139.724	22
139.759	22
139.789	22
139.824	22
139.859	22
139.889	22
139.924	22
139.959	22
139.989	22
140.024	22
140.059	22
140.089	22
140.124	22
140.159	22
140.189	22
140.225	23
140.259	22
140.289	22
140.324	22
140.359	22
140.39	23
140.424	22
140.459	22
140.49	23
140.525	23
140.559	22
140.589	22
140.625	23
140.66	23
140.689	22
140.724	22
140.76	23
140.79	23
140.824	22
140.859	22
140.889	22
140.915	20
140.959	22
140.989	22
141.019	20
141.059	22
141.089	22
141.124	22
141.159	22
141.189	22
141.224	22
141.259	22
141.289	22
141.324	22
141.359	22
141.389	22
141.424	22
141.45	20
141.489	22
141.524	22
141.559	22
141.589	22
141.614	22
141.659	22
141.689	22
141.724	22
141.759	22
141.789	22
141.824	22
141.859	22
141.889	22
141.924	22
141.959	22
141.989	22
142.019	20
142.059	22
142.089	22
142.124	22
142.159	22
142.189	22
142.224	22
142.25	20
142.289	22
142.324	22
142.359	22
142.389	22
142.424	22
142.46	23
142.49	23
142.524	22
142.56	23
142.59	23
142.624	22
142.659	22
142.69	23
142.725	23
142.759	22
142.785	20
142.825	23
142.86	23
142.889	22
142.915	23
142.959	22
142.989	22
143.024	22
143.06	23
143.09	23
143.124	22
143.159	22
143.193	26
143.224	22
143.259	22
143.289	22
143.324	22
143.36	23
143.389	22
143.424	22
143.46	23
143.49	23
143.524	22
143.559	22
143.59	23
143.624	22
143.659	22
143.69	23
143.725	23
143.759	22
143.789	22
143.819	22
143.859	22
143.889	22
143.919	22
143.959	22
143.989	22
144.024	22
144.059	22
144.089	22
144.124	22
144.159	22
144.189	22
144.224	22
144.259	22
144.289	22
144.314	22
144.359	22
144.392	25
144.424	22
144.459	22
144.489	22
144.524	22
144.559	22
144.589	22
144.624	22
144.659	22
144.689	22
144.724	22
144.759	22
144.789	22
144.824	22
144.859	22
144.889	22
144.924	22
144.962	25
144.989	22
145.024	22
145.059	22
145.084	22
145.124	22
145.159	22
145.185	20
145.224	22
145.249	22
145.274	27
145.301	29
145.327	25
145.359	22
145.389	22
145.424	22
145.46	23
145.489	22
145.524	22
145.559	22
145.589	22
145.624	22
145.65	20
145.676	29
145.702	30
145.728	26
145.76	23
145.789	22
145.825	23
145.86	23
145.89	23
145.919	20
145.959	22
145.989	22
146.024	22
146.059	22
146.089	22
146.124	22
146.159	22
146.189	22
146.224	22
146.259	22
146.289	22
146.324	22
146.349	22
146.375	28
146.4	28
146.427	25
146.459	22
146.489	22
146.524	22
146.559	22
146.589	22
146.624	22
146.659	22
146.689	22
146.724	22
146.759	22
146.789	22
146.824	22
146.859	22
146.889	22
146.924	22
146.95	20
146.979	22
147.004	27
147.03	28
147.059	22
147.089	22
147.12	20
147.159	22
147.189	22
147.224	22
147.259	22
147.289	22
147.324	22
147.359	22
147.385	20
147.425	23
147.46	23
147.489	22
147.525	23
147.56	23
147.59	23
147.624	22
147.66	23
147.69	23
147.724	22
147.755	20
147.79	23
147.824	22
147.85	20
147.889	22
147.924	22
147.95	20
147.989	22
148.024	22
148.05	20
148.09	23
148.124	22
148.15	20
148.19	23
148.224	22
148.252	20
148.289	22
148.324	22
148.355	20
148.389	22
148.424	22
148.459	22
148.489	22
148.524	22
148.559	22
148.59	23
148.624	22
148.659	22
148.689	22
148.724	22
148.759	22
148.789	22
148.824	22
148.86	23
148.89	23
148.924	22
148.96	23
148.99	23
149.015	23
149.059	22
149.089	22
149.124	22
149.159	22
149.184	22
149.209	22
149.234	27
149.259	22
149.289	22
149.324	22
149.359	22
149.392	25
149.424	22
149.459	22
149.489	22
149.525	23
149.559	22
149.589	22
149.624	22
149.659	22
149.692	25
149.724	22
149.759	22
149.789	22
149.824	22
149.859	22
149.889	22
149.924	22
149.959	22
149.989	22
150.024	22
150.059	22
150.089	22
150.124	22
150.149	22
150.185	20
150.224	22
150.259	22
150.289	22
150.324	22
150.359	22
150.389	22
150.424	22
150.459	22
150.489	22
150.524	22
150.559	22
150.589	22
150.625	23
150.66	23
150.692	25
150.724	22
150.759	22
150.789	22
150.814	22
150.859	22
150.884	22
150.918	20
150.959	22
150.989	22
151.02	20
151.059	22
151.089	22
151.124	22
151.159	22
151.189	22
151.224	22
151.259	22
151.289	22
151.324	22
151.359	22
151.392	25
151.424	22
151.459	22
151.489	22
151.524	22
151.559	22
151.589	22
151.624	22
151.659	22
151.689	22
151.724	22
151.759	22
151.789	22
151.824	22
151.859	22
151.889	22
151.924	22
151.959	22
151.989	22
152.024	22
152.063	26
152.09	23
152.124	22
152.159	22
152.19	23
152.225	23
152.259	22
152.289	22
152.325	23
152.35	20
152.389	22
152.424	22
152.45	20
152.484	22
152.524	22
152.552	20
152.589	22
152.624	22
152.655	20
152.689	22
152.714	22
152.755	20
152.789	22
152.814	22
152.855	20
152.889	22
152.924	22
152.959	22
152.989	22
153.024	22
153.052	20
153.089	22
153.124	22
153.15	20
153.189	22
153.224	22
153.25	20
153.29	23
153.324	22
153.35	20
153.389	22
153.424	22
153.45	20
153.489	22
153.524	22
153.55	20
153.589	22
153.624	22
153.65	20
153.689	22
153.724	22
153.75	20
153.79	23
153.824	22
153.85	20
153.889	22
153.925	23
153.95	20
153.989	22
154.024	22
154.05	20
154.09	23
154.124	22
154.15	20
154.193	26
154.225	23
154.25	20
154.285	23
154.324	22
154.35	20
154.39	23
154.424	22
154.45	20
154.489	22
154.524	22
154.55	20
154.589	22
154.624	22
154.652	20
154.689	22
154.724	22
154.755	20
154.789	22
154.824	22
154.859	22
154.889	22
154.925	23
154.96	23
154.989	22
155.024	22
155.059	22
155.089	22
155.124	22
155.159	22
155.189	22
155.224	22
155.262	25
155.289	22
155.324	22
155.359	22
155.389	22
155.424	22
155.459	22
155.489	22
155.52	20
155.559	22
155.589	22
155.624	22
155.659	22
155.689	22
155.724	22
155.75	20
155.789	22
155.824	22
155.859	22
155.892	25
155.924	22
155.959	22
155.989	22
156.024	22
156.059	22
156.089	22
156.124	22
156.159	22
156.189	22
156.224	22
156.259	22
156.289	22
156.324	22
156.359	22
156.389	22
156.424	22
156.459	22
156.489	22
156.527	25
156.555	20
156.589	22
156.624	22
156.659	22
156.689	22
156.727	25
156.759	22
156.785	20
156.824	22
156.859	22
156.889	22
156.924	22
156.959	22
156.989	22
157.015	20
157.059	22
157.089	22
157.127	25
157.159	22
157.189	22
157.224	22
157.259	22
157.292	25
157.324	22
157.359	22
157.389	22
157.424	22
157.459	22
157.489	22
157.524	22
157.559	22
157.589	22
157.624	22
157.659	22
157.689	22
157.724	22
157.759	22
157.789	22
157.824	22
157.85	20
157.889	22
157.924	22
157.959	22
157.989	22
158.014	22
158.062	25
158.089	22
158.124	22
158.159	22
158.189	22
158.219	22
158.262	25
158.289	22
158.324	22
158.359	22
158.389	22
158.424	22
158.459	22
158.489	22
158.524	22
158.559	22
158.589	22
158.624	22
158.659	22
158.689	22
158.724	22
158.759	22
158.785	20
158.824	22
158.859	22
158.889	22
158.924	22
158.959	22
158.989	22
159.024	22
159.059	22
159.089	22
159.115	20
159.159	22
159.189	22
159.224	22
159.259	22
159.289	22
159.324	22
159.359	22
159.389	22
159.424	22
159.462	25
159.489	22
159.524	22
159.559	22
159.589	22
159.624	22
159.659	22
159.689	22
159.724	22
159.759	22
159.789	22
159.824	22
159.859	22
159.889	22
159.924	22
159.959	22
159.989	22
160.024	22
160.059	22
160.089	22
160.124	22
160.159	22
160.189	22
160.224	22
160.259	22
160.285	20
160.324	22
160.359	22
160.389	22
160.424	22
160.459	22
160.489	22
160.514	22
160.559	22
160.589	22
160.624	22
160.659	22
160.689	22
160.724	22
160.759	22
160.789	22
160.824	22
160.859	22
160.885	20
160.924	22
160.959	22
160.989	22
161.024	22
161.059	22
161.089	22
161.124	22
161.159	22
161.189	22
161.214	22
161.245	20
161.289	22
161.324	22
161.362	25
161.389	22
161.419	22
161.459	22
161.485	20
161.524	22
161.559	22
161.589	22
161.624	22
161.659	22
161.689	22
161.724	22
161.759	22
161.789	22
161.824	22
161.859	22
161.889	22
161.924	22
161.959	22
161.989	22
162.024	22
162.059	22
162.085	20
162.124	22
162.149	22
162.189	22
162.224	22
162.259	22
162.289	22
162.32	20
162.359	22
162.389	22
162.424	22
162.459	22
162.489	22
162.524	22
162.559	22
162.589	22
162.624	22
162.659	22
162.689	22
162.724	22
162.759	22
162.784	22
162.827	25
162.859	22
162.889	22
162.924	22
162.959	22
162.989	22
163.024	22
163.059	22
163.089	22
163.125	23
163.152	20
163.19	23
163.224	22
163.259	22
163.289	22
163.324	22
163.359	22
163.389	22
163.424	22
163.462	25
163.489	22
163.524	22
163.56	23
163.589	22
163.624	22
163.659	22
163.689	22
163.724	22
163.75	20
163.789	22
163.824	22
163.859	22
163.889	22
163.924	22
163.959	22
163.989	22
164.024	22
164.059	22
164.089	22
164.124	22
164.159	22
164.189	22
164.224	22
164.259	22
164.289	22
164.324	22
164.35	20
164.389	22
164.424	22
164.459	22
164.489	22
164.524	22
164.559	22
164.589	22
164.624	22
164.659	22
164.689	22
164.724	22
164.759	22
164.789	22
164.824	22
164.859	22
164.889	22
164.924	22
164.959	22
164.989	22
165.024	22
165.055	20
165.089	22
165.114	22
165.144	22
165.17	23
165.195	23
165.224	22
165.259	22
165.285	20
165.324	22
165.359	22
165.389	22
165.427	25
165.459	22
165.489	22
165.524	22
165.559	22
165.589	22
165.615	20
165.659	22
165.689	22
165.724	22
165.759	22
165.789	22
165.824	22
165.859	22
165.889	22
165.924	22
165.959	22
165.989	22
166.024	22
166.055	20
166.089	22
166.124	22
166.159	22
166.189	22
166.224	22
166.259	22
166.289	22
166.324	22
166.359	22
166.385	20
166.424	22
166.459	22
166.489	22
166.524	22
166.559	22
166.589	22
166.614	22
166.659	22
166.684	22
166.724	22
166.759	22
166.789	22
166.824	22
166.859	22
166.889	22
166.924	22
166.959	22
166.989	22
167.024	22
167.059	22
167.089	22
167.124	22
167.159	22
167.189	22
167.224	22
167.259	22
167.289	22
167.318	20
167.359	22
167.389	22
167.424	22
167.459	22
167.489	22
167.524	22
167.559	22
167.589	22
167.624	22
167.659	22
167.689	22
167.724	22
167.759	22
167.789	22
167.824	22
167.859	22
167.889	22
167.92	20
167.959	22
167.989	22
168.024	22
168.059	22
168.089	22
168.124	22
168.159	22
168.189	22
168.224	22
168.259	22
168.289	22
168.324	22
168.359	22
168.389	22
168.424	22
168.459	22
168.489	22
168.524	22
168.559	22
168.589	22
168.624	22
168.659	22
168.689	22
168.724	22
168.759	22
168.789	22
168.824	22
168.849	22
168.889	22
168.924	22
168.959	22
168.989	22
169.024	22
169.059	22
169.085	20
169.119	22
169.159	22
169.189	22
169.224	22
169.262	25
169.289	22
169.315	20
169.359	22
169.389	22
169.424	22
169.459	22
169.489	22
169.524	22
169.559	22
169.589	22
169.624	22
169.659	22
169.689	22
169.724	22
169.759	22
169.789	22
169.824	22
169.859	22
169.889	22
169.924	22
169.959	22
169.989	22
170.024	22
170.059	22
170.089	22
170.124	22
170.159	22
170.189	22
170.224	22
170.25	20
170.289	22
170.324	22
170.359	22
170.389	22
170.424	22
170.459	22
170.489	22
170.524	22
170.559	22
170.589	22
170.624	22
170.659	22
170.689	22
170.724	22
170.759	22
170.789	22
170.824	22
170.85	20
170.889	22
170.924	22
170.959	22
170.989	22
171.024	22
171.059	22
171.089	22
171.124	22
171.159	22
171.189	22
171.224	22
171.259	22
171.289	22
171.324	22
171.359	22
171.389	22
171.424	22
171.45	20
171.489	22
171.524	22
171.559	22
171.589	22
171.624	22
171.659	22
171.685	20
171.724	22
171.759	22
171.789	22
171.824	22
171.859	22
171.889	22
171.915	20
171.959	22
171.989	22
172.024	22
172.059	22
172.089	22
172.124	22
172.159	22
172.189	22
172.214	22
172.259	22
172.289	22
172.324	22
172.359	22
172.389	22
172.424	22
172.459	22
172.489	22
172.524	22
172.559	22
172.589	22
172.624	22
172.659	22
172.689	22
172.718	20
172.759	22
172.792	25
172.824	22
172.859	22
172.889	22
172.924	22
172.95	20
172.989	22
173.024	22
173.059	22
173.089	22
173.114	22
173.159	22
173.192	25
173.224	22
173.259	22
173.289	22
173.326	24
173.359	22
173.389	22
173.424	22
173.459	22
173.489	22
173.524	22
173.559	22
173.589	22
173.614	22
173.65	20
173.689	22
173.724	22
173.759	22
173.789	22
173.825	23
173.859	22
173.889	22
173.924	22
173.959	22
173.989	22
174.015	20
174.059	22
174.089	22
174.124	22
174.159	22
174.189	22
174.224	22
174.259	22
174.289	22
174.324	22
174.359	22
174.389	22
174.424	22
174.459	22
174.489	22
174.515	20
174.559	22
174.589	22
174.624	22
174.659	22
174.689	22
174.724	22
174.759	22
174.789	22
174.824	22
174.859	22
174.889	22
174.924	22
174.962	25
174.989	22
175.015	20
175.059	22
175.089	22
175.124	22
175.159	22
175.189	22
175.224	22
175.259	22
175.289	22
175.324	22
175.359	22
175.389	22
175.424	22
175.459	22
175.489	22
175.515	20
175.559	22
175.589	22
175.624	22
175.659	22
175.689	22
175.724	22
175.759	22
175.789	22
175.824	22
175.859	22
175.885	20
175.924	22
175.959	22
175.989	22
176.024	22
176.059	22
176.089	22
176.124	22
176.159	22
176.189	22
176.224	22
176.259	22
176.289	22
176.324	22
176.359	22
176.389	22
176.424	22
176.459	22
176.489	22
176.524	22
176.559	22
176.592	25
176.618	20
176.659	22
176.689	22
176.724	22
176.759	22
176.789	22
176.824	22
176.859	22
176.889	22
176.924	22
176.959	22
176.989	22
177.024	22
177.059	22
177.089	22
177.115	20
177.159	22
177.189	22
177.224	22
177.259	22
177.289	22
177.324	22
177.359	22
177.389	22
177.424	22
177.459	22
177.489	22
177.524	22
177.559	22
177.589	22
177.615	20
177.659	22
177.689	22
177.724	22
177.759	22
177.789	22
177.824	22
177.859	22
177.889	22
177.924	22
177.959	22
177.989	22
178.024	22
178.059	22
178.089	22
178.115	20
178.159	22
178.189	22
178.224	22
178.259	22
178.289	22
178.324	22
178.359	22
178.389	22
178.414	22
178.459	22
178.489	22
178.524	22
178.559	22
178.589	22
178.615	20
178.659	22
178.689	22
178.724	22
178.759	22
178.789	22
178.824	22
178.859	22
178.889	22
178.924	22
178.959	22
178.989	22
179.024	22
179.059	22
179.089	22
179.115	20
179.159	22
179.189	22
179.224	22
179.259	22
179.289	22
179.324	22
179.359	22
179.389	22
179.424	22
179.459	22
179.489	22
179.524	22
179.559	22
179.589	22
179.615	20
179.644	22
179.669	22
179.694	22
179.724	22
179.759	22
179.789	22
179.824	22
179.859	22
179.889	22
179.924	22
179.959	22
179.989	22
180.024	22
180.059	22
180.089	22
180.115	20
180.159	22
180.189	22
180.224	22
180.259	22
180.289	22
180.324	22
180.359	22
180.389	22
180.424	22
180.459	22
180.489	22
180.524	22
180.559	22
180.589	22
180.615	20
180.659	22
180.689	22
180.724	22
180.759	22
180.789	22
180.824	22
180.859	22
180.889	22
180.924	22
180.959	22
180.989	22
181.024	22
181.059	22
181.089	22
181.115	20
181.159	22
181.189	22
181.224	22
181.262	25
181.289	22
181.324	22
181.359	22
181.389	22
181.424	22
181.459	22
181.489	22
181.524	22
181.559	22
181.589	22
181.615	20
181.659	22
181.689	22
181.724	22
181.759	22
181.789	22
181.824	22
181.855	20
181.889	22
181.924	22
181.959	22
181.989	22
182.024	22
182.059	22
182.089	22
182.124	22
182.159	22
182.189	22
182.215	20
182.259	22
182.289	22
182.324	22
182.359	22
182.389	22
182.414	22
182.459	22
182.489	22
182.526	24
182.559	22
182.585	20
182.624	22
182.659	22
182.689	22
182.724	22
182.759	22
182.789	22
182.824	22
182.859	22
182.889	22
182.924	22
182.959	22
182.989	22
183.024	22
183.059	22
183.085	20
183.124	22
183.159	22
183.189	22
183.224	22
183.259	22
183.289	22
183.324	22
183.359	22
183.389	22
183.424	22
183.454	22
183.479	22
183.524	22
183.554	22
183.585	20
183.624	22
183.654	22
183.689	22
183.724	22
183.754	22
183.789	22
183.824	22
183.854	22
183.889	22
183.924	22
183.954	22
183.989	22
184.024	22
184.054	22
184.085	20
184.124	22
184.154	22
184.189	22
184.224	22
184.254	22
184.289	22
184.324	22
184.354	22
184.389	22
184.424	22
184.454	22
184.489	22
184.524	22
184.557	25
184.585	20
184.624	22
184.654	22
184.689	22
184.724	22
184.754	22
184.789	22
184.824	22
184.854	22
184.889	22
184.924	22
184.954	22
184.989	22
185.024	22
185.054	22
185.085	20
185.124	22
185.154	22
185.189	22
185.224	22
185.254	22
185.289	22
185.324	22
185.354	22
185.389	22
185.424	22
185.454	22
185.489	22
185.524	22
185.554	22
185.585	20
185.624	22
185.654	22
185.689	22
185.724	22
185.754	22
185.789	22
185.824	22
185.854	22
185.889	22
185.924	22
185.951	20
185.989	22
186.024	22
186.054	22
186.089	22
186.126	24
186.154	22
186.189	22
186.224	22
186.254	22
186.289	22
186.324	22
186.354	22
186.389	22
186.424	22
186.45	20
186.489	22
186.524	22
186.554	22
186.589	22
186.624	22
186.654	22
186.689	22
186.724	22
186.754	22
186.789	22
186.824	22
186.854	22
186.889	22
186.924	22
186.95	20
186.989	22
187.024	22
187.054	22
187.089	22
187.124	22
187.154	22
187.189	22
187.224	22
187.254	22
187.289	22
187.324	22
187.354	22
187.389	22
187.427	25
187.454	22
187.489	22
187.524	22
187.554	22
187.589	22
187.624	22
187.654	22
187.689	22
187.727	25
187.754	22
187.789	22
187.824	22
187.854	22
187.889	22
187.924	22
187.954	22
187.989	22
188.024	22
188.054	22
188.089	22
188.124	22
188.154	22
188.189	22
188.224	22
188.254	22
188.289	22
188.324	22
188.354	22
188.389	22
188.424	22
188.45	20
188.489	22
188.524	22
188.554	22
188.589	22
188.624	22
188.654	22
188.689	22
188.724	22
188.754	22
188.789	22
188.824	22
188.854	22
188.889	22
188.924	22
188.95	20
188.989	22
189.024	22
189.054	22
189.089	22
189.124	22
189.154	22
189.179	22
189.224	22
189.254	22
189.289	22
189.324	22
189.354	22
189.389	22
189.424	22
189.45	20
189.489	22
189.524	22
189.554	22
189.589	22
189.624	22
189.654	22
189.689	22
189.724	22
189.754	22
189.789	22
189.824	22
189.854	22
189.889	22
189.924	22
189.95	20
189.989	22
190.024	22
190.054	22
190.089	22
190.124	22
190.154	22
190.189	22
190.224	22
190.254	22
190.289	22
190.324	22
190.354	22
190.389	22
190.424	22
190.454	22
190.489	22
190.524	22
190.554	22
190.589	22
190.624	22
190.654	22
190.689	22
190.724	22
190.754	22
190.789	22
190.824	22
190.854	22
190.889	22
190.924	22
190.954	22
190.989	22
191.024	22
191.054	22
191.089	22
191.124	22
191.154	22
191.189	22
191.224	22
191.254	22
191.289	22
191.315	20
191.354	22
191.389	22
191.424	22
191.454	22
191.489	22
191.524	22
191.554	22
191.589	22
191.624	22
191.654	22
191.689	22
191.724	22
191.754	22
191.789	22
191.815	20
191.854	22
191.889	22
191.924	22
191.954	22
191.989	22
192.024	22
192.054	22
192.089	22
192.124	22
192.154	22
192.189	22
192.224	22
192.254	22
192.289	22
192.315	20
192.354	22
192.389	22
192.424	22
192.454	22
192.489	22
192.524	22
192.554	22
192.589	22
192.624	22
192.654	22
192.679	22
192.724	22
192.754	22
192.789	22
192.815	20
192.854	22
192.889	22
192.924	22
192.954	22
192.989	22
193.024	22
193.054	22
193.089	22
193.127	25
193.154	22
193.189	22
193.224	22
193.254	22
193.289	22
193.324	22
193.354	22
193.389	22
193.424	22
193.454	22
193.489	22
193.524	22
193.551	20
193.589	22
193.624	22
193.654	22
193.689	22
193.724	22
193.754	22
193.779	22
193.827	25
193.854	22
193.889	22
193.924	22
193.954	22
193.989	22
194.024	22
194.05	20
194.089	22
194.124	22
194.154	22
194.189	22
194.224	22
194.254	22
194.289	22
194.324	22
194.354	22
194.389	22
194.424	22
194.454	22
194.489	22
194.524	22
194.55	20
194.589	22
194.624	22
194.654	22
194.689	22
194.724	22
194.754	22
194.789	22
194.824	22
194.854	22
194.889	22
194.924	22
194.954	22
194.989	22
195.024	22
195.05	20
195.089	22
195.124	22
195.154	22
195.189	22
195.224	22
195.254	22
195.289	22
195.324	22
195.354	22
195.389	22
195.424	22
195.454	22
195.489	22
195.524	22
195.55	20
195.589	22
195.624	22
195.654	22
195.689	22
195.724	22
195.754	22
195.789	22
195.824	22
195.854	22
195.889	22
195.924	22
195.954	22
195.989	22
196.024	22
196.05	20
196.089	22
196.124	22
196.154	22
196.189	22
196.224	22
196.254	22
196.289	22
196.324	22
196.354	22
196.389	22
196.424	22
196.454	22
196.489	22
196.524	22
196.554	22
196.589	22
196.624	22
196.654	22
196.689	22
196.724	22
196.754	22
196.785	20
196.824	22
196.854	22
196.889	22
196.924	22
196.954	22
196.989	22
197.024	22
197.054	22
197.089	22
197.124	22
197.15	20
197.189	22
197.224	22
197.254	22
197.289	22
197.324	22
197.354	22
197.389	22
197.424	22
197.454	22
197.489	22
197.524	22
197.554	22
197.589	22
197.624	22
197.65	20
197.689	22
197.724	22
197.754	22
197.789	22
197.824	22
197.854	22
197.889	22
197.924	22
197.954	22
197.989	22
198.024	22
198.054	22
198.089	22
198.124	22
198.15	20
198.189	22
198.224	22
198.254	22
198.289	22
198.324	22
198.354	22
198.389	22
198.424	22
198.454	22
198.489	22
198.52	20
198.554	22
198.589	22
198.624	22
198.654	22
198.689	22
198.724	22
198.754	22
198.789	22
198.824	22
198.854	22
198.885	20
198.924	22
198.954	22
198.989	22
199.024	22
199.054	22
199.089	22
199.124	22
199.154	22
199.189	22
199.224	22
199.254	22
199.289	22
199.324	22
199.354	22
199.385	20
199.424	22
199.454	22
199.489	22
199.524	22
199.554	22
199.589	22
199.624	22
199.654	22
199.689	22
199.724	22
199.754	22
199.789	22
199.824	22
199.854	22
199.885	20
199.924	22
199.954	22
199.989	22
200.024	22
200.054	22
200.089	22
200.124	22
200.154	22
200.189	22
200.224	22
200.254	22
200.289	22
200.324	22
200.354	22
200.385	20
200.424	22
200.454	22
200.489	22
200.524	22
200.554	22
200.589	22
200.624	22
200.654	22
200.689	22
200.724	22
200.754	22
200.789	22
200.824	22
200.854	22
200.885	20
200.924	22
200.954	22
200.989	22
201.024	22
201.054	22
201.089	22
201.124	22
201.154	22
201.189	22
201.224	22
201.254	22
201.289	22
201.324	22
201.354	22
201.385	20
201.424	22
201.454	22
201.489	22
201.524	22
201.554	22
201.589	22
201.624	22
201.654	22
201.689	22
201.724	22
201.754	22
201.789	22
201.824	22
201.854	22
201.88	20
201.924	22
201.954	22
201.989	22
202.024	22
202.054	22
202.079	22
202.124	22
202.154	22
202.189	22
202.224	22
202.254	22
202.289	22
202.324	22
202.354	22
202.38	20
202.424	22
202.454	22
202.489	22
202.524	22
202.554	22
202.589	22
202.624	22
202.654	22
202.689	22
202.724	22
202.754	22
202.789	22
202.824	22
202.854	22
202.88	20
202.924	22
202.954	22
202.989	22
203.024	22
203.054	22
203.089	22
203.124	22
203.154	22
203.189	22
203.224	22
203.254	22
203.289	22
203.324	22
203.354	22
203.38	20
203.424	22
203.454	22
203.489	22
203.524	22
203.554	22
203.589	22
203.624	22
203.654	22
203.689	22
203.724	22
203.754	22
203.789	22
203.824	22
203.854	22
203.88	20
203.924	22
203.954	22
203.989	22
204.024	22
204.054	22
204.089	22
204.124	22
204.154	22
204.189	22
204.224	22
204.254	22
204.289	22
204.324	22
204.354	22
204.38	20
204.424	22
204.454	22
204.489	22
204.524	22
204.554	22
204.589	22
204.624	22
204.654	22
204.689	22
204.724	22
204.754	22
204.789	22
204.824	22
204.854	22
204.88	20
204.924	22
204.954	22
204.992	25
205.024	22
205.054	22
205.089	22
205.124	22
205.154	22
205.189	22
205.224	22
205.251	20
205.289	22
205.324	22
205.354	22
205.389	22
205.424	22
205.454	22
205.489	22
205.524	22
205.554	22
205.589	22
205.624	22
205.654	22
205.689	22
205.724	22
205.75	20
205.789	22
205.824	22
205.854	22
205.889	22
205.924	22
205.956	24
205.989	22
206.024	22
206.054	22
206.089	22
206.118	20
206.154	22
206.189	22
206.224	22
206.254	22
206.289	22
206.324	22
206.354	22
206.389	22
206.424	22
206.454	22
206.485	20
206.524	22
206.554	22
206.589	22
206.624	22
206.654	22
206.689	22
206.724	22
206.754	22
206.789	22
206.824	22
206.854	22
206.889	22
206.924	22
206.954	22
206.985	20
207.027	25
207.054	22
207.089	22
207.124	22
207.154	22
207.189	22
207.224	22
207.254	22
207.289	22
207.324	22
207.354	22
207.389	22
207.424	22
207.454	22
207.485	20
207.524	22
207.554	22
207.589	22
207.624	22
207.654	22
207.689	22
207.724	22
207.754	22
207.792	25
207.824	22
207.854	22
207.889	22
207.924	22
207.954	22
207.985	20
208.024	22
208.054	22
208.089	22
208.124	22
208.154	22
208.189	22
208.224	22
208.254	22
208.289	22
208.324	22
208.354	22
208.389	22
208.424	22
208.454	22
208.485	20
208.524	22
208.554	22
208.589	22
208.624	22
208.654	22
208.689	22
208.724	22
208.754	22
208.789	22
208.824	22
208.854	22
208.889	22
208.924	22
208.954	22
208.985	20
209.024	22
209.054	22
209.089	22
209.124	22
209.154	22
209.189	22
209.224	22
209.254	22
209.289	22
209.324	22
209.357	25
209.389	22
209.424	22
209.456	24
209.485	20
209.524	22
209.554	22
209.589	22
209.624	22
209.654	22
209.689	22
209.724	22
209.754	22
209.789	22
209.824	22
209.85	20
209.889	22
209.924	22
209.954	22
209.989	22
210.024	22
210.054	22
210.089	22
210.124	22
210.154	22
210.189	22
210.224	22
210.254	22
210.289	22
210.324	22
210.35	20
210.389	22
210.426	24
210.454	22
210.489	22
210.524	22
210.554	22
210.589	22
210.624	22
210.654	22
210.689	22
210.724	22
210.757	25
210.789	22
210.824	22
210.85	20
210.889	22
210.924	22
210.954	22
210.989	22
211.024	22
211.054	22
211.089	22
211.124	22
211.154	22
211.189	22
211.224	22
211.254	22
211.289	22
211.324	22
211.35	20
211.389	22
211.424	22
211.454	22
211.479	22
211.524	22
211.554	22
211.589	22
211.624	22
211.654	22
211.689	22
211.724	22
211.754	22
211.779	22
211.824	22
211.85	20
211.889	22
211.924	22
211.954	22
211.989	22
212.024	22
212.054	22
212.089	22
212.124	22
212.154	22
212.179	22
212.224	22
212.257	25
212.289	22
212.324	22
212.35	20
212.389	22
212.424	22
212.454	22
212.489	22
212.524	22
212.554	22
212.589	22
212.624	22
212.654	22
212.689	22
212.718	20
212.754	22
212.779	22
212.824	22
212.854	22
212.889	22
212.924	22
212.954	22
212.989	22
213.025	23
213.054	22
213.08	20
213.124	22
213.154	22
213.189	22
213.224	22
213.254	22
213.279	22
213.325	23
213.354	22
213.389	22
213.424	22
213.451	20
213.489	22
213.524	22
213.554	22
213.589	22
213.624	22
213.654	22
213.689	22
213.724	22
213.754	22
213.789	22
213.824	22
213.854	22
213.889	22
213.924	22
213.95	20
213.989	22
214.024	22
214.054	22
214.089	22
214.124	22
214.154	22
214.189	22
214.224	22
214.254	22
214.289	22
214.324	22
214.354	22
214.389	22
214.424	22
214.45	20
214.492	25
214.524	22
214.554	22
214.589	22
214.624	22
214.654	22
214.679	22
214.724	22
214.754	22
214.789	22
214.824	22
214.854	22
214.889	22
214.924	22
214.95	20
214.989	22
215.024	22
215.054	22
215.089	22
215.124	22
215.154	22
215.189	22
215.224	22
215.254	22
215.289	22
215.324	22
215.354	22
215.389	22
215.427	25
215.454	22
215.489	22
215.524	22
215.554	22
215.589	22
215.624	22
215.654	22
215.689	22
215.724	22
215.754	22
215.789	22
215.824	22
215.854	22
215.889	22
215.924	22
215.95	20
215.989	22
216.024	22
216.054	22
216.089	22
216.124	22
216.154	22
216.189	22
216.224	22
216.254	22
216.289	22
216.324	22
216.354	22
216.389	22
216.424	22
216.45	20
216.489	22
216.524	22
216.554	22
216.589	22
216.624	22
216.654	22
216.689	22
216.724	22
216.754	22
216.779	22
216.824	22
216.854	22
216.889	22
216.924	22
216.95	20
216.979	22
217.024	22
217.054	22
217.089	22
217.124	22
217.154	22
217.189	22
217.224	22
217.254	22
217.289	22
217.324	22
217.354	22
217.389	22
217.424	22
217.45	20
217.489	22
217.524	22
217.554	22
217.589	22
217.624	22
217.654	22
217.689	22
217.724	22
217.754	22
217.789	22
217.824	22
217.854	22
217.889	22
217.924	22
217.95	20
217.989	22
218.024	22
218.054	22
218.089	22
218.124	22
218.154	22
218.189	22
218.224	22
218.254	22
218.289	22
218.327	25
218.354	22
218.389	22
218.424	22
218.45	20
218.489	22
218.524	22
218.554	22
218.589	22
218.624	22
218.654	22
218.689	22
218.724	22
218.754	22
218.789	22
218.824	22
218.854	22
218.889	22
218.924	22
218.95	20
218.989	22
219.024	22
219.054	22
219.079	22
219.124	22
219.154	22
219.189	22
219.224	22
219.254	22
219.279	22
219.32	20
219.354	22
219.389	22
219.424	22
219.454	22
219.489	22
219.524	22
219.554	22
219.589	22
219.624	22
219.654	22
219.684	20
219.727	25
219.754	22
219.789	22
219.824	22
219.854	22
219.889	22
219.924	22
219.954	22
219.989	22
220.024	22
220.05	20
220.089	22
220.124	22
220.154	22
220.189	22
220.224	22
220.254	22
220.289	22
220.324	22
220.354	22
220.389	22
220.418	20
220.454	22
220.489	22
220.524	22
220.554	22
220.589	22
220.624	22
220.654	22
220.689	22
220.724	22
220.754	22
220.789	22
220.824	22
220.854	22
220.889	22
220.918	20
220.957	25
220.989	22
221.024	22
221.054	22
221.089	22
221.124	22
221.154	22
221.189	22
221.224	22
221.254	22
221.289	22
221.324	22
221.354	22
221.389	22
221.415	20
221.454	22
221.489	22
221.524	22
221.554	22
221.589	22
221.624	22
221.654	22
221.689	22
221.724	22
221.754	22
221.789	22
221.824	22
221.854	22
221.889	22
221.915	20
221.954	22
221.989	22
222.024	22
222.054	22
222.079	22
222.124	22
222.154	22
222.189	22
222.224	22
222.254	22
222.289	22
222.324	22
222.354	22
222.389	22
222.415	20
222.444	22
222.489	22
222.524	22
222.554	22
222.589	22
222.624	22
222.654	22
222.689	22
222.724	22
222.754	22
222.789	22
222.824	22
222.854	22
222.889	22
222.915	20
222.954	22
222.989	22
223.024	22
223.054	22
223.089	22
223.124	22
223.154	22
223.189	22
223.224	22
223.254	22
223.289	22
223.324	22
223.354	22
223.389	22
223.415	20
223.454	22
223.489	22
223.524	22
223.554	22
223.589	22
223.624	22
223.654	22
223.689	22
223.724	22
223.754	22
223.789	22
223.827	25
223.854	22
223.889	22
223.915	20
223.954	22
223.989	22
224.024	22
224.054	22
224.089	22
224.124	22
224.154	22
224.189	22
224.224	22
224.254	22
224.289	22
224.324	22
224.354	22
224.389	22
224.424	22
224.454	22
224.489	22
224.515	20
224.554	22
224.589	22
224.624	22
224.654	22
224.689	22
224.724	22
224.754	22
224.789	22
224.824	22
224.854	22
224.889	22
224.924	22
224.954	22
224.989	22
225.015	20
225.054	22
225.089	22
225.124	22
225.154	22
225.189	22
225.224	22
225.254	22
225.289	22
225.324	22
225.357	25
225.389	22
225.424	22
225.454	22
225.489	22
225.515	20
225.554	22
225.589	22
225.624	22
225.654	22
225.689	22
225.724	22
225.754	22
225.789	22
225.824	22
225.854	22
225.889	22
225.924	22
225.954	22
225.989	22
226.015	20
226.054	22
226.089	22
226.124	22
226.154	22
226.179	22
226.224	22
226.254	22
226.289	22
226.324	22
226.354	22
226.389	22
226.424	22
226.454	22
226.489	22
226.515	20
226.557	25
226.589	22
226.624	22
226.654	22
226.689	22
226.724	22
226.754	22
226.789	22
226.824	22
226.854	22
226.879	22
226.924	22
226.954	22
226.989	22
227.015	20
227.054	22
227.089	22
227.124	22
227.154	22
227.189	22
227.224	22
227.254	22
227.289	22
227.324	22
227.354	22
227.389	22
227.424	22
227.454	22
227.489	22
227.515	20
227.554	22
227.589	22
227.624	22
227.654	22
227.689	22
227.724	22
227.754	22
227.789	22
227.824	22
227.854	22
227.889	22
227.924	22
227.954	22
227.989	22
228.015	20
228.054	22
228.089	22
228.124	22
228.154	22
228.189	22
228.224	22
228.254	22
228.289	22
228.324	22
228.354	22
228.389	22
228.424	22
228.454	22
228.489	22
228.524	22
228.554	22
228.589	22
228.624	22
228.654	22
228.689	22
228.724	22
228.75	20
228.789	22
228.824	22
228.856	24
228.889	22
228.924	22
228.954	22
228.989	22
229.024	22
229.054	22
229.091	24
229.124	22
229.154	22
229.189	22
229.224	22
229.254	22
229.279	22
229.324	22
229.354	22
229.389	22
229.424	22
229.454	22
229.489	22
229.524	22
229.554	22
229.589	22
229.615	20
229.654	22
229.689	22
229.724	22
229.754	22
229.789	22
229.824	22
229.854	22
229.889	22
229.924	22
229.954	22
229.989	22
230.024	22
230.054	22
230.089	22
230.115	20
230.154	22
230.189	22
230.224	22
230.254	22
230.289	22
230.324	22
230.354	22
230.389	22
230.424	22
230.454	22
230.489	22
230.524	22
230.554	22
230.589	22
230.615	20
230.654	22
230.689	22
230.724	22
230.754	22
230.789	22
230.824	22
230.854	22
230.889	22
230.924	22
230.954	22
230.989	22
231.024	22
231.054	22
231.079	22
231.115	20
231.157	25
231.189	22
231.224	22
231.254	22
231.279	22
231.324	22
231.354	22
231.389	22
231.424	22
231.454	22
231.48	20
231.524	22
231.554	22
231.589	22
231.624	22
231.654	22
231.689	22
231.72	20
231.754	22
231.789	22
231.824	22
231.854	22
231.889	22
231.924	22
231.954	22
231.989	22
232.024	22
232.054	22
232.089	22
232.124	22
232.154	22
232.189	22
232.218	20
232.254	22
232.289	22
232.324	22
232.354	22
232.389	22
232.424	22
232.454	22
232.489	22
232.524	22
232.554	22
232.589	22
232.624	22
232.654	22
232.689	22
232.718	20
232.754	22
232.789	22
232.827	25
232.854	22
232.889	22
232.924	22
232.954	22
232.989	22
233.024	22
233.054	22
233.089	22
233.124	22
233.154	22
233.189	22
233.215	20
233.254	22
233.289	22
233.324	22
233.354	22
233.389	22
233.424	22
233.454	22
233.489	22
233.524	22
233.554	22
233.589	22
233.624	22
233.654	22
233.689	22
233.715	20
233.754	22
233.789	22
233.824	22
233.854	22
233.889	22
233.924	22
233.949	22
233.989	22
234.024	22
234.054	22
234.089	22
234.124	22
234.154	22
234.189	22
234.215	20
234.254	22
234.289	22
234.324	22
234.354	22
234.389	22
234.424	22
234.454	22
234.489	22
234.524	22
234.554	22
234.589	22
234.627	25
234.654	22
234.689	22
234.715	20
234.754	22
234.789	22
234.824	22
234.854	22
234.889	22
234.924	22
234.954	22
234.989	22
235.024	22
235.054	22
235.089	22
235.124	22
235.154	22
235.189	22
235.215	20
235.254	22
235.289	22
235.324	22
235.354	22
235.389	22
235.424	22
235.454	22
235.489	22
235.524	22
235.554	22
235.589	22
235.624	22
235.654	22
235.689	22
235.715	20
235.754	22
235.789	22
235.824	22
235.854	22
235.889	22
235.924	22
235.954	22
235.989	22
236.024	22
236.054	22
236.089	22
236.124	22
236.154	22
236.189	22
236.215	20
236.254	22
236.289	22
236.324	22
236.354	22
236.389	22
236.424	22
236.454	22
236.489	22
236.524	22
236.554	22
236.589	22
236.624	22
236.654	22
236.689	22
236.715	20
236.754	22
236.789	22
236.824	22
236.854	22
236.889	22
236.924	22
236.954	22
236.989	22
237.024	22
237.057	25
237.089	22
237.124	22
237.154	22
237.189	22
237.215	20
237.254	22
237.289	22
237.324	22
237.354	22
237.389	22
237.424	22
237.454	22
237.489	22
237.524	22
237.554	22
237.589	22
237.624	22
237.655	23
237.69	23
237.725	23
237.755	23
237.79	23
237.815	20
237.845	23
237.889	22
237.924	22
237.954	22
237.992	25
238.025	23
238.054	22
238.089	22
238.124	22
238.154	22
238.189	22
238.224	22
238.254	22
238.289	22
238.324	22
238.354	22
238.389	22
238.415	20
238.444	22
238.489	22
238.524	22
238.554	22
238.589	22
238.625	23
238.655	23
238.69	23
238.725	23
238.755	23
238.79	23
238.825	23
238.855	23
238.89	23
238.915	20
238.955	23
238.99	23
239.025	23
239.054	22
239.089	22
239.124	22
239.154	22
239.189	22
239.224	22
239.254	22
239.289	22
239.324	22
239.354	22
239.379	22
239.424	22
239.454	22
239.489	22
239.524	22
239.55	20
239.589	22
239.624	22
239.654	22
239.689	22
239.724	22
239.754	22
239.789	22
239.824	22
239.854	22
239.889	22
239.924	22
239.954	22
239.989	22
240.024	22
240.05	20
240.089	22
240.124	22
240.154	22
240.189	22
240.224	22
240.254	22
240.289	22
240.327	25
240.354	22
240.389	22
240.424	22
240.454	22
240.489	22
240.524	22
240.55	20
240.589	22
240.624	22
240.654	22
240.689	22
240.724	22
240.754	22
240.789	22
240.824	22
240.854	22
240.889	22
240.924	22
240.954	22
240.989	22
241.024	22
241.05	20
241.089	22
241.124	22
241.154	22
241.189	22
241.227	25
241.254	22
241.289	22
241.324	22
241.354	22
241.389	22
241.424	22
241.454	22
241.489	22
241.524	22
241.55	20
241.589	22
241.624	22
241.654	22
241.689	22
241.724	22
241.754	22
241.789	22
241.824	22
241.854	22
241.889	22
241.924	22
241.954	22
241.989	22
242.024	22
242.05	20
242.089	22
242.124	22
242.154	22
242.189	22
242.224	22
242.254	22
242.289	22
242.324	22
242.354	22
242.389	22
242.424	22
242.454	22
242.489	22
242.524	22
242.55	20
242.589	22
242.624	22
242.654	22
242.689	22
242.727	25
242.754	22
242.789	22
242.824	22
242.854	22
242.889	22
242.924	22
242.954	22
242.984	22
243.024	22
243.05	20
243.089	22
243.124	22
243.154	22
243.189	22
243.224	22
243.254	22
243.289	22
243.324	22
243.354	22
243.389	22
243.424	22
243.454	22
243.489	22
243.526	24
243.556	24
243.589	22
243.624	22
243.655	23
243.69	23
243.725	23
243.755	23
243.784	20
243.825	23
243.854	22
243.889	22
243.924	22
243.954	22
243.989	22
244.024	22
244.054	22
244.089	22
244.124	22
244.154	22
244.189	22
244.224	22
244.254	22
244.28	20
244.324	22
244.354	22
244.389	22
244.424	22
244.454	22
244.489	22
244.524	22
244.554	22
244.589	22
244.624	22
244.654	22
244.689	22
244.724	22
244.754	22
244.78	20
244.824	22
244.854	22
244.889	22
244.924	22
244.954	22
244.989	22
245.024	22
245.054	22
245.089	22
245.124	22
245.154	22
245.189	22
245.224	22
245.254	22
245.28	20
245.324	22
245.354	22
245.389	22
245.424	22
245.454	22
245.489	22
245.524	22
245.554	22
245.589	22
245.624	22
245.654	22
245.689	22
245.724	22
245.754	22
245.78	20
245.824	22
245.854	22
245.889	22
245.924	22
245.954	22
245.989	22
246.024	22
246.054	22
246.089	22
246.124	22
246.154	22
246.189	22
246.224	22
246.254	22
246.28	20
246.324	22
246.354	22
246.389	22
246.424	22
246.454	22
246.489	22
246.524	22
246.554	22
246.589	22
246.624	22
246.651	20
246.689	22
246.724	22
246.754	22
246.789	22
246.824	22
246.854	22
246.889	22
246.924	22
246.954	22
246.989	22
247.024	22
247.054	22
247.089	22
247.124	22
247.15	20
247.189	22
247.224	22
247.254	22
247.289	22
247.324	22
247.354	22
247.389	22
247.424	22
247.454	22
247.489	22
247.524	22
247.554	22
247.589	22
247.624	22
247.65	20
247.689	22
247.724	22
247.754	22
247.789	22
247.824	22
247.854	22
247.889	22
247.924	22
247.954	22
247.989	22
248.024	22
248.054	22
248.089	22
248.124	22
248.15	20
248.189	22
248.224	22
248.254	22
248.289	22
248.324	22
248.354	22
248.389	22
248.424	22
248.454	22
248.489	22
248.524	22
248.554	22
248.589	22
248.624	22
248.65	20
248.689	22
248.724	22
248.754	22
248.789	22
248.824	22
248.854	22
248.879	22
248.904	22
248.929	22
248.954	22
248.989	22
249.024	22
249.054	22
249.089	22
249.124	22
249.154	22
249.189	22
249.224	22
249.254	22
249.289	22
249.324	22
249.354	22
249.389	22
249.424	22
249.454	22
249.489	22
249.515	20
249.554	22
249.589	22
249.624	22
249.654	22
249.689	22
249.724	22
249.754	22
249.789	22
249.824	22
249.854	22
249.884	20
249.924	22
249.954	22
249.989	22
250.024	22
250.054	22
250.089	22
250.124	22
250.154	22
250.189	22
250.224	22
250.254	22
250.289	22
250.324	22
250.354	22
250.384	20
250.409	22
250.434	22
250.459	22
250.489	22
250.524	22
250.554	22
250.579	22
250.624	22
250.654	22
250.692	25
250.724	22
250.754	22
250.779	22
250.824	22
250.854	22
250.884	20
250.924	22
250.954	22
250.989	22
251.024	22
251.054	22
251.089	22
251.124	22
251.154	22
251.189	22
251.224	22
251.251	20
251.289	22
251.324	22
251.354	22
251.389	22
251.424	22
251.454	22
251.489	22
251.524	22
251.554	22
251.589	22
251.624	22
251.654	22
251.689	22
251.724	22
251.75	20
251.789	22
251.824	22
251.854	22
251.889	22
251.924	22
251.954	22
251.989	22
252.024	22
252.054	22
252.089	22
252.124	22
252.154	22
252.189	22
252.224	22
252.25	20
252.292	25
252.324	22
252.354	22
252.389	22
252.424	22
252.454	22
252.489	22
252.524	22
252.554	22
252.589	22
252.624	22
252.654	22
252.689	22
252.724	22
252.75	20
252.789	22
252.824	22
252.854	22
252.889	22
252.924	22
252.954	22
252.989	22
253.024	22
253.054	22
253.089	22
253.124	22
253.154	22
253.192	25
253.224	22
253.25	20
253.289	22
253.324	22
253.354	22
253.389	22
253.424	22
253.454	22
253.479	22
253.524	22
253.554	22
253.589	22
253.624	22
253.659	22
253.689	22
253.724	22
253.75	20
253.791	24
253.824	22
253.854	22
253.889	22
253.924	22
253.956	24
253.989	22
254.024	22
254.055	23
254.09	23
254.125	23
254.155	23
254.19	23
254.225	23
254.255	23
254.29	23
254.325	23
254.35	20
254.39	23
254.425	23
254.455	23
254.49	23
254.525	23
254.558	26
254.59	23
254.625	23
254.655	23
254.69	23
254.717	20
254.754	22
254.789	22
254.824	22
254.854	22
254.889	22
254.924	22
254.954	22
254.989	22
255.024	22
255.054	22
255.089	22
255.124	22
255.154	22
255.189	22
255.224	22
255.254	22
255.289	22
255.324	22
255.354	22
255.389	22
255.424	22
255.454	22
255.484	20
255.524	22
255.554	22
255.589	22
255.624	22
255.654	22
255.689	22
255.724	22
255.754	22
255.789	22
255.824	22
255.854	22
255.889	22
255.924	22
255.954	22
255.984	20
256.009	22
256.034	22
256.059	22
256.089	22
256.124	22
256.154	22
256.179	22
256.224	22
256.254	22
256.289	22
256.324	22
256.354	22
256.389	22
256.424	22
256.454	22
256.489	22
256.524	22
256.554	22
256.589	22
256.624	22
256.654	22
256.679	22
256.72	20
256.754	22
256.789	22
256.824	22
256.854	22
256.889	22
256.925	23
256.955	23
256.99	23
257.025	23
257.054	22
257.08	20
257.109	22
257.134	22
257.159	22
257.189	22
257.224	22
257.254	22
257.289	22
257.324	22
257.354	22
257.389	22
257.424	22
257.454	22
257.489	22
257.524	22
257.554	22
257.58	20
257.624	22
257.654	22
257.689	22
257.724	22
257.754	22
257.789	22
257.824	22
257.854	22
257.889	22
257.924	22
257.954	22
257.989	22
258.027	25
258.054	22
258.08	20
258.124	22
258.154	22
258.189	22
258.224	22
258.254	22
258.291	24
258.324	22
258.354	22
258.389	22
258.424	22
258.45	20
258.489	22
258.524	22
258.554	22
258.589	22
258.624	22
258.654	22
258.689	22
258.724	22
258.754	22
258.789	22
258.817	20
258.854	22
258.889	22
258.924	22
258.954	22
258.989	22
259.024	22
259.054	22
259.089	22
259.124	22
259.154	22
259.189	22
259.224	22
259.254	22
259.289	22
259.315	20
259.354	22
259.389	22
259.424	22
259.454	22
259.489	22
259.524	22
259.554	22
259.589	22
259.624	22
259.654	22
259.689	22
259.724	22
259.754	22
259.789	22
259.815	20
259.854	22
259.889	22
259.924	22
259.954	22
259.989	22
260.024	22
260.054	22
260.089	22
260.124	22
260.154	22
260.189	22
260.224	22
260.254	22
260.289	22
260.315	20
260.354	22
260.389	22
260.424	22
260.454	22
260.489	22
260.524	22
260.554	22
260.589	22
260.624	22
260.654	22
260.689	22
260.724	22
260.754	22
260.789	22
260.815	20
260.854	22
260.889	22
260.924	22
260.954	22
260.989	22
261.024	22
261.054	22
261.089	22
261.124	22
261.154	22
261.189	22
261.224	22
261.254	22
261.289	22
261.315	20
261.354	22
261.389	22
261.424	22
261.454	22
261.489	22
261.524	22
261.554	22
261.589	22
261.624	22
261.654	22
261.692	25
261.724	22
261.754	22
261.789	22
261.824	22
261.854	22
261.889	22
261.924	22
261.954	22
261.989	22
262.024	22
262.05	20
262.089	22
262.124	22
262.154	22
262.189	22
262.224	22
262.254	22
262.291	24
262.324	22
262.354	22
262.391	24
262.424	22
262.454	22
262.489	22
262.524	22
262.554	22
262.589	22
262.624	22
262.654	22
262.689	22
262.724	22
262.754	22
262.78	20
262.824	22
262.854	22
262.889	22
262.924	22
262.954	22
262.989	22
263.024	22
263.054	22
263.089	22
263.124	22
263.154	22
263.189	22
263.224	22
263.254	22
263.28	20
263.324	22
263.354	22
263.389	22
263.424	22
263.454	22
263.489	22
263.524	22
263.554	22
263.589	22
263.624	22
263.654	22
263.689	22
263.724	22
263.754	22
263.78	20
263.824	22
263.854	22
263.894	22
263.924	22
263.954	22
263.989	22
264.024	22
264.054	22
264.089	22
264.124	22
264.154	22
264.189	22
264.227	25
264.254	22
264.28	20
264.324	22
264.354	22
264.389	22
264.424	22
264.454	22
264.489	22
264.52	20
264.554	22
264.589	22
264.624	22
264.654	22
264.689	22
264.724	22
264.754	22
264.789	22
264.824	22
264.854	22
264.88	20
264.924	22
264.954	22
264.989	22
265.024	22
265.054	22
265.089	22
265.124	22
265.154	22
265.179	22
265.224	22
265.25	20
265.289	22
265.324	22
265.354	22
265.389	22
265.424	22
265.454	22
265.489	22
265.524	22
265.554	22
265.589	22
265.624	22
265.654	22
265.689	22
265.724	22
265.75	20
265.789	22
265.824	22
265.854	22
265.889	22
265.924	22
265.954	22
265.989	22
266.024	22
266.054	22
266.089	22
266.124	22
266.154	22
266.189	22
266.224	22
266.25	20
266.289	22
266.324	22
266.354	22
266.389	22
266.424	22
266.454	22
266.489	22
266.524	22
266.554	22
266.589	22
266.624	22
266.654	22
266.689	22
266.724	22
266.75	20
266.789	22
266.824	22
266.854	22
266.889	22
266.924	22
266.954	22
266.989	22
267.024	22
267.054	22
267.089	22
267.124	22
267.154	22
267.189	22
267.224	22
267.25	20
267.289	22
267.324	22
267.354	22
267.389	22
267.424	22
267.454	22
267.489	22
267.524	22
267.554	22
267.589	22
267.624	22
267.654	22
267.689	22
267.724	22
267.75	20
267.789	22
267.824	22
267.854	22
267.889	22
267.924	22
267.954	22
267.989	22
268.024	22
268.054	22
268.089	22
268.117	20
268.154	22
268.179	22
268.224	22
268.254	22
268.289	22
268.324	22
268.354	22
268.389	22
268.424	22
268.454	22
268.48	20
268.524	22
268.554	22
268.589	22
268.624	22
268.654	22
268.689	22
268.724	22
268.754	22
268.789	22
268.824	22
268.854	22
268.889	22
268.924	22
268.954	22
268.989	22
269.024	22
269.054	22
269.089	22
269.124	22
269.154	22
269.189	22
269.224	22
269.254	22
269.289	22
269.324	22
269.35	20
269.389	22
269.424	22
269.454	22
269.489	22
269.524	22
269.554	22
269.589	22
269.624	22
269.654	22
269.689	22
269.724	22
269.754	22
269.789	22
269.824	22
269.85	20
269.889	22
269.924	22
269.954	22
269.989	22
270.024	22
270.054	22
270.089	22
270.124	22
270.154	22
270.189	22
270.224	22
270.254	22
270.289	22
270.324	22
270.35	20
270.389	22
270.424	22
270.454	22
270.489	22
270.524	22
270.554	22
270.589	22
270.624	22
270.654	22
270.689	22
270.724	22
270.754	22
270.789	22
270.824	22
270.85	20
270.889	22
270.924	22
270.954	22
270.989	22
271.024	22
271.054	22
271.089	22
271.124	22
271.154	22
271.189	22
271.224	22
271.254	22
271.289	22
271.324	22
271.35	20
271.389	22
271.424	22
271.454	22
271.489	22
271.524	22
271.554	22
271.589	22
271.624	22
271.654	22
271.689	22
271.724	22
271.754	22
271.789	22
271.824	22
271.85	20
271.889	22
271.924	22
271.954	22
271.979	22
272.024	22
272.054	22
272.089	22
272.124	22
272.154	22
272.189	22
272.224	22
272.254	22
272.289	22
272.324	22
272.35	20
272.389	22
272.424	22
272.454	22
272.489	22
272.524	22
272.554	22
272.589	22
272.624	22
272.654	22
272.689	22
272.724	22
272.754	22
272.789	22
272.824	22
272.85	20
272.889	22
272.924	22
272.954	22
272.989	22
273.024	22
273.054	22
273.089	22
273.124	22
273.154	22
273.179	22
273.224	22
273.254	22
273.289	22
273.324	22
273.35	20
273.392	25
273.424	22
273.454	22
273.489	22
273.524	22
273.554	22
273.589	22
273.624	22
273.654	22
273.689	22
273.724	22
273.754	22
273.789	22
273.824	22
273.854	22
273.889	22
273.924	22
273.954	22
273.989	22
274.024	22
274.054	22
274.084	20
274.124	22
274.154	22
274.189	22
274.224	22
274.254	22
274.289	22
274.324	22
274.354	22
274.389	22
274.424	22
274.451	20
274.489	22
274.524	22
274.554	22
274.589	22
274.624	22
274.654	22
274.689	22
274.724	22
274.754	22
274.791	24
274.824	22
274.854	22
274.889	22
274.924	22
274.95	20
274.989	22
275.024	22
275.054	22
275.089	22
275.124	22
275.154	22
275.189	22
275.224	22
275.254	22
275.289	22
275.324	22
275.354	22
275.389	22
275.424	22
275.45	20
275.489	22
275.524	22
275.554	22
275.589	22
275.624	22
275.654	22
275.689	22
275.724	22
275.754	22
275.789	22
275.824	22
275.854	22
275.889	22
275.924	22
275.95	20
275.979	22
276.024	22
276.054	22
276.089	22
276.124	22
276.154	22
276.189	22
276.224	22
276.254	22
276.289	22
276.324	22
276.354	22
276.389	22
276.424	22
276.45	20
276.489	22
276.524	22
276.554	22
276.589	22
276.624	22
276.654	22
276.689	22
276.724	22
276.754	22
276.789	22
276.824	22
276.854	22
276.889	22
276.924	22
276.95	20
276.989	22
277.024	22
277.054	22
277.092	25
277.124	22
277.154	22
277.189	22
277.224	22
277.254	22
277.289	22
277.324	22
277.354	22
277.389	22
277.424	22
277.45	20
277.489	22
277.524	22
277.557	25
277.589	22
277.624	22
277.654	22
277.689	22
277.724	22
277.754	22
277.789	22
277.824	22
277.854	22
277.889	22
277.924	22
277.95	20
277.979	22
278.024	22
278.054	22
278.089	22
278.124	22
278.154	22
278.189	22
278.224	22
278.254	22
278.292	25
278.324	22
278.354	22
278.389	22
278.424	22
278.45	20
278.489	22
278.524	22
278.554	22
278.589	22
278.624	22
278.654	22
278.689	22
278.724	22
278.754	22
278.789	22
278.824	22
278.854	22
278.879	22
278.924	22
278.95	20
278.989	22
279.024	22
279.054	22
279.089	22
279.124	22
279.154	22
279.189	22
279.224	22
279.254	22
279.279	22
279.324	22
279.354	22
279.389	22
279.424	22
279.45	20
279.489	22
279.524	22
279.554	22
279.589	22
279.624	22
279.654	22
279.689	22
279.724	22
279.754	22
279.789	22
279.824	22
279.854	22
279.889	22
279.924	22
279.95	20
279.989	22
280.024	22
280.054	22
280.089	22
280.124	22
280.154	22
280.189	22
280.224	22
280.254	22
280.289	22
280.324	22
280.354	22
280.389	22
280.424	22
280.45	20
280.489	22
280.524	22
280.554	22
280.589	22
280.624	22
280.654	22
280.689	22
280.724	22
280.754	22
280.789	22
280.824	22
280.854	22
280.889	22
280.924	22
280.95	20
280.989	22
281.024	22
281.054	22
281.089	22
281.124	22
281.154	22
281.179	22
281.224	22
281.254	22
281.289	22
281.324	22
281.354	22
281.389	22
281.424	22
281.45	20
281.489	22
281.524	22
281.554	22
281.589	22
281.624	22
281.654	22
281.689	22
281.724	22
281.754	22
281.789	22
281.815	20
281.854	22
281.889	22
281.924	22
281.954	22
281.989	22
282.024	22
282.054	22
282.089	22
282.124	22
282.154	22
282.189	22
282.224	22
282.254	22
282.289	22
282.315	20
282.354	22
282.392	25
282.424	22
282.454	22
282.489	22
282.524	22
282.554	22
282.589	22
282.624	22
282.654	22
282.689	22
282.724	22
282.754	22
282.789	22
282.815	20
282.854	22
282.889	22
282.924	22
282.954	22
282.989	22
283.024	22
283.054	22
283.089	22
283.124	22
283.154	22
283.189	22
283.224	22
283.254	22
283.289	22
283.324	22
283.354	22
283.389	22
283.424	22
283.454	22
283.489	22
283.524	22
283.55	20
283.592	25
283.624	22
283.654	22
283.689	22
283.724	22
283.754	22
283.789	22
283.824	22
283.854	22
283.889	22
283.924	22
283.954	22
283.989	22
284.024	22
284.05	20
284.089	22
284.124	22
284.154	22
284.189	22
284.224	22
284.254	22
284.279	22
284.324	22
284.354	22
284.389	22
284.424	22
284.454	22
284.492	25
284.524	22
284.55	20
284.589	22
284.624	22
284.657	25
284.689	22
284.724	22
284.754	22
284.789	22
284.824	22
284.854	22
284.889	22
284.924	22
284.954	22
284.989	22
285.024	22
285.05	20
285.089	22
285.124	22
285.154	22
285.189	22
285.224	22
285.254	22
285.289	22
285.324	22
285.354	22
285.389	22
285.424	22
285.454	22
285.489	22
285.524	22
285.55	20
285.589	22
285.624	22
285.654	22
285.689	22
285.724	22
285.754	22
285.789	22
285.824	22
285.854	22
285.889	22
285.924	22
285.954	22
285.989	22
286.024	22
286.05	20
286.089	22
286.124	22
286.154	22
286.189	22
286.224	22
286.254	22
286.289	22
286.324	22
286.354	22
286.389	22
286.424	22
286.454	22
286.492	25
286.524	22
286.55	20
286.589	22
286.627	25
286.654	22
286.689	22
286.724	22
286.754	22
286.789	22
286.824	22
286.854	22
286.889	22
286.924	22
286.954	22
286.989	22
287.024	22
287.05	20
287.089	22
287.124	22
287.154	22
287.189	22
287.224	22
287.254	22
287.289	22
287.324	22
287.354	22
287.389	22
287.42	20
287.454	22
287.489	22
287.524	22
287.554	22
287.592	25
287.624	22
287.654	22
287.689	22
287.724	22
287.754	22
287.791	24
287.824	22
287.854	22
287.889	22
287.924	22
287.954	22
287.989	22
288.024	22
288.054	22
288.089	22
288.125	23
288.15	20
288.189	22
288.225	23
288.254	22
288.289	22
288.324	22
288.354	22
288.389	22
288.424	22
288.454	22
288.489	22
288.524	22
288.554	22
288.589	22
288.624	22
288.65	20
288.689	22
288.724	22
288.754	22
288.789	22
288.824	22
288.854	22
288.889	22
288.927	25
288.954	22
288.989	22
289.024	22
289.054	22
289.089	22
289.124	22
289.15	20
289.189	22
289.224	22
289.254	22
289.289	22
289.324	22
289.354	22
289.389	22
289.424	22
289.454	22
289.489	22
289.524	22
289.554	22
289.589	22
289.624	22
289.65	20
289.689	22
289.724	22
289.754	22
289.789	22
289.825	23
289.855	23
289.89	23
289.925	23
289.955	23
289.99	23
290.024	22
290.054	22
290.089	22
290.124	22
290.154	22
290.189	22
290.224	22
290.254	22
290.289	22
290.324	22
290.354	22
290.384	20
290.424	22
290.454	22
290.489	22
290.524	22
290.554	22
290.589	22
290.624	22
290.654	22
290.689	22
290.724	22
290.754	22
290.789	22
290.824	22
290.854	22
290.885	20
290.924	22
290.954	22
290.989	22
291.024	22
291.054	22
291.089	22
291.124	22
291.154	22
291.189	22
291.224	22
291.254	22
291.289	22
291.324	22
291.354	22
291.389	22
291.424	22
291.454	22
291.489	22
291.524	22
291.554	22
291.589	22
291.624	22
291.654	22
291.689	22
291.724	22
291.754	22
291.789	22
291.824	22
291.854	22
291.884	20
291.924	22
291.954	22
291.989	22
292.024	22
292.054	22
292.089	22
292.124	22
292.154	22
292.189	22
292.224	22
292.254	22
292.289	22
292.324	22
292.354	22
292.38	20
292.424	22
292.454	22
292.489	22
292.524	22
292.554	22
292.589	22
292.624	22
292.654	22
292.689	22
292.724	22
292.754	22
292.789	22
292.824	22
292.854	22
292.88	20
292.924	22
292.954	22
292.989	22
293.024	22
293.054	22
293.089	22
293.124	22
293.154	22
293.189	22
293.224	22
293.254	22
293.289	22
293.324	22
293.354	22
293.38	20
293.424	22
293.454	22
293.489	22
293.524	22
293.554	22
293.589	22
293.624	22
293.654	22
293.689	22
293.724	22
293.754	22
293.789	22
293.824	22
293.854	22
293.88	20
293.924	22
293.954	22
293.989	22
294.024	22
294.054	22
294.089	22
294.124	22
294.154	22
294.189	22
294.224	22
294.254	22
294.289	22
294.324	22
294.354	22
294.38	20
294.424	22
294.454	22
294.489	22
294.524	22
294.554	22
294.589	22
294.624	22
294.654	22
294.689	22
294.724	22
294.754	22
294.789	22
294.824	22
294.854	22
294.88	20
294.924	22
294.954	22
294.989	22
295.024	22
295.054	22
295.079	22
295.124	22
295.154	22
295.189	22
295.224	22
295.254	22
295.289	22
295.324	22
295.354	22
295.38	20
295.424	22
295.454	22
295.489	22
295.524	22
295.554	22
295.589	22
295.624	22
295.654	22
295.689	22
295.724	22
295.754	22
295.789	22
295.824	22
295.854	22
295.88	20
295.924	22
295.954	22
295.989	22
296.024	22
296.054	22
296.089	22
296.124	22
296.154	22
296.189	22
296.224	22
296.254	22
296.292	25
296.324	22
296.354	22
296.38	20
296.424	22
296.454	22
296.489	22
296.524	22
296.554	22
296.589	22
296.624	22
296.654	22
296.679	22
296.724	22
296.754	22
296.789	22
296.824	22
296.854	22
296.889	22
296.924	22
296.954	22
296.989	22
297.024	22
297.054	22
297.089	22
297.117	20
297.154	22
297.189	22
297.224	22
297.254	22
297.289	22
297.324	22
297.354	22
297.389	22
297.424	22
297.454	22
297.489	22
297.524	22
297.554	22
297.589	22
297.615	20
297.654	22
297.692	25
297.724	22
297.754	22
297.789	22
297.824	22
297.854	22
297.889	22
297.924	22
297.954	22
297.989	22
298.024	22
298.054	22
298.089	22
298.115	20
298.154	22
298.179	22
298.224	22
298.254	22
298.289	22
298.324	22
298.354	22
298.389	22
298.424	22
298.454	22
298.489	22
298.524	22
298.554	22
298.589	22
298.615	20
298.654	22
298.689	22
298.724	22
298.754	22
298.789	22
298.824	22
298.854	22
298.889	22
298.924	22
298.954	22
298.984	20
299.024	22
299.054	22
299.089	22
299.124	22
299.154	22
299.189	22
299.224	22
299.254	22
299.289	22
299.324	22
299.354	22
299.389	22
299.424	22
299.454	22
299.484	20
299.524	22
299.554	22
299.589	22
299.624	22
299.654	22
299.689	22
299.724	22
299.754	22
299.789	22
299.824	22
299.854	22
299.889	22
299.924	22
299.954	22
299.984	20
300.024	22
300.054	22
300.089	22
300.124	22
300.154	22
300.189	22
300.224	22
300.254	22
300.289	22
300.324	22
300.354	22
300.389	22
300.424	22
300.454	22
300.484	20
300.524	22
300.554	22
300.589	22
300.624	22
300.654	22
300.689	22
300.724	22
300.754	22
300.789	22
300.824	22
300.854	22
300.889	22
300.924	22
300.954	22
300.984	20
301.024	22
301.054	22
301.089	22
301.124	22
301.154	22
301.189	22
301.224	22
301.254	22
301.289	22
301.324	22
301.354	22
301.389	22
301.424	22
301.454	22
301.484	20
301.524	22
301.554	22
301.589	22
301.624	22
301.654	22
301.689	22
301.724	22
301.754	22
301.789	22
301.824	22
301.854	22
301.889	22
301.924	22
301.954	22
301.984	20
302.024	22
302.054	22
302.089	22
302.124	22
302.154	22
302.189	22
302.224	22
302.254	22
302.289	22
302.324	22
302.354	22
302.389	22
302.424	22
302.454	22
302.48	20
302.524	22
302.554	22
302.589	22
302.624	22
302.654	22
302.689	22
302.724	22
302.754	22
302.789	22
302.824	22
302.854	22
302.889	22
302.924	22
302.954	22
302.98	20
303.024	22
303.054	22
303.089	22
303.124	22
303.154	22
303.189	22
303.224	22
303.254	22
303.289	22
303.324	22
303.354	22
303.389	22
303.424	22
303.454	22
303.48	20
303.524	22
303.554	22
303.589	22
303.624	22
303.654	22
303.689	22
303.724	22
303.754	22
303.789	22
303.824	22
303.854	22
303.889	22
303.924	22
303.954	22
303.98	20
304.024	22
304.054	22
304.089	22
304.124	22
304.154	22
304.189	22
304.224	22
304.254	22
304.289	22
304.324	22
304.354	22
304.389	22
304.424	22
304.454	22
304.48	20
304.524	22
304.554	22
304.589	22
304.627	25
304.654	22
304.689	22
304.724	22
304.754	22
304.789	22
304.824	22
304.854	22
304.889	22
304.924	22
304.954	22
304.98	20
305.024	22
305.054	22
305.089	22
305.124	22
305.154	22
305.189	22
305.224	22
305.254	22
305.289	22
305.324	22
305.354	22
305.389	22
305.427	25
305.454	22
305.48	20
305.524	22
305.554	22
305.589	22
305.624	22
305.654	22
305.689	22
305.724	22
305.754	22
305.789	22
305.824	22
305.854	22
305.889	22
305.924	22
305.954	22
305.98	20
306.024	22
306.054	22
306.089	22
306.124	22
306.154	22
306.189	22
306.224	22
306.254	22
306.289	22
306.324	22
306.354	22
306.389	22
306.424	22
306.454	22
306.48	20
306.524	22
306.554	22
306.589	22
306.624	22
306.654	22
306.689	22
306.724	22
306.754	22
306.789	22
306.824	22
306.854	22
306.889	22
306.924	22
306.954	22
306.98	20
307.024	22
307.054	22
307.079	22
307.105	20
307.132	25
307.157	25
307.189	22
307.224	22
307.254	22
307.289	22
307.324	22
307.354	22
307.389	22
307.424	22
307.454	22
307.48	20
307.524	22
307.554	22
307.589	22
307.624	22
307.654	22
307.689	22
307.724	22
307.754	22
307.789	22
307.824	22
307.854	22
307.889	22
307.924	22
307.954	22
307.98	20
308.024	22
308.054	22
308.089	22
308.124	22
308.154	22
308.189	22
308.224	22
308.254	22
308.289	22
308.324	22
308.354	22
308.389	22
308.424	22
308.454	22
308.48	20
308.524	22
308.554	22
308.589	22
308.624	22
308.654	22
308.689	22
308.724	22
308.754	22
308.779	22
308.824	22
308.854	22
308.889	22
308.924	22
308.954	22
308.979	22
309.024	22
309.054	22
309.089	22
309.124	22
309.154	22
309.189	22
309.224	22
309.254	22
309.289	22
309.324	22
309.354	22
309.389	22
309.427	25
309.454	22
309.48	20
309.524	22
309.554	22
309.589	22
309.624	22
309.654	22
309.689	22
309.72	20
309.754	22
309.789	22
309.824	22
309.854	22
309.889	22
309.924	22
309.954	22
309.989	22
