0.058	23
0.086	23
0.136	23
0.162	24
0.193	25
0.226	23
0.262	24
0.292	24
0.327	24
0.362	24
0.392	24
0.426	23
0.461	23
0.491	23
0.52	20
0.561	23
0.591	23
0.626	23
0.661	23
0.691	23
0.726	23
0.761	23
0.791	23
0.82	20
0.861	23
0.891	23
0.921	23
0.951	23
0.991	23
1.028	25
1.063	25
1.093	25
1.128	25
1.163	25
1.193	25
1.228	25
1.263	25
1.293	25
1.328	25
1.368	30
1.393	25
1.418	25
1.443	35
1.468	30
1.493	25
1.531	28
1.557	49
1.584	41
1.611	43
1.638	35
1.664	56
1.691	48
1.718	50
1.745	42
1.78	42
1.807	64
1.834	61
1.87	62
1.897	59
1.924	56
1.951	48
1.978	65
2.006	63
2.045	42
2.078	40
2.111	43
2.144	66
2.176	68
2.208	65
2.241	68
2.274	66
2.307	64
2.339	66
2.372	64
2.406	63
2.439	66
2.471	63
2.505	62
2.539	66
2.575	67
2.611	68
2.646	73
2.682	74
2.707	69
2.742	74
2.778	75
2.814	76
2.849	81
2.874	84
2.909	101
2.945	102
2.98	112
3.016	113
3.044	106
3.077	134
3.11	142
3.143	170
3.177	169
3.21	167
3.244	171
3.277	169
3.312	169
3.346	173
3.38	172
3.413	170
3.447	174
3.48	172
3.513	170
3.539	166
3.568	130
3.597	124
3.626	88
3.655	82
3.683	45
3.712	39
3.742	34
3.767	29
3.797	29
3.832	29
3.867	29
3.897	29
3.932	29
3.967	29
3.997	29
4.03	27
4.065	27
4.095	27
4.13	27
4.165	27
4.195	27
4.23	27
4.265	27
4.295	27
4.33	27
4.365	27
4.395	27
4.43	27
4.465	27
4.495	27
4.533	30
4.568	30
4.599	31
4.633	30
4.668	30
4.699	31
4.733	30
4.768	30
4.8	52
4.831	58
4.862	54
4.894	51
4.925	52
4.956	48
4.989	46
5.02	52
5.052	44
5.081	38
5.107	39
5.134	31
5.169	31
5.199	31
5.234	31
5.269	31
5.299	31
5.334	31
5.369	31
5.399	31
5.434	31
5.469	31
5.499	31
5.534	31
5.569	31
5.599	31
5.634	31
5.669	31
5.699	31
5.724	31
5.75	20
5.779	36
5.809	36
5.834	31
5.869	31
5.899	31
5.934	31
5.969	31
5.999	31
6.032	29
6.067	29
6.097	29
6.129	26
6.164	26
6.194	26
6.229	26
6.264	26
6.294	26
6.329	26
6.364	26
6.394	26
6.429	26
6.464	26
6.494	26
6.529	26
6.564	26
6.594	26
6.629	26
6.664	26
6.694	26
6.729	26
6.764	26
6.794	26
6.829	26
6.864	26
6.9	32
6.929	26
6.954	26
6.994	26
7.026	23
7.061	23
7.091	23
7.126	23
7.161	23
7.191	23
7.226	23
7.261	23
7.291	23
7.326	23
7.361	23
7.391	23
7.426	23
7.461	23
7.491	23
7.526	23
7.561	23
7.591	23
7.626	23
7.661	23
7.691	23
7.726	23
7.761	23
7.791	23
7.826	23
7.861	23
7.891	23
7.926	23
7.961	23
7.991	23
8.026	23
8.061	23
8.091	23
8.126	23
8.161	23
8.191	23
8.22	20
8.261	23
8.291	23
8.326	23
8.361	23
8.391	23
8.426	23
8.455	20
8.491	23
8.526	23
8.561	23
8.591	23
8.626	23
8.661	23
8.691	23
8.726	23
8.761	23
8.791	23
8.826	23
8.861	23
8.891	23
8.926	23
8.961	23
8.991	23
9.027	24
9.062	24
9.092	24
9.127	24
9.155	20
9.192	24
9.227	24
9.262	24
9.292	24
9.327	24
9.362	24
9.392	24
9.427	24
9.462	24
9.492	24
9.528	25
9.563	25
9.593	25
9.628	25
9.663	25
9.693	25
9.728	25
9.763	25
9.793	25
9.828	25
9.863	25
9.893	25
9.928	25
9.968	30
9.993	25
10.018	25
10.044	41
10.079	41
10.123	50
10.155	47
10.19	47
10.222	54
10.255	52
10.287	49
10.319	51
10.352	49
10.388	45
10.434	31
10.469	31
10.505	37
10.531	28
10.566	28
10.596	28
10.631	28
10.666	28
10.705	32
10.731	28
10.761	28
10.805	32
10.831	28
10.861	28
10.896	28
10.931	28
10.966	28
11.004	31
11.031	23
11.061	23
11.091	23
11.126	23
11.16	22
11.19	22
11.226	23
11.261	23
11.291	23
11.326	23
11.36	22
11.39	22
11.425	22
11.46	22
11.49	22
11.542	39
11.58	42
11.618	50
11.656	53
11.694	56
11.732	64
11.77	67
11.809	71
11.847	79
11.88	77
11.909	71
11.937	69
11.964	61
11.99	52
12.015	47
12.042	34
12.072	29
12.102	29
12.13	27
12.165	27
12.195	27
12.23	27
12.265	27
12.295	27
12.33	27
12.365	27
12.395	27
12.43	27
12.465	27
12.495	27
12.531	28
12.566	28
12.596	28
12.639	31
12.666	28
12.691	28
12.731	28
12.766	28
12.796	28
12.831	28
12.866	28
12.896	28
12.931	28
12.966	28
12.996	28
13.04	37
13.076	38
13.112	44
13.147	44
13.183	45
13.22	52
13.256	53
13.292	54
13.328	60
13.363	60
13.399	61
13.434	66
13.478	75
13.503	65
13.529	61
13.57	32
13.6	32
13.635	32
13.67	32
13.7	32
13.735	32
13.77	32
13.8	32
13.835	32
13.871	33
13.901	33
13.936	33
13.971	33
14.001	33
14.041	38
14.076	38
14.106	38
14.141	38
14.176	38
14.206	38
14.241	38
14.276	38
14.306	38
14.341	38
14.376	38
14.406	38
14.441	38
14.476	38
14.506	38
14.534	31
14.569	31
14.599	31
14.634	31
14.669	31
14.699	31
14.734	31
14.769	31
14.799	31
14.834	31
14.869	31
14.899	31
14.934	31
14.97	32
15	32
15.069	31
15.099	31
15.124	31
15.169	31
15.199	31
15.234	31
15.269	31
15.299	31
15.334	31
15.369	31
15.399	31
15.434	31
15.469	31
15.499	31
15.536	33
15.571	33
15.601	33
15.636	33
15.671	33
15.701	33
15.736	33
15.771	33
15.801	33
15.836	33
15.871	33
15.901	33
15.936	33
15.971	33
16.001	33
16.033	30
16.068	30
16.098	30
16.168	30
16.198	30
16.223	30
16.268	30
16.298	30
16.333	30
16.368	30
16.398	30
16.433	30
16.468	30
16.498	30
16.531	28
16.566	28
16.596	28
16.631	28
16.666	28
16.696	28
16.731	28
16.796	28
16.831	28
16.866	28
16.896	28
16.931	28
16.966	28
16.996	28
17.032	29
17.067	29
17.097	29
17.132	29
17.167	29
17.197	29
17.232	29
17.268	30
17.298	30
17.333	30
17.368	30
17.398	30
17.433	30
17.468	30
17.498	30
17.533	30
17.568	30
17.598	30
17.633	30
17.668	30
17.698	30
17.733	30
17.768	30
17.798	30
17.833	30
17.869	31
17.899	31
17.935	32
17.97	32
18	32
18.037	34
18.072	34
18.102	34
18.137	34
18.172	34
18.202	34
18.237	34
18.272	34
18.337	34
18.372	34
18.412	39
18.472	34
18.497	34
18.532	34
18.569	31
18.599	31
18.634	31
18.669	31
18.699	31
18.734	31
18.769	31
18.799	31
18.834	31
18.869	31
18.935	32
18.97	32
18.995	32
19.034	31
19.069	31
19.099	31
19.134	31
19.169	31
19.199	31
19.234	31
19.269	31
19.299	31
19.369	31
19.399	31
19.424	31
19.469	31
19.499	31
19.534	31
19.569	31
19.599	31
19.634	31
19.669	31
19.699	31
19.734	31
19.769	31
19.799	31
19.869	31
19.924	31
19.969	31
19.994	31
20.037	34
20.072	34
20.102	34
20.137	34
20.172	34
20.202	34
20.237	34
20.272	34
20.302	34
20.372	34
20.402	34
20.432	34
20.472	34
20.502	34
20.531	28
20.566	28
20.596	28
20.631	28
20.666	28
20.696	28
20.731	28
20.766	28
20.796	28
20.831	28
20.866	28
20.896	28
20.931	28
20.966	28
20.996	28
21.034	31
21.069	31
21.099	31
21.134	31
21.169	31
21.199	31
21.234	31
21.269	31
21.299	31
21.334	31
21.369	31
21.399	31
21.434	31
21.464	26
21.494	26
21.53	27
21.565	27
21.595	27
21.63	27
21.665	27
21.695	27
21.73	27
21.773	30
21.803	30
21.833	30
21.865	27
21.895	27
21.93	27
21.965	27
21.995	27
22.029	26
22.07	32
22.1	32
22.135	32
22.17	32
22.2	32
22.235	32
22.27	32
22.3	32
22.335	32
22.37	32
22.4	32
22.435	32
22.47	32
22.5	32
22.534	31
22.569	31
22.599	31
22.634	31
22.669	31
22.699	31
22.734	31
22.769	31
22.799	31
22.834	31
22.864	26
22.9	27
22.929	26
22.954	26
22.994	26
23.036	33
23.065	27
23.102	29
23.13	27
23.155	27
23.195	27
23.236	33
23.271	33
23.301	33
23.336	33
23.371	33
23.401	33
23.436	33
23.471	33
23.501	33
23.538	35
23.573	35
23.603	35
23.638	35
23.673	35
23.703	35
23.738	35
23.773	35
23.803	35
23.838	35
23.873	35
23.903	35
23.938	35
23.973	35
24.003	35
24.032	24
24.062	24
24.097	24
24.127	24
24.166	28
24.196	28
24.231	28
24.262	24
24.292	24
24.332	24
24.362	24
24.392	24
24.431	28
24.466	28
24.496	28
24.534	31
24.569	31
24.599	31
24.634	31
24.669	31
24.699	31
24.734	31
24.769	31
24.799	31
24.834	31
24.869	31
24.899	31
24.934	31
24.969	31
24.999	31
25.032	29
25.067	29
25.097	29
25.132	29
25.163	25
25.193	25
25.228	25
25.263	25
25.293	25
25.333	25
25.363	25
25.393	25
25.428	25
25.463	25
25.493	25
25.532	24
25.562	24
25.592	24
25.631	28
25.666	28
25.696	28
25.731	28
25.766	28
25.796	28
25.831	28
25.866	28
25.896	28
25.931	28
25.966	28
25.996	28
26.036	33
26.071	33
26.101	33
26.136	33
26.171	33
26.201	33
26.236	33
26.271	33
26.301	33
26.336	33
26.371	33
26.401	33
26.43	27
26.465	27
26.495	27
26.531	28
26.566	28
26.596	28
26.631	28
26.666	28
26.696	28
26.731	28
26.766	28
26.796	28
26.831	28
26.866	28
26.896	28
26.931	28
26.966	28
26.996	28
27.021	28
27.071	33
27.101	33
27.136	33
27.171	33
27.201	33
27.236	33
27.271	33
27.301	33
27.336	33
27.371	33
27.401	33
27.436	33
27.471	33
27.501	33
27.539	36
27.574	36
27.604	36
27.639	36
27.674	36
27.704	36
27.739	36
27.774	36
27.804	36
27.839	36
27.874	36
27.904	36
27.939	36
27.974	36
28.004	36
28.03	27
28.066	28
28.096	28
28.131	28
28.166	28
28.196	28
28.231	28
28.266	28
28.296	28
28.331	28
28.366	28
28.396	28
28.431	28
28.466	28
28.496	28
28.531	28
28.566	28
28.596	28
28.631	28
28.666	28
28.696	28
28.731	28
28.766	28
28.796	28
28.831	28
28.866	28
28.896	28
28.931	28
28.966	28
28.996	28
29.028	25
29.063	25
29.093	25
29.128	25
29.163	25
29.193	25
29.228	25
29.263	25
29.293	25
29.328	25
29.364	26
29.394	26
29.429	26
29.464	26
29.494	26
29.53	27
29.565	27
29.595	27
29.63	27
29.665	27
29.695	27
29.73	27
29.765	27
29.795	27
29.83	27
29.865	27
29.895	27
29.93	27
29.965	27
29.995	27
30.03	27
30.065	27
30.095	27
30.13	27
30.165	27
30.202	29
30.23	27
30.255	27
30.295	27
30.33	27
30.365	27
30.395	27
30.43	27
30.465	27
30.495	27
30.533	30
30.568	30
30.598	30
30.633	30
30.668	30
30.698	30
30.733	30
30.768	30
30.798	30
30.833	30
30.868	30
30.898	30
30.933	30
30.968	30
30.998	30
31.035	32
31.07	32
31.1	32
31.135	32
31.17	32
31.2	32
31.235	32
31.27	32
31.3	32
31.335	32
31.37	32
31.4	32
31.435	32
31.471	33
31.501	33
31.532	29
31.567	29
31.597	29
31.632	29
31.667	29
31.697	29
31.732	29
31.767	29
31.797	29
31.832	29
31.867	29
31.897	29
31.932	29
31.967	29
31.997	29
32.031	28
32.066	28
32.096	28
32.131	28
32.166	28
32.196	28
32.231	28
32.266	28
32.296	28
32.331	28
32.366	28
32.396	28
32.431	28
32.467	29
32.497	29
32.526	23
32.561	23
32.591	23
32.626	23
32.661	23
32.691	23
32.726	23
32.761	23
32.791	23
32.826	23
32.861	23
32.891	23
32.926	23
32.961	23
32.991	23
33.028	25
33.063	25
33.093	25
33.128	25
33.163	25
33.193	25
33.228	25
33.263	25
33.293	25
33.328	25
33.363	25
33.393	25
33.428	25
33.464	26
33.494	26
33.527	24
33.562	24
33.592	24
33.627	24
33.662	24
33.692	24
33.727	24
33.762	24
33.792	24
33.827	24
33.862	24
33.892	24
33.927	24
33.962	24
33.992	24
34.029	26
34.064	26
34.094	26
34.129	26
34.164	26
34.194	26
34.229	26
34.265	27
34.295	27
34.33	27
34.365	27
34.395	27
34.42	20
34.465	27
34.495	27
34.539	36
34.574	36
34.606	38
34.639	36
34.675	37
34.709	41
34.744	41
34.78	42
34.814	46
34.849	46
34.884	46
34.91	57
34.935	62
34.961	53
34.986	43
35.013	40
35.046	38
35.081	38
35.117	44
35.146	38
35.181	38
35.211	38
35.269	31
35.299	31
35.324	31
35.369	31
35.399	31
35.434	31
35.469	31
35.499	31
35.527	24
35.562	24
35.592	24
35.627	24
35.662	24
35.692	24
35.727	24
35.762	24
35.792	24
35.827	24
35.862	24
35.892	24
35.927	24
35.962	24
35.992	24
36.027	24
36.062	24
36.092	24
36.127	24
36.162	24
36.192	24
36.227	24
36.262	24
36.292	24
36.327	24
36.362	24
36.392	24
36.427	24
36.462	24
36.492	24
36.528	25
36.563	25
36.593	25
36.628	25
36.663	25
36.693	25
36.728	25
36.763	25
36.793	25
36.828	25
36.863	25
36.893	25
36.928	25
36.963	25
36.999	26
37.029	26
37.064	26
37.094	26
37.129	26
37.164	26
37.194	26
37.22	20
37.264	26
37.294	26
37.329	26
37.364	26
37.394	26
37.429	26
37.464	26
37.494	26
37.53	27
37.565	27
37.595	27
37.63	27
37.665	27
37.695	27
37.73	27
37.765	27
37.795	27
37.83	27
37.865	27
37.895	27
37.93	27
37.965	27
37.995	27
38.028	25
38.063	25
38.093	25
38.134	26
38.163	25
38.193	25
38.228	25
38.263	25
38.293	25
38.328	25
38.363	25
38.393	25
38.428	25
38.463	25
38.493	25
38.529	26
38.564	26
38.594	26
38.629	26
38.664	26
38.694	26
38.729	26
38.764	26
38.794	26
38.829	26
38.864	26
38.894	26
38.929	26
38.964	26
38.994	26
39.036	33
39.071	33
39.101	33
39.136	33
39.171	33
39.201	33
39.237	34
39.272	34
39.316	43
39.351	43
39.384	41
39.419	46
39.446	38
39.481	38
39.511	38
39.56	57
39.598	90
39.635	97
39.673	130
39.711	143
39.748	175
39.786	183
39.823	215
39.861	223
39.899	256
39.936	268
39.977	304
40.014	311
40.052	344
40.078	335
40.103	330
40.129	286
40.166	228
40.204	201
40.237	169
40.268	130
40.294	136
40.323	140
40.351	148
40.378	130
40.407	134
40.432	134
40.459	141
40.488	125
40.513	110
40.562	24
40.592	24
40.627	24
40.662	24
40.692	24
40.727	24
40.827	24
40.862	24
40.887	24
40.927	24
40.962	24
40.992	24
41.027	24
41.062	24
41.092	24
41.127	24
41.162	24
41.192	24
41.227	24
41.263	25
41.293	25
41.328	25
41.363	25
41.393	25
41.429	26
41.464	26
41.494	26
41.533	30
41.568	30
41.598	30
41.633	30
41.668	30
41.698	30
41.733	30
41.768	30
41.798	30
41.833	30
41.868	30
41.898	30
41.934	31
41.969	31
41.999	31
42.03	27
42.065	27
42.095	27
42.13	27
42.165	27
42.195	27
42.23	27
42.265	27
42.295	27
42.33	27
42.375	20
42.43	27
42.465	27
42.495	27
42.531	28
42.566	28
42.596	28
42.631	28
42.666	28
42.696	28
42.731	28
42.796	28
42.831	28
42.866	28
42.896	28
42.931	28
42.966	28
42.996	28
43.031	28
43.066	28
43.096	28
43.131	28
43.166	28
43.196	28
43.231	28
43.266	28
43.296	28
43.331	28
43.366	28
43.396	28
43.431	28
43.466	28
43.496	28
43.532	29
43.597	29
43.632	29
43.667	29
43.697	29
43.732	29
43.767	29
43.797	29
43.832	29
43.867	29
43.897	29
43.932	29
43.967	29
43.997	29
44.031	28
44.066	28
44.096	28
44.131	28
44.196	28
44.231	28
44.266	28
44.296	28
44.331	28
44.366	28
44.396	28
44.431	28
44.466	28
44.496	28
44.531	28
44.566	28
44.596	28
44.631	28
44.696	28
44.731	28
44.766	28
44.796	28
44.831	28
44.866	28
44.896	28
44.931	28
44.966	28
44.996	28
45.03	27
45.065	27
45.095	27
45.195	27
45.23	27
45.26	27
45.295	27
45.33	27
45.365	27
45.395	27
45.43	27
45.465	27
45.495	27
45.536	33
45.571	33
45.601	33
45.636	33
45.671	33
45.701	33
45.736	33
45.771	33
45.801	33
45.836	33
45.871	33
45.901	33
45.936	33
45.971	33
46.001	33
46.033	30
46.068	30
46.098	30
46.133	30
46.168	30
46.198	30
46.233	30
46.269	31
46.299	31
46.334	31
46.369	31
46.399	31
46.434	31
46.469	31
46.499	31
46.534	31
46.569	31
46.599	31
46.634	31
46.669	31
46.699	31
46.734	31
46.769	31
46.799	31
46.834	31
46.869	31
46.899	31
46.969	31
46.999	31
47.024	31
47.072	34
47.102	34
47.136	33
47.171	33
47.201	33
47.236	33
47.271	33
47.301	33
47.336	33
47.371	33
47.401	33
47.436	33
47.471	33
47.501	33
47.538	35
47.573	35
47.603	35
47.638	35
47.673	35
47.703	35
47.738	35
47.773	35
47.803	35
47.838	35
47.873	35
47.903	35
47.938	35
47.973	35
48.003	35
48.038	35
48.073	35
48.103	35
48.138	35
48.173	35
48.203	35
48.238	35
48.273	35
48.303	35
48.34	37
48.375	37
48.405	37
48.44	37
48.475	37
48.505	37
48.54	37
48.575	37
48.605	37
48.64	37
48.675	37
48.705	37
48.74	37
48.775	37
48.805	37
48.84	37
48.875	37
48.905	37
48.94	37
48.975	37
49.005	37
49.04	37
49.075	37
49.105	37
49.14	37
49.175	37
49.205	37
49.24	37
49.275	37
49.305	37
49.341	38
49.376	38
49.406	38
49.441	38
49.476	38
49.506	38
49.545	42
49.58	42
49.61	42
49.645	42
49.68	42
49.71	42
49.745	42
49.78	42
49.81	42
49.845	42
49.88	42
49.91	42
49.945	42
49.98	42
50.01	42
50.063	25
50.093	25
50.128	25
50.163	25
50.193	25
50.228	25
50.263	25
50.293	25
50.326	23
50.361	23
50.391	23
50.426	23
50.461	23
50.491	23
50.528	25
50.563	25
50.593	25
50.628	25
50.663	25
50.693	25
50.728	25
50.763	25
50.793	25
50.828	25
50.863	25
50.893	25
50.928	25
50.963	25
50.993	25
51.025	22
51.06	22
51.09	22
51.13	22
51.16	22
51.19	22
51.225	22
51.26	22
51.29	22
51.325	22
51.36	22
51.39	22
51.425	22
51.46	22
51.49	22
51.529	26
51.564	26
51.594	26
51.629	26
51.664	26
51.694	26
51.729	26
51.764	26
51.794	26
51.829	26
51.864	26
51.894	26
51.929	26
51.964	26
51.994	26
52.028	25
52.063	25
52.093	25
52.128	25
52.163	25
52.193	25
52.228	25
52.263	25
52.293	25
52.328	25
52.363	25
52.393	25
52.428	25
52.463	25
52.493	25
52.525	22
52.56	22
52.59	22
52.625	22
52.66	22
52.69	22
52.725	22
52.76	22
52.785	20
52.825	22
52.86	22
52.89	22
52.925	22
52.96	22
52.99	22
53.025	22
53.06	22
53.09	22
53.125	22
53.16	22
53.19	22
53.225	22
53.26	22
53.29	22
53.325	22
53.36	22
53.39	22
53.425	22
53.46	22
53.49	22
53.527	24
53.562	24
53.592	24
53.627	24
53.662	24
53.692	24
53.727	24
53.762	24
53.792	24
53.827	24
53.862	24
53.892	24
53.927	24
53.962	24
53.992	24
54.026	23
54.061	23
54.091	23
54.126	23
54.161	23
54.191	23
54.226	23
54.261	23
54.291	23
54.331	23
54.361	23
54.391	23
54.426	23
54.461	23
54.486	23
54.527	24
54.562	24
54.592	24
54.627	24
54.662	24
54.692	24
54.727	24
54.762	24
54.792	24
54.827	24
54.862	24
54.892	24
54.927	24
54.962	24
54.992	24
55.027	24
55.062	24
55.092	24
55.127	24
55.162	24
55.192	24
55.227	24
55.262	24
55.292	24
55.327	24
55.362	24
55.392	24
55.427	24
55.462	24
55.492	24
55.525	22
55.56	22
55.59	22
55.625	22
55.66	22
55.69	22
55.725	22
55.76	22
55.79	22
55.825	22
55.86	22
55.89	22
55.925	22
55.96	22
55.99	22
56.026	23
56.061	23
56.091	23
56.126	23
56.161	23
56.191	23
56.226	23
56.261	23
56.291	23
56.319	20
56.361	23
56.391	23
56.426	23
56.461	23
56.491	23
56.526	23
56.561	23
56.591	23
56.626	23
56.661	23
56.691	23
56.726	23
56.761	23
56.791	23
56.826	23
56.861	23
56.891	23
56.926	23
56.961	23
56.991	23
57.028	25
57.063	25
57.093	25
57.128	25
57.163	25
57.193	25
57.228	25
57.263	25
57.293	25
57.319	20
57.363	25
57.393	25
57.428	25
57.463	25
57.493	25
57.529	26
57.564	26
57.594	26
57.629	26
57.665	27
57.695	27
57.73	27
57.765	27
57.795	27
57.83	27
57.865	27
57.895	27
57.93	27
57.965	27
57.995	27
58.029	26
58.064	26
58.094	26
58.129	26
58.164	26
58.194	26
58.229	26
58.264	26
58.294	26
58.329	26
58.364	26
58.394	26
58.429	26
58.464	26
58.494	26
58.527	24
58.562	24
58.592	24
58.627	24
58.663	25
58.693	25
58.728	25
58.763	25
58.793	25
58.828	25
58.863	25
58.893	25
58.928	25
58.968	25
58.993	25
59.018	25
59.065	27
59.095	27
59.13	27
59.165	27
59.195	27
59.23	27
59.265	27
59.295	27
59.33	27
59.365	27
59.395	27
59.43	27
59.465	27
59.495	27
59.525	22
59.56	22
59.59	22
59.625	22
59.66	22
59.69	22
59.725	22
59.76	22
59.79	22
59.825	22
59.86	22
59.89	22
59.925	22
59.96	22
59.99	22
60.026	23
60.064	26
60.091	23
60.126	23
60.153	20
60.191	23
60.226	23
60.261	23
60.291	23
60.326	23
60.361	23
60.391	23
60.426	23
60.461	23
60.491	23
60.527	24
60.562	24
60.592	24
60.627	24
60.653	20
60.692	24
60.727	24
60.762	24
60.792	24
60.827	24
60.863	25
60.893	25
60.928	25
60.963	25
60.993	25
61.027	24
61.062	24
61.092	24
61.127	24
61.162	24
61.192	24
61.227	24
61.262	24
61.292	24
61.327	24
61.362	24
61.392	24
61.427	24
61.462	24
61.492	24
61.526	23
61.561	23
61.591	23
61.619	20
61.661	23
61.691	23
61.726	23
61.761	23
61.791	23
61.826	23
61.861	23
61.891	23
61.926	23
61.961	23
61.991	23
62.025	22
62.06	22
62.09	22
62.125	22
62.16	22
62.19	22
62.225	22
62.26	22
62.29	22
62.325	22
62.36	22
62.39	22
62.425	22
62.46	22
62.49	22
62.528	25
62.563	25
62.593	25
62.628	25
62.663	25
62.693	25
62.728	25
62.763	25
62.793	25
62.828	25
62.863	25
62.893	25
62.928	25
62.963	25
62.993	25
63.028	25
63.063	25
63.093	25
63.128	25
63.163	25
63.193	25
63.228	25
63.263	25
63.293	25
63.328	25
63.363	25
63.393	25
63.428	25
63.463	25
63.493	25
63.529	26
63.564	26
63.594	26
63.629	26
63.664	26
63.694	26
63.729	26
63.764	26
63.794	26
63.829	26
63.864	26
63.894	26
63.929	26
63.964	26
63.994	26
64.055	52
64.088	50
64.121	78
64.154	86
64.186	103
64.219	116
64.252	114
64.285	142
64.317	149
64.35	167
64.382	179
64.414	176
64.446	203
64.478	210
64.512	174
64.537	164
64.565	62
64.591	23
64.626	23
64.661	23
64.691	23
64.726	23
64.761	23
64.791	23
64.826	23
64.861	23
64.891	23
64.926	23
64.961	23
64.991	23
65.027	24
65.062	24
65.092	24
65.127	24
65.162	24
65.192	24
65.227	24
65.262	24
65.292	24
65.327	24
65.362	24
65.392	24
65.427	24
65.462	24
65.492	24
65.534	31
65.569	31
65.599	31
65.634	31
65.669	31
65.699	31
65.734	31
65.769	31
65.799	31
65.834	31
65.869	31
65.899	31
65.934	31
65.969	31
65.999	31
66.026	23
66.061	23
66.091	23
66.126	23
66.161	23
66.191	23
66.226	23
66.261	23
66.291	23
66.326	23
66.361	23
66.391	23
66.426	23
66.461	23
66.491	23
66.529	26
66.564	26
66.594	26
66.629	26
66.664	26
66.694	26
66.729	26
66.764	26
66.794	26
66.829	26
66.864	26
66.894	26
66.929	26
66.964	26
66.994	26
67.025	22
67.06	22
67.09	22
67.125	22
67.16	22
67.19	22
67.225	22
67.26	22
67.29	22
67.325	22
67.36	22
67.39	22
67.425	22
67.46	22
67.49	22
67.527	24
67.562	24
67.592	24
67.627	24
67.662	24
67.692	24
67.727	24
67.762	24
67.792	24
67.827	24
67.862	24
67.892	24
67.927	24
67.962	24
67.992	24
68.031	28
68.066	28
68.096	28
68.131	28
68.166	28
68.196	28
68.231	28
68.266	28
68.296	28
68.331	28
68.366	28
68.396	28
68.431	28
68.466	28
68.496	28
68.529	26
68.564	26
68.594	26
68.629	26
68.664	26
68.694	26
68.729	26
68.764	26
68.794	26
68.829	26
68.864	26
68.894	26
68.929	26
68.964	26
68.994	26
69.026	23
69.061	23
69.091	23
69.126	23
69.161	23
69.191	23
69.226	23
69.261	23
69.291	23
69.326	23
69.361	23
69.391	23
69.426	23
69.461	23
69.491	23
69.526	23
69.561	23
69.591	23
69.626	23
69.661	23
69.691	23
69.726	23
69.761	23
69.791	23
69.826	23
69.861	23
69.891	23
69.926	23
69.953	20
69.991	23
70.026	23
70.061	23
70.091	23
70.126	23
70.161	23
70.191	23
70.226	23
70.261	23
70.291	23
70.326	23
70.361	23
70.391	23
70.426	23
70.461	23
70.491	23
70.526	23
70.561	23
70.591	23
70.626	23
70.661	23
70.691	23
70.726	23
70.761	23
70.791	23
70.826	23
70.861	23
70.891	23
70.926	23
70.961	23
70.991	23
71.026	23
71.061	23
71.091	23
71.126	23
71.161	23
71.191	23
71.226	23
71.261	23
71.291	23
71.326	23
71.361	23
71.391	23
71.426	23
71.461	23
71.491	23
71.528	25
71.563	25
71.593	25
71.628	25
71.663	25
71.693	25
71.728	25
71.763	25
71.793	25
71.828	25
71.863	25
71.893	25
71.928	25
71.963	25
71.993	25
72.025	22
72.06	22
72.09	22
72.125	22
72.16	22
72.19	22
72.224	21
72.259	21
72.289	21
72.324	21
72.359	21
72.389	21
72.424	21
72.459	21
72.489	21
72.526	23
72.561	23
72.591	23
72.616	23
72.661	23
72.691	23
72.73	27
72.761	23
72.791	23
72.828	25
72.863	25
72.893	25
72.928	25
72.961	23
72.991	23
73.027	24
73.062	24
73.092	24
73.127	24
73.162	24
73.192	24
73.227	24
73.252	24
73.292	24
73.327	24
73.362	24
73.392	24
73.427	24
73.462	24
73.492	24
73.528	25
73.566	28
73.596	28
73.631	28
73.663	25
73.693	25
73.728	25
73.763	25
73.793	25
73.828	25
73.863	25
73.893	25
73.928	25
73.963	25
73.993	25
74.025	22
74.06	22
74.09	22
74.125	22
74.16	22
74.19	22
74.225	22
74.26	22
74.29	22
74.325	22
74.36	22
74.39	22
74.425	22
74.46	22
74.49	22
74.527	24
74.562	24
74.592	24
74.627	24
74.662	24
74.692	24
74.727	24
74.762	24
74.792	24
74.827	24
74.862	24
74.892	24
74.927	24
74.962	24
74.992	24
75.033	30
75.068	30
75.1	32
75.133	30
75.168	30
75.201	33
75.233	30
75.268	30
75.3	32
75.333	30
75.371	33
75.401	33
75.436	33
75.471	33
75.501	33
75.531	28
75.566	28
75.596	28
75.631	28
75.666	28
75.696	28
75.731	28
75.766	28
75.796	28
75.831	28
75.866	28
75.896	28
75.931	28
75.966	28
75.996	28
76.042	39
76.083	45
76.123	55
76.163	60
76.204	66
76.244	76
76.284	81
76.324	86
76.365	97
76.405	102
76.445	107
76.486	118
76.522	119
76.55	82
76.578	40
76.629	26
76.664	26
76.694	26
76.729	26
76.764	26
76.794	26
76.829	26
76.864	26
76.894	26
76.929	26
76.964	26
76.994	26
77.041	38
77.077	39
77.113	45
77.149	46
77.185	47
77.221	53
77.257	54
77.293	55
77.329	61
77.367	64
77.403	65
77.439	71
77.476	83
77.512	104
77.538	100
77.574	71
77.609	41
77.64	37
77.675	37
77.705	37
77.74	37
77.775	37
77.805	37
77.84	37
77.875	37
77.905	37
77.94	37
77.975	37
78.005	37
78.03	27
78.065	27
78.095	27
78.13	27
78.165	27
78.195	27
78.23	27
78.265	27
78.295	27
78.33	27
78.365	27
78.395	27
78.43	27
78.466	28
78.496	28
78.537	34
78.565	27
78.595	27
78.63	27
78.665	27
78.695	27
78.73	27
78.765	27
78.795	27
78.83	27
78.865	27
78.895	27
78.93	27
78.965	27
78.995	27
79.029	26
79.064	26
79.094	26
79.129	26
79.164	26
79.194	26
79.229	26
79.264	26
79.294	26
79.329	26
79.364	26
79.394	26
79.429	26
79.464	26
79.494	26
79.527	24
79.562	24
79.592	24
79.627	24
79.662	24
79.692	24
79.727	24
79.762	24
79.792	24
79.827	24
79.862	24
79.892	24
79.927	24
79.962	24
79.992	24
80.03	27
80.065	27
80.095	27
80.13	27
80.165	27
80.195	27
80.23	27
80.273	30
80.303	30
80.333	30
80.365	27
80.395	27
80.438	30
80.465	27
80.49	27
80.527	24
80.562	24
80.597	24
80.627	24
80.662	24
80.692	24
80.727	24
80.762	24
80.792	24
80.827	24
80.862	24
80.892	24
80.927	24
80.962	24
80.992	24
81.03	27
81.065	27
81.095	27
81.13	27
81.165	27
81.195	27
81.23	27
81.265	27
81.295	27
81.33	27
81.372	29
81.402	29
81.432	29
81.465	27
81.495	27
81.526	23
81.561	23
81.591	23
81.626	23
81.666	23
81.691	23
81.716	23
81.761	23
81.791	23
81.826	23
81.861	23
81.891	23
81.926	23
81.961	23
81.991	23
82.027	24
82.062	24
82.092	24
82.127	24
82.162	24
82.192	24
82.232	24
82.262	24
82.292	24
82.327	24
82.362	24
82.392	24
82.427	24
82.467	24
82.492	24
82.517	24
82.565	27
82.595	27
82.63	27
82.665	27
82.695	27
82.73	27
82.765	27
82.795	27
82.83	27
82.865	27
82.895	27
82.93	27
82.965	27
82.995	27
83.028	25
83.063	25
83.093	25
83.128	25
83.169	26
83.199	26
83.228	25
83.263	25
83.293	25
83.328	25
83.363	25
83.393	25
83.428	25
83.458	25
83.493	25
83.528	25
83.558	25
83.593	25
83.628	25
83.658	25
83.693	25
83.728	25
83.758	25
83.793	25
83.828	25
83.858	25
83.893	25
83.928	25
83.958	25
83.993	25
84.026	23
84.056	23
84.091	23
84.126	23
84.156	23
84.191	23
84.226	23
84.256	23
84.291	23
84.326	23
84.356	23
84.426	23
84.456	23
84.481	23
84.53	22
84.555	22
84.59	22
84.625	22
84.655	22
84.69	22
84.725	22
84.755	22
84.79	22
84.83	22
84.855	22
84.89	22
84.925	22
84.955	22
84.99	22
85.025	22
85.055	22
85.09	22
85.115	20
85.155	22
85.19	22
85.225	22
85.255	22
85.29	22
85.325	22
85.355	22
85.39	22
85.425	22
85.455	22
85.49	22
85.529	26
85.559	26
85.594	26
85.629	26
85.659	26
85.694	26
85.729	26
85.759	26
85.794	26
85.829	26
85.859	26
85.894	26
85.929	26
85.959	26
85.994	26
86.025	22
86.055	22
86.09	22
86.125	22
86.155	22
86.19	22
86.225	22
86.255	22
86.29	22
86.325	22
86.355	22
86.39	22
86.425	22
86.455	22
86.49	22
86.527	24
86.557	24
86.592	24
86.627	24
86.657	24
86.692	24
86.727	24
86.757	24
86.792	24
86.832	24
86.857	24
86.882	24
86.927	24
86.957	24
86.992	24
87.026	23
87.056	23
87.091	23
87.126	23
87.156	23
87.191	23
87.226	23
87.256	23
87.291	23
87.331	23
87.356	23
87.391	23
87.426	23
87.456	23
87.491	23
87.525	22
87.555	22
87.59	22
87.625	22
87.655	22
87.69	22
87.725	22
87.755	22
87.79	22
87.815	20
87.855	22
87.89	22
87.925	22
87.955	22
87.995	22
88.027	24
88.057	24
88.092	24
88.127	24
88.157	24
88.192	24
88.227	24
88.257	24
88.297	24
88.327	24
88.357	24
88.392	24
88.427	24
88.457	24
88.492	24
88.525	22
88.555	22
88.59	22
88.625	22
88.655	22
88.695	22
88.725	22
88.755	22
88.79	22
88.825	22
88.855	22
88.89	22
88.925	22
88.955	22
88.99	22
89.025	22
89.055	22
89.09	22
89.125	22
89.155	22
89.19	22
89.225	22
89.255	22
89.29	22
89.325	22
89.356	23
89.391	23
89.426	23
89.456	23
89.491	23
89.544	41
89.588	55
89.631	63
89.675	72
89.718	85
89.784	111
89.827	119
89.872	134
89.917	144
89.951	148
90.005	172
90.037	169
90.064	96
90.095	27
90.13	27
90.159	26
90.194	26
90.229	26
90.259	26
90.294	26
90.329	26
90.359	26
90.394	26
90.429	26
90.459	26
90.494	26
90.53	27
90.56	27
90.595	27
90.63	27
90.66	27
90.695	27
90.73	27
90.76	27
90.795	27
90.83	27
90.86	27
90.895	27
90.93	27
90.96	27
90.995	27
91.027	24
91.057	24
91.092	24
91.127	24
91.157	24
91.192	24
91.227	24
91.257	24
91.292	24
91.328	25
91.358	25
91.393	25
91.428	25
91.458	25
91.493	25
91.528	25
91.558	25
91.593	25
91.628	25
91.658	25
91.693	25
91.728	25
91.758	25
91.793	25
91.828	25
91.858	25
91.893	25
91.928	25
91.958	25
91.993	25
92.028	25
92.058	25
92.093	25
92.128	25
92.158	25
92.193	25
92.228	25
92.258	25
92.293	25
92.328	25
92.358	25
92.393	25
92.428	25
92.458	25
92.493	25
92.532	29
92.562	29
92.597	29
92.632	29
92.662	29
92.697	29
92.762	29
92.797	29
92.832	29
92.862	29
92.897	29
92.932	29
92.962	29
92.997	29
93.03	27
93.06	27
93.095	27
93.13	27
93.16	27
93.195	27
93.23	27
93.26	27
93.295	27
93.33	27
93.36	27
93.395	27
93.43	27
93.46	27
93.495	27
93.532	29
93.562	29
93.597	29
93.632	29
93.662	29
93.697	29
93.732	29
93.762	29
93.797	29
93.832	29
93.862	29
93.932	29
93.962	29
93.987	29
94.027	24
94.057	24
94.092	24
94.127	24
94.157	24
94.192	24
94.227	24
94.257	24
94.292	24
94.327	24
94.357	24
94.392	24
94.427	24
94.457	24
94.492	24
94.53	27
94.56	27
94.595	27
94.63	27
94.66	27
94.695	27
94.73	27
94.76	27
94.795	27
94.83	27
94.86	27
94.895	27
94.93	27
94.96	27
94.995	27
95.04	37
95.07	37
95.105	37
95.14	37
95.17	37
95.205	37
95.24	37
95.27	37
95.305	37
95.34	37
95.37	37
95.405	37
95.44	37
95.47	37
95.505	37
95.534	31
95.564	31
95.599	31
95.664	31
95.699	31
95.734	31
95.764	31
95.799	31
95.834	31
95.863	30
95.898	30
95.933	30
95.963	30
95.998	30
96.028	25
96.058	25
96.093	25
96.128	25
96.158	25
96.193	25
96.228	25
96.258	25
96.328	25
96.358	25
96.458	25
96.493	25
96.518	25
96.563	30
96.598	30
96.633	30
96.665	20
96.698	30
96.733	30
96.764	31
96.798	30
96.833	30
96.864	31
96.899	31
96.934	31
96.964	31
96.999	31
97.087	54
97.12	52
97.155	52
97.187	74
97.22	87
97.251	83
97.282	79
97.313	80
97.345	77
97.376	73
97.407	74
97.438	70
97.47	67
97.514	46
97.555	22
97.59	22
97.625	22
97.655	22
97.69	22
97.725	22
97.756	23
97.791	23
97.826	23
97.856	23
97.891	23
97.926	23
97.956	23
97.991	23
98.026	23
98.056	23
98.091	23
98.126	23
98.157	24
98.192	24
98.227	24
98.257	24
98.292	24
98.327	24
98.357	24
98.392	24
98.427	24
98.457	24
98.492	24
98.557	24
98.592	24
98.627	24
98.657	24
98.692	24
98.727	24
98.756	23
98.791	23
98.826	23
98.856	23
98.891	23
98.926	23
98.956	23
98.991	23
99.026	23
99.056	23
99.091	23
99.126	23
99.156	23
99.191	23
99.226	23
99.256	23
99.291	23
99.326	23
99.356	23
99.391	23
99.426	23
99.491	23
99.529	26
99.559	26
99.594	26
99.629	26
99.659	26
99.694	26
99.729	26
99.76	27
99.795	27
99.83	27
99.86	27
99.895	27
99.93	27
99.96	27
99.995	27
100.029	26
100.059	26
100.094	26
100.129	26
100.159	26
100.194	26
100.229	26
100.259	26
100.294	26
100.329	26
100.359	26
100.394	26
100.429	26
100.459	26
100.494	26
100.527	24
100.557	24
100.627	24
100.657	24
100.692	24
100.727	24
100.827	24
100.857	24
100.887	24
100.927	24
100.956	23
100.991	23
101.026	23
101.056	23
101.091	23
101.126	23
101.156	23
101.191	23
101.226	23
101.256	23
101.291	23
101.326	23
101.356	23
101.391	23
101.426	23
101.456	23
101.491	23
101.528	25
101.558	25
101.593	25
101.645	20
101.693	25
101.758	25
101.793	25
101.828	25
101.858	25
101.893	25
101.928	25
101.958	25
101.993	25
102.026	23
102.056	23
102.091	23
102.145	20
102.191	23
102.226	23
102.256	23
102.291	23
102.326	23
102.356	23
102.391	23
102.426	23
102.456	23
102.491	23
102.527	24
102.557	24
102.592	24
102.645	20
102.692	24
102.727	24
102.757	24
102.792	24
102.827	24
102.857	24
102.892	24
102.927	24
102.957	24
102.992	24
103.028	25
103.058	25
103.093	25
103.128	25
103.158	25
103.193	25
103.228	25
103.258	25
103.293	25
103.328	25
103.358	25
103.393	25
103.428	25
103.493	25
103.528	25
103.558	25
103.593	25
103.628	25
103.658	25
103.693	25
103.728	25
103.758	25
103.793	25
103.828	25
103.858	25
103.893	25
103.958	25
104.008	25
104.057	24
104.092	24
104.127	24
104.157	24
104.192	24
104.227	24
104.257	24
104.292	24
104.327	24
104.357	24
104.392	24
104.427	24
104.457	24
104.492	24
104.525	22
104.555	22
104.59	22
104.625	22
104.655	22
104.69	22
104.755	22
104.79	22
104.825	22
104.855	22
104.89	22
104.925	22
104.955	22
104.99	22
105.027	24
105.057	24
105.092	24
105.127	24
105.157	24
105.192	24
105.227	24
105.257	24
105.292	24
105.327	24
105.357	24
105.392	24
105.427	24
105.457	24
105.492	24
105.528	25
105.558	25
105.593	25
105.628	25
105.658	25
105.693	25
105.728	25
105.758	25
105.793	25
105.828	25
105.858	25
105.893	25
105.928	25
105.958	25
106.031	28
106.061	28
106.096	28
106.131	28
106.161	28
106.196	28
106.231	28
106.261	28
106.296	28
106.331	28
106.361	28
106.396	28
106.431	28
106.461	28
106.496	28
106.526	23
106.556	23
106.591	23
106.626	23
106.656	23
106.691	23
106.726	23
106.756	23
106.791	23
106.826	23
106.856	23
106.891	23
106.926	23
106.956	23
106.991	23
107.03	27
107.06	27
107.095	27
107.131	28
107.161	28
107.231	28
107.261	28
107.296	28
107.33	27
107.36	27
107.395	27
107.43	27
107.46	27
107.495	27
107.526	23
107.556	23
107.591	23
107.626	23
107.656	23
107.691	23
107.726	23
107.756	23
107.791	23
107.856	23
107.891	23
107.926	23
107.956	23
108.028	25
108.058	25
108.093	25
108.128	25
108.158	25
108.193	25
108.228	25
108.258	25
108.293	25
108.328	25
108.358	25
108.393	25
108.428	25
108.458	25
108.493	25
108.527	24
108.557	24
108.592	24
108.627	24
108.657	24
108.692	24
108.727	24
108.757	24
108.792	24
108.827	24
108.857	24
108.892	24
108.927	24
108.957	24
108.992	24
109.027	24
109.057	24
109.092	24
109.127	24
109.157	24
109.192	24
109.227	24
109.257	24
109.292	24
109.327	24
109.357	24
109.392	24
109.457	24
109.507	24
109.557	24
109.592	24
109.626	23
109.656	23
109.691	23
109.726	23
109.756	23
109.791	23
109.826	23
109.856	23
109.926	23
109.956	23
109.991	23
110.028	25
110.058	25
110.093	25
110.128	25
110.158	25
110.193	25
110.228	25
110.258	25
110.293	25
110.328	25
110.358	25
110.393	25
110.428	25
110.458	25
110.493	25
110.527	24
110.558	25
110.593	25
110.628	25
110.658	25
110.693	25
110.728	25
110.758	25
110.793	25
110.828	25
110.858	25
110.893	25
110.928	25
110.958	25
110.993	25
111.052	49
111.082	49
111.117	49
111.152	49
111.183	50
111.252	49
111.284	51
111.319	51
111.349	71
111.381	78
111.413	80
111.444	76
111.475	72
111.506	73
111.542	39
111.592	24
111.626	23
111.656	23
111.691	23
111.726	23
111.756	23
111.791	23
111.826	23
111.856	23
111.891	23
111.926	23
111.956	23
111.991	23
112.028	25
112.058	25
112.093	25
112.128	25
112.158	25
112.193	25
112.228	25
112.258	25
112.293	25
112.328	25
112.358	25
112.393	25
112.428	25
112.458	25
112.493	25
112.526	23
112.556	23
112.591	23
112.627	24
112.657	24
112.692	24
112.727	24
112.757	24
112.792	24
112.827	24
112.857	24
112.892	24
112.927	24
112.957	24
113.025	22
113.055	22
113.09	22
113.125	22
113.155	22
113.225	22
113.255	22
113.29	22
113.325	22
113.39	22
113.425	22
113.455	22
113.49	22
113.526	23
113.556	23
113.591	23
113.626	23
113.656	23
113.691	23
113.726	23
113.756	23
113.791	23
113.826	23
113.856	23
113.891	23
113.926	23
113.956	23
113.991	23
114.026	23
114.056	23
114.091	23
114.126	23
114.156	23
114.191	23
114.226	23
114.256	23
114.291	23
114.326	23
114.356	23
114.391	23
114.426	23
114.456	23
114.491	23
114.527	24
114.557	24
114.592	24
114.627	24
114.657	24
114.692	24
114.727	24
114.757	24
114.792	24
114.827	24
114.857	24
114.892	24
114.927	24
114.957	24
114.992	24
115.027	24
115.057	24
115.092	24
115.127	24
115.157	24
115.192	24
115.227	24
115.257	24
115.292	24
115.327	24
115.357	24
115.392	24
115.427	24
115.457	24
115.492	24
115.527	24
115.557	24
115.592	24
115.627	24
115.657	24
115.692	24
115.727	24
115.757	24
115.792	24
115.827	24
115.857	24
115.892	24
115.927	24
115.957	24
115.992	24
116.027	24
116.057	24
116.092	24
116.127	24
116.157	24
116.192	24
116.227	24
116.257	24
116.292	24
116.327	24
116.357	24
116.392	24
116.427	24
116.457	24
116.492	24
116.527	24
116.557	24
116.592	24
116.627	24
116.692	24
116.727	24
116.757	24
116.792	24
116.827	24
116.857	24
116.892	24
116.927	24
116.957	24
116.992	24
117.026	23
117.056	23
117.091	23
117.126	23
117.156	23
117.191	23
117.226	23
117.256	23
117.291	23
117.326	23
117.356	23
117.391	23
117.426	23
117.456	23
117.491	23
117.527	24
117.557	24
117.592	24
117.627	24
117.657	24
117.692	24
117.727	24
117.757	24
117.827	24
117.857	24
117.892	24
117.927	24
117.957	24
117.992	24
118.03	27
118.06	27
118.095	27
118.13	27
118.195	27
118.23	27
118.26	27
118.295	27
118.33	27
118.36	27
118.43	27
118.46	27
118.495	27
118.528	25
118.558	25
118.593	25
118.628	25
118.658	25
118.693	25
118.728	25
118.758	25
118.793	25
118.828	25
118.858	25
118.893	25
118.928	25
118.958	25
118.993	25
119.027	24
119.057	24
119.092	24
119.127	24
119.157	24
119.192	24
119.227	24
119.257	24
119.292	24
119.327	24
119.357	24
119.392	24
119.427	24
119.457	24
119.492	24
119.526	23
119.556	23
119.591	23
119.626	23
119.656	23
119.691	23
119.726	23
119.791	23
119.826	23
119.856	23
119.891	23
119.926	23
119.956	23
119.991	23
120.027	24
120.057	24
120.092	24
120.127	24
120.157	24
120.192	24
120.227	24
120.257	24
120.292	24
120.327	24
120.357	24
120.392	24
120.427	24
120.457	24
120.492	24
120.526	23
120.556	23
120.591	23
120.626	23
120.656	23
120.691	23
120.726	23
120.756	23
120.791	23
120.826	23
120.854	21
120.889	21
120.924	21
120.954	21
120.989	21
121.026	23
121.056	23
121.091	23
121.126	23
121.156	23
121.191	23
121.226	23
121.256	23
121.291	23
121.326	23
121.356	23
121.391	23
121.426	23
121.456	23
121.491	23
121.525	22
121.555	22
121.59	22
121.625	22
121.655	22
121.69	22
121.725	22
121.755	22
121.79	22
121.825	22
121.855	22
121.89	22
121.925	22
121.955	22
121.99	22
122.024	21
122.054	21
122.089	21
122.124	21
122.154	21
122.189	21
122.224	21
122.254	21
122.289	21
122.324	21
122.354	21
122.389	21
122.424	21
122.454	21
122.489	21
122.527	24
122.557	24
122.592	24
122.627	24
122.657	24
122.692	24
122.727	24
122.758	25
122.793	25
122.828	25
122.858	25
122.893	25
122.928	25
122.958	25
122.993	25
123.027	24
123.057	24
123.092	24
123.127	24
123.157	24
123.192	24
123.227	24
123.257	24
123.292	24
123.327	24
123.357	24
123.392	24
123.427	24
123.457	24
123.492	24
123.525	22
123.555	22
123.595	22
123.625	22
123.655	22
123.69	22
123.725	22
123.755	22
123.79	22
123.825	22
123.855	22
123.89	22
123.93	22
123.955	22
123.99	22
124.027	24
124.057	24
124.092	24
124.127	24
124.157	24
124.192	24
124.227	24
124.257	24
124.292	24
124.327	24
124.357	24
124.392	24
124.427	24
124.458	25
124.493	25
124.526	23
124.556	23
124.591	23
124.626	23
124.656	23
124.691	23
124.726	23
124.756	23
124.791	23
124.826	23
124.856	23
124.891	23
124.926	23
124.956	23
124.991	23
125.025	22
125.055	22
125.09	22
125.125	22
125.155	22
125.19	22
125.225	22
125.255	22
125.29	22
125.325	22
125.355	22
125.39	22
125.425	22
125.455	22
125.49	22
125.532	29
125.562	29
125.597	29
125.632	29
125.663	30
125.698	30
125.733	30
125.763	30
125.798	30
125.833	30
125.863	30
125.898	30
125.931	28
125.961	28
125.996	28
126.025	22
126.055	22
126.09	22
126.125	22
126.155	22
126.19	22
126.225	22
126.26	22
126.29	22
126.325	22
126.355	22
126.39	22
126.425	22
126.455	22
126.49	22
126.551	48
126.579	71
126.607	74
126.636	98
126.664	96
126.692	119
126.72	117
126.749	141
126.777	144
126.805	167
126.834	166
126.862	189
126.891	188
126.919	211
126.948	215
126.976	238
127.005	237
127.033	260
127.06	127
127.092	24
127.127	24
127.157	24
127.192	24
127.227	24
127.257	24
127.292	24
127.327	24
127.357	24
127.392	24
127.427	24
127.457	24
127.492	24
127.527	24
127.557	24
127.592	24
127.627	24
127.657	24
127.692	24
127.727	24
127.757	24
127.792	24
127.827	24
127.857	24
127.892	24
127.927	24
127.957	24
127.992	24
128.028	25
128.058	25
128.093	25
128.128	25
128.193	25
128.228	25
128.293	25
128.328	25
128.358	25
128.393	25
128.428	25
128.458	25
128.493	25
128.529	26
128.559	26
128.594	26
128.629	26
128.659	26
128.694	26
128.729	26
128.759	26
128.794	26
128.829	26
128.859	26
128.894	26
128.929	26
128.959	26
128.994	26
129.026	23
129.056	23
129.091	23
129.126	23
129.156	23
129.191	23
129.226	23
129.256	23
129.291	23
129.326	23
129.356	23
129.391	23
129.426	23
129.456	23
129.491	23
129.527	24
129.557	24
129.592	24
129.627	24
129.657	24
129.692	24
129.727	24
129.757	24
129.792	24
129.827	24
129.857	24
129.892	24
129.927	24
129.957	24
129.992	24
130.026	23
130.056	23
130.091	23
130.126	23
130.157	24
130.192	24
130.227	24
130.257	24
130.292	24
130.327	24
130.357	24
130.392	24
130.427	24
130.457	24
130.492	24
130.528	25
130.558	25
130.593	25
130.628	25
130.658	25
130.693	25
130.728	25
130.758	25
130.793	25
130.828	25
130.858	25
130.893	25
130.928	25
130.958	25
130.993	25
131.03	27
131.06	27
131.095	27
131.13	27
131.195	27
131.23	27
131.26	27
131.295	27
131.33	27
131.36	27
131.395	27
131.43	27
131.46	27
131.495	27
131.527	24
131.557	24
131.592	24
131.627	24
131.657	24
131.692	24
131.727	24
131.757	24
131.792	24
131.827	24
131.857	24
131.892	24
131.927	24
131.957	24
131.992	24
132.026	23
132.056	23
132.091	23
132.126	23
132.156	23
132.191	23
132.226	23
132.291	23
132.326	23
132.356	23
132.391	23
132.426	23
132.456	23
132.491	23
132.527	24
132.557	24
132.592	24
132.627	24
132.657	24
132.692	24
132.727	24
132.757	24
132.792	24
132.827	24
132.857	24
132.892	24
132.927	24
132.957	24
132.992	24
133.027	24
133.057	24
133.092	24
133.127	24
133.157	24
133.192	24
133.227	24
133.257	24
133.292	24
133.327	24
133.357	24
133.392	24
133.427	24
133.457	24
133.492	24
133.527	24
133.557	24
133.592	24
133.627	24
133.657	24
133.692	24
133.727	24
133.757	24
133.792	24
133.827	24
133.857	24
133.892	24
133.927	24
133.957	24
133.992	24
134.033	30
134.063	30
134.098	30
134.133	30
134.163	30
134.233	30
134.263	30
134.288	30
134.333	30
134.363	30
134.398	30
134.433	30
134.463	30
134.498	30
134.527	24
134.557	24
134.592	24
134.627	24
134.657	24
134.692	24
134.727	24
134.757	24
134.792	24
134.827	24
134.857	24
134.892	24
134.927	24
134.957	24
134.992	24
135.031	28
135.061	28
135.096	28
135.131	28
135.161	28
135.196	28
135.231	28
135.261	28
135.296	28
135.332	29
135.362	29
135.397	29
135.433	30
135.463	30
135.498	30
135.529	26
135.559	26
135.594	26
135.629	26
135.659	26
135.694	26
135.729	26
135.759	26
135.794	26
135.829	26
135.859	26
135.894	26
135.929	26
135.959	26
135.994	26
136.031	28
136.061	28
136.096	28
136.131	28
136.161	28
136.196	28
136.231	28
136.261	28
136.296	28
136.331	28
136.361	28
136.396	28
136.427	24
136.457	24
136.492	24
136.527	24
136.557	24
136.592	24
136.627	24
136.657	24
136.692	24
136.727	24
136.757	24
136.792	24
136.827	24
136.857	24
136.892	24
136.927	24
136.957	24
136.992	24
137.026	23
137.056	23
137.091	23
137.126	23
137.156	23
137.191	23
137.226	23
137.256	23
137.291	23
137.326	23
137.356	23
137.391	23
137.426	23
137.456	23
137.491	23
137.525	22
137.555	22
137.59	22
137.625	22
137.655	22
137.69	22
137.725	22
137.755	22
137.79	22
137.825	22
137.855	22
137.89	22
137.925	22
137.955	22
137.99	22
138.027	24
138.057	24
138.092	24
138.127	24
138.157	24
138.197	24
138.227	24
138.256	23
138.287	24
138.326	23
138.356	23
138.391	23
138.427	24
138.457	24
138.492	24
138.527	24
138.557	24
138.592	24
138.627	24
138.657	24
138.692	24
138.727	24
138.757	24
138.792	24
138.827	24
138.857	24
138.892	24
138.927	24
138.957	24
138.992	24
139.026	23
139.056	23
139.091	23
139.126	23
139.156	23
139.191	23
139.226	23
139.256	23
139.291	23
139.326	23
139.356	23
139.391	23
139.426	23
139.456	23
139.491	23
139.529	26
139.559	26
139.594	26
139.63	27
139.66	27
139.695	27
139.73	27
139.76	27
139.795	27
139.83	27
139.86	27
139.895	27
139.93	27
139.96	27
139.995	27
140.032	29
140.062	29
140.097	29
140.132	29
140.162	29
140.197	29
140.232	29
140.262	29
140.297	29
140.332	29
140.362	29
140.397	29
140.432	29
140.462	29
140.497	29
140.53	27
140.56	27
140.595	27
140.631	28
140.661	28
140.696	28
140.731	28
140.761	28
140.796	28
140.831	28
140.861	28
140.896	28
140.931	28
140.961	28
140.996	28
141.031	28
141.061	28
141.096	28
141.131	28
141.161	28
141.196	28
141.231	28
141.261	28
141.296	28
141.331	28
141.361	28
141.396	28
141.431	28
141.461	28
141.496	28
141.542	34
141.572	34
141.597	29
141.633	30
141.663	30
141.698	30
141.733	30
141.763	30
141.798	30
141.833	30
141.863	30
141.898	30
141.933	30
141.963	30
141.998	30
142.035	32
142.065	32
142.1	32
142.135	32
142.165	32
142.2	32
142.235	32
142.265	32
142.3	32
142.335	32
142.365	32
142.4	32
142.435	32
142.465	32
142.5	32
142.53	27
142.56	27
142.595	27
142.631	28
142.661	28
142.696	28
142.731	28
142.761	28
142.796	28
142.831	28
142.861	28
142.896	28
142.931	28
142.961	28
142.996	28
143.032	29
143.062	29
143.097	29
143.132	29
143.162	29
143.197	29
143.232	29
143.262	29
143.297	29
143.332	29
143.362	29
143.397	29
143.432	29
143.462	29
143.497	29
143.537	34
143.567	34
143.602	34
143.638	35
143.67	37
143.703	35
143.754	46
143.785	47
143.819	46
143.85	47
143.881	48
143.912	44
143.943	40
143.973	40
144.005	37
144.035	32
144.065	32
144.1	32
144.135	32
144.165	32
144.2	32
144.236	33
144.266	33
144.301	33
144.336	33
144.366	33
144.401	33
144.436	33
144.466	33
144.501	33
144.534	31
144.564	31
144.599	31
144.634	31
144.664	31
144.699	31
144.734	31
144.764	31
144.799	31
144.834	31
144.864	31
144.899	31
144.934	31
144.97	37
145.005	37
145.033	30
145.074	36
145.109	36
145.139	36
145.174	36
145.209	36
145.244	36
145.274	36
145.309	36
145.344	36
145.374	36
145.409	36
145.444	36
145.474	36
145.509	36
145.536	33
145.566	33
145.601	33
145.636	33
145.666	33
145.701	33
145.736	33
145.766	33
145.801	33
145.836	33
145.866	33
145.901	33
145.936	33
145.966	33
146.001	33
146.031	28
146.061	28
146.096	28
146.131	28
146.161	28
146.196	28
146.231	28
146.261	28
146.296	28
146.331	28
146.362	27
146.396	28
146.426	28
146.452	39
146.496	28
146.544	41
146.587	54
146.63	62
146.673	70
146.716	83
146.759	91
146.803	100
146.846	113
146.889	121
146.932	129
146.975	147
147.018	180
147.048	175
147.078	135
147.11	77
147.163	30
147.198	30
147.233	30
147.263	30
147.298	30
147.333	30
147.363	30
147.398	30
147.433	30
147.463	30
147.498	30
147.53	27
147.56	27
147.595	27
147.63	27
147.695	27
147.73	27
147.76	27
147.795	27
147.83	27
147.86	27
147.895	27
147.93	27
147.96	27
147.995	27
148.026	23
148.056	23
148.091	23
148.126	23
148.156	23
148.191	23
148.226	23
148.256	23
148.291	23
148.326	23
148.356	23
148.391	23
148.426	23
148.456	23
148.491	23
148.527	24
148.557	24
148.592	24
148.627	24
148.657	24
148.692	24
148.727	24
148.757	24
148.792	24
148.827	24
148.857	24
148.892	24
148.927	24
148.957	24
148.992	24
149.034	31
149.065	32
149.1	32
149.135	32
149.165	32
149.2	32
149.235	32
149.265	32
149.3	32
149.335	32
149.365	32
149.4	32
149.435	32
149.465	32
149.5	32
149.529	26
149.559	26
149.594	26
149.629	26
149.656	23
149.691	23
149.726	23
149.756	23
149.791	23
149.826	23
149.856	23
149.891	23
149.926	23
149.956	23
149.991	23
150.025	22
150.055	22
150.09	22
150.125	22
150.155	22
150.19	22
150.225	22
150.255	22
150.29	22
150.325	22
150.355	22
150.39	22
150.425	22
150.455	22
150.49	22
150.529	26
150.559	26
150.594	26
150.629	26
150.659	26
150.694	26
150.729	26
150.759	26
150.8	27
150.829	26
150.854	26
150.894	26
150.928	25
150.958	25
150.999	26
151.027	24
151.057	24
151.092	24
151.127	24
151.157	24
151.192	24
151.227	24
151.257	24
151.292	24
151.327	24
151.357	24
151.392	24
151.427	24
151.457	24
151.492	24
151.525	22
151.555	22
151.59	22
151.625	22
151.655	22
151.69	22
151.725	22
151.755	22
151.79	22
151.825	22
151.855	22
151.89	22
151.925	22
151.955	22
151.99	22
152.025	22
152.055	22
152.09	22
152.125	22
152.155	22
152.19	22
152.225	22
152.255	22
152.29	22
152.325	22
152.355	22
152.39	22
152.425	22
152.455	22
152.49	22
152.526	23
152.556	23
152.591	23
152.626	23
152.661	23
152.691	23
152.726	23
152.756	23
152.785	20
152.826	23
152.856	23
152.891	23
152.926	23
152.956	23
152.991	23
153.027	24
153.057	24
153.092	24
153.127	24
153.157	24
153.192	24
153.227	24
153.257	24
153.292	24
153.327	24
153.357	24
153.392	24
153.427	24
153.457	24
153.492	24
153.527	24
153.557	24
153.592	24
153.627	24
153.657	24
153.692	24
153.727	24
153.757	24
153.792	24
153.832	24
153.857	24
153.882	24
153.927	24
153.957	24
153.992	24
154.028	25
154.064	26
154.093	25
154.128	25
154.158	25
154.193	25
154.228	25
154.258	25
154.293	25
154.328	25
154.358	25
154.393	25
154.428	25
154.458	25
154.493	25
154.525	22
154.555	22
154.59	22
154.625	22
154.655	22
154.69	22
154.725	22
154.755	22
154.79	22
154.825	22
154.855	22
154.89	22
154.925	22
154.955	22
154.99	22
155.029	26
155.059	26
155.094	26
155.129	26
155.159	26
155.194	26
155.229	26
155.259	26
155.294	26
155.329	26
155.359	26
155.394	26
155.429	26
155.459	26
155.494	26
155.526	23
155.556	23
155.591	23
155.626	23
155.656	23
155.691	23
155.726	23
155.756	23
155.791	23
155.826	23
155.856	23
155.891	23
155.926	23
155.956	23
155.991	23
156.026	23
156.056	23
156.091	23
156.126	23
156.156	23
156.191	23
156.226	23
156.256	23
156.291	23
156.326	23
156.356	23
156.391	23
156.426	23
156.456	23
156.491	23
156.526	23
156.556	23
156.591	23
156.626	23
156.656	23
156.691	23
156.726	23
156.756	23
156.791	23
156.826	23
156.856	23
156.891	23
156.926	23
156.956	23
156.991	23
157.026	23
157.056	23
157.091	23
157.126	23
157.156	23
157.191	23
157.226	23
157.256	23
157.291	23
157.326	23
157.357	24
157.392	24
157.427	24
157.457	24
157.492	24
157.532	24
157.557	24
157.582	24
157.627	24
157.657	24
157.692	24
157.727	24
157.757	24
157.792	24
157.827	24
157.857	24
157.892	24
157.927	24
157.957	24
157.992	24
158.027	24
158.057	24
158.092	24
158.127	24
158.157	24
158.192	24
158.227	24
158.257	24
158.292	24
158.327	24
158.358	25
158.393	25
158.428	25
158.458	25
158.493	25
158.529	26
158.559	26
158.594	26
158.629	26
158.659	26
158.694	26
158.729	26
158.759	26
158.794	26
158.829	26
158.859	26
158.894	26
158.929	26
158.959	26
158.994	26
159.025	22
159.055	22
159.09	22
159.125	22
159.155	22
159.19	22
159.225	22
159.255	22
159.29	22
159.325	22
159.356	23
159.391	23
159.426	23
159.456	23
159.491	23
159.527	24
159.557	24
159.592	24
159.627	24
159.657	24
159.692	24
159.727	24
159.757	24
159.792	24
159.827	24
159.857	24
159.892	24
159.927	24
159.957	24
159.992	24
160.026	23
160.056	23
160.096	23
160.126	23
160.156	23
160.191	23
160.226	23
160.256	23
160.291	23
160.326	23
160.356	23
160.391	23
160.42	20
160.456	23
160.491	23
160.527	24
160.557	24
160.592	24
160.627	24
160.657	24
160.692	24
160.727	24
160.757	24
160.792	24
160.827	24
160.857	24
160.892	24
160.927	24
160.957	24
160.992	24
161.027	24
161.057	24
161.092	24
161.127	24
161.162	24
161.192	24
161.227	24
161.257	24
161.292	24
161.327	24
161.357	24
161.392	24
161.427	24
161.457	24
161.492	24
161.527	24
161.557	24
161.592	24
161.627	24
161.657	24
161.692	24
161.727	24
161.757	24
161.792	24
161.827	24
161.857	24
161.892	24
161.927	24
161.957	24
161.992	24
162.032	29
162.062	29
162.097	29
162.132	29
162.162	29
162.197	29
162.232	29
162.262	29
162.292	29
162.332	29
162.362	29
162.397	29
162.432	29
162.462	29
162.497	29
162.527	24
162.557	24
162.592	24
162.627	24
162.657	24
162.692	24
162.727	24
162.757	24
162.792	24
162.818	20
162.857	24
162.897	24
162.927	24
162.957	24
162.992	24
163.036	33
163.066	33
163.101	33
163.136	33
163.166	33
163.201	33
163.236	33
163.266	33
163.301	33
163.337	34
163.363	30
163.398	30
163.433	30
163.474	36
163.509	36
163.555	22
163.59	22
163.625	22
163.655	22
163.69	22
163.725	22
163.755	22
163.79	22
163.825	22
163.855	22
163.89	22
163.925	22
163.955	22
163.99	22
164.026	23
164.056	23
164.091	23
164.126	23
164.156	23
164.191	23
164.226	23
164.256	23
164.291	23
164.326	23
164.356	23
164.391	23
164.426	23
164.456	23
164.491	23
164.526	23
164.556	23
164.591	23
164.626	23
164.656	23
164.691	23
164.726	23
164.756	23
164.791	23
164.826	23
164.856	23
164.891	23
164.926	23
164.956	23
164.991	23
165.026	23
165.056	23
165.091	23
165.126	23
165.156	23
165.191	23
165.218	20
165.256	23
165.291	23
165.326	23
165.356	23
165.391	23
165.426	23
165.456	23
165.491	23
165.527	24
165.557	24
165.592	24
165.627	24
165.657	24
165.692	24
165.727	24
165.757	24
165.792	24
165.827	24
165.857	24
165.892	24
165.928	25
165.958	25
165.985	20
166.025	22
166.055	22
166.09	22
166.13	22
166.155	22
166.19	22
166.225	22
166.255	22
166.29	22
166.325	22
166.352	20
166.39	22
166.425	22
166.455	22
166.49	22
166.527	24
166.557	24
166.592	24
166.627	24
166.657	24
166.692	24
166.727	24
166.757	24
166.792	24
166.827	24
166.857	24
166.892	24
166.927	24
166.957	24
166.992	24
167.066	63
167.109	101
167.152	119
167.195	157
167.24	172
167.284	211
167.327	224
167.37	262
167.413	280
167.456	318
167.499	331
167.542	369
167.568	330
167.595	227
167.625	57
167.654	26
167.684	26
167.714	26
167.744	26
167.783	25
167.828	25
167.858	25
167.893	25
167.928	25
167.957	24
167.992	24
168.025	22
168.055	22
168.09	22
168.125	22
168.155	22
168.19	22
168.225	22
168.255	22
168.29	22
168.325	22
168.355	22
168.39	22
168.425	22
168.455	22
168.49	22
168.525	22
168.555	22
168.59	22
168.625	22
168.65	20
168.69	22
168.725	22
168.755	22
168.79	22
168.825	22
168.856	23
168.891	23
168.926	23
168.956	23
168.991	23
169.026	23
169.056	23
169.091	23
169.126	23
169.156	23
169.191	23
169.226	23
169.256	23
169.291	23
169.326	23
169.356	23
169.391	23
169.426	23
169.456	23
169.491	23
169.525	22
169.555	22
169.59	22
169.625	22
169.65	20
169.69	22
169.725	22
169.755	22
169.79	22
169.825	22
169.855	22
169.89	22
169.925	22
169.955	22
169.99	22
170.029	26
170.059	26
170.094	26
170.129	26
170.159	26
170.194	26
170.229	26
170.259	26
170.294	26
170.329	26
170.359	26
170.394	26
170.429	26
170.459	26
170.494	26
170.526	23
170.556	23
170.591	23
170.626	23
170.656	23
170.691	23
170.726	23
170.756	23
170.791	23
170.826	23
170.856	23
170.891	23
170.926	23
170.956	23
170.991	23
171.027	24
171.057	24
171.092	24
171.127	24
171.157	24
171.192	24
171.227	24
171.257	24
171.292	24
171.327	24
171.357	24
171.392	24
171.427	24
171.457	24
171.492	24
171.532	29
171.562	29
171.597	29
171.632	29
171.662	29
171.697	29
171.732	29
171.762	29
171.797	29
171.832	29
171.862	29
171.897	29
171.932	29
171.962	29
171.997	29
172.03	27
172.06	27
172.095	27
172.13	27
172.16	27
172.195	27
172.23	27
172.26	27
172.295	27
172.33	27
172.36	27
172.395	27
172.43	27
172.46	27
172.495	27
172.528	25
172.558	25
172.593	25
172.628	25
172.658	25
172.693	25
172.728	25
172.758	25
172.793	25
172.828	25
172.858	25
172.893	25
172.928	25
172.959	26
172.994	26
173.03	27
173.06	27
173.095	27
173.13	27
173.16	27
173.195	27
173.23	27
173.26	27
173.295	27
173.33	27
173.36	27
173.395	27
173.43	27
173.46	27
173.495	27
173.533	30
173.563	30
173.598	30
173.633	30
173.663	30
173.698	30
173.733	30
173.763	30
173.798	30
173.833	30
173.863	30
173.898	30
173.933	30
173.963	30
173.998	30
174.032	29
174.062	29
174.097	29
174.132	29
174.162	29
174.197	29
174.232	29
174.262	29
174.297	29
174.332	29
174.362	29
174.397	29
174.432	29
174.462	29
174.497	29
174.531	28
174.561	28
174.596	28
174.631	28
174.661	28
174.696	28
174.731	28
174.761	28
174.796	28
174.831	28
174.861	28
174.896	28
174.927	24
174.957	24
174.992	24
175.026	23
175.056	23
175.091	23
175.126	23
175.157	24
175.192	24
175.227	24
175.257	24
175.292	24
175.332	24
175.357	24
175.382	24
175.426	23
175.456	23
175.491	23
175.525	22
175.555	22
175.59	22
175.625	22
175.65	20
175.69	22
175.725	22
175.755	22
175.79	22
175.825	22
175.855	22
175.89	22
175.925	22
175.955	22
175.99	22
176.026	23
176.056	23
176.091	23
176.126	23
176.156	23
176.191	23
176.226	23
176.256	23
176.291	23
176.326	23
176.356	23
176.391	23
176.426	23
176.456	23
176.491	23
176.527	24
176.557	24
176.592	24
176.627	24
176.657	24
176.692	24
176.727	24
176.757	24
176.792	24
176.827	24
176.857	24
176.892	24
176.932	24
176.957	24
176.982	24
177.027	24
177.057	24
177.092	24
177.127	24
177.157	24
177.192	24
177.227	24
177.257	24
177.292	24
177.327	24
177.357	24
177.392	24
177.427	24
177.457	24
177.497	24
177.526	23
177.556	23
177.591	23
177.626	23
177.656	23
177.691	23
177.726	23
177.756	23
177.791	23
177.826	23
177.856	23
177.891	23
177.926	23
177.956	23
177.991	23
178.026	23
178.056	23
178.091	23
178.126	23
178.156	23
178.196	23
178.226	23
178.256	23
178.291	23
178.326	23
178.356	23
178.391	23
178.426	23
178.456	23
178.491	23
178.525	22
178.555	22
178.59	22
178.625	22
178.655	22
178.69	22
178.725	22
178.755	22
178.79	22
178.825	22
178.855	22
178.89	22
178.925	22
178.952	20
178.99	22
179.032	29
179.062	29
179.097	29
179.132	29
179.162	29
179.197	29
179.232	29
179.262	29
179.297	29
179.332	29
179.363	30
179.398	30
179.433	30
179.463	30
179.498	30
179.553	50
179.584	76
179.615	82
179.646	108
179.677	109
179.708	135
179.739	136
179.77	162
179.801	168
179.832	194
179.863	195
179.894	221
179.925	222
179.956	248
179.987	254
180.049	281
180.078	145
180.126	23
180.156	23
180.191	23
180.226	23
180.256	23
180.291	23
180.326	23
180.356	23
180.391	23
180.426	23
180.456	23
180.491	23
180.527	24
180.592	24
180.627	24
180.657	24
180.692	24
180.727	24
180.757	24
180.792	24
180.827	24
180.857	24
180.892	24
180.927	24
180.957	24
180.992	24
181.026	23
181.056	23
181.091	23
181.126	23
181.156	23
181.191	23
181.226	23
181.256	23
181.291	23
181.326	23
181.356	23
181.391	23
181.426	23
181.456	23
181.491	23
181.527	24
181.557	24
181.592	24
181.627	24
181.657	24
181.727	24
181.757	24
181.792	24
181.827	24
181.857	24
181.892	24
181.927	24
181.957	24
181.992	24
182.025	22
182.055	22
182.09	22
182.125	22
182.155	22
182.19	22
182.225	22
182.255	22
182.29	22
182.325	22
182.355	22
182.39	22
182.425	22
182.455	22
182.49	22
182.525	22
182.555	22
182.59	22
182.625	22
182.655	22
182.69	22
182.725	22
182.755	22
182.79	22
182.825	22
182.855	22
182.89	22
182.925	22
182.955	22
182.99	22
183.025	22
183.055	22
183.09	22
183.125	22
183.155	22
183.19	22
183.225	22
183.255	22
183.29	22
183.325	22
183.355	22
183.39	22
183.425	22
183.455	22
183.49	22
183.526	23
183.556	23
183.591	23
183.626	23
183.656	23
183.691	23
183.726	23
183.756	23
183.791	23
183.826	23
183.856	23
183.891	23
183.926	23
183.956	23
183.991	23
184.062	29
184.097	29
184.132	29
184.162	29
184.197	29
184.232	29
184.262	29
184.297	29
184.332	29
184.362	29
184.397	29
184.432	29
184.462	29
184.497	29
184.538	35
184.603	35
184.638	35
184.663	35
184.703	35
184.738	35
184.768	35
184.803	35
184.838	35
184.868	35
184.903	35
184.938	35
184.968	35
185.003	35
185.031	28
185.061	28
185.096	28
185.161	28
185.196	28
185.231	28
185.261	28
185.331	28
185.361	28
185.386	28
185.431	28
185.461	28
185.496	28
185.529	26
185.559	26
185.594	26
185.629	26
185.659	26
185.694	26
185.729	26
185.759	26
185.794	26
185.829	26
185.859	26
185.894	26
185.929	26
185.959	26
185.994	26
186.03	27
186.06	27
186.095	27
186.13	27
186.16	27
186.195	27
186.23	27
186.26	27
186.295	27
186.33	27
186.36	27
186.395	27
186.431	28
186.461	28
186.496	28
186.528	25
186.558	25
186.593	25
186.628	25
186.659	26
186.694	26
186.729	26
186.759	26
186.794	26
186.829	26
186.859	26
186.894	26
186.929	26
186.959	26
186.994	26
187.033	30
187.063	30
187.098	30
187.133	30
187.163	30
187.198	30
187.233	30
187.263	30
187.298	30
187.333	30
187.363	30
187.398	30
187.433	30
187.463	30
187.498	30
187.527	24
187.557	24
187.592	24
187.627	24
187.657	24
187.727	24
187.757	24
187.792	24
187.827	24
187.857	24
187.892	24
187.927	24
187.957	24
187.992	24
188.028	25
188.058	25
188.093	25
188.128	25
188.158	25
188.193	25
188.228	25
188.258	25
188.293	25
188.328	25
188.358	25
188.393	25
188.428	25
188.458	25
188.493	25
188.531	28
188.596	28
188.631	28
188.661	28
188.696	28
188.731	28
188.761	28
188.796	28
188.831	28
188.861	28
188.896	28
188.931	28
188.961	28
188.996	28
189.027	24
189.057	24
189.092	24
189.127	24
189.157	24
189.192	24
189.227	24
189.257	24
189.292	24
189.327	24
189.357	24
189.392	24
189.427	24
189.457	24
189.492	24
189.528	25
189.558	25
189.593	25
189.628	25
189.659	26
189.694	26
189.729	26
189.759	26
189.794	26
189.829	26
189.859	26
189.894	26
189.929	26
189.959	26
189.994	26
190.029	26
190.059	26
190.094	26
190.129	26
190.159	26
190.194	26
190.229	26
190.259	26
190.294	26
190.329	26
190.359	26
190.394	26
190.429	26
190.459	26
190.494	26
190.527	24
190.557	24
190.592	24
190.627	24
190.657	24
190.692	24
190.727	24
190.757	24
190.792	24
190.825	22
190.855	22
190.89	22
190.925	22
190.955	22
190.99	22
191.028	25
191.058	25
191.093	25
191.128	25
191.163	25
191.193	25
191.228	25
191.258	25
191.293	25
191.328	25
191.358	25
191.393	25
191.428	25
191.458	25
191.493	25
191.53	27
191.56	27
191.595	27
191.63	27
191.66	27
191.695	27
191.73	27
191.76	27
191.795	27
191.831	28
191.861	28
191.896	28
191.931	28
191.961	28
191.996	28
192.039	36
192.073	40
192.107	39
192.141	38
192.175	42
192.208	40
192.242	39
192.276	43
192.312	44
192.346	43
192.388	55
192.414	46
192.448	45
192.478	45
192.513	45
192.564	31
192.599	31
192.634	31
192.664	31
192.699	31
192.74	20
192.799	31
192.834	31
192.864	31
192.899	31
192.933	30
192.964	31
192.999	31
193.036	33
193.066	33
193.101	33
193.136	33
193.166	33
193.201	33
193.236	33
193.266	33
193.301	33
193.336	33
193.367	34
193.402	34
193.437	34
193.467	34
193.502	34
193.535	32
193.565	32
193.6	32
193.635	32
193.665	32
193.7	32
193.735	32
193.765	32
193.8	32
193.835	32
193.866	33
193.901	33
193.936	33
193.966	33
194.001	33
194.034	31
194.064	31
194.099	31
194.134	31
194.164	31
194.199	31
194.234	31
194.264	31
194.299	31
194.334	31
194.364	31
194.399	31
194.434	31
194.464	31
194.499	31
194.539	36
194.569	36
194.604	36
194.639	36
194.669	36
194.704	36
194.739	36
194.769	36
194.804	36
194.839	36
194.869	36
194.904	36
194.939	36
194.97	37
195.005	37
195.037	34
195.067	34
195.102	34
195.137	34
195.167	34
195.202	34
195.237	34
195.267	34
195.302	34
195.337	34
195.367	34
195.402	34
195.437	34
195.467	34
195.502	34
195.534	31
195.564	31
195.599	31
195.634	31
195.664	26
195.693	25
195.728	25
195.758	25
195.793	25
195.828	25
195.858	25
195.893	25
195.928	25
195.958	25
195.993	25
196.029	26
196.059	26
196.094	26
196.129	26
196.159	26
196.194	26
196.229	26
196.259	26
196.294	26
196.329	26
196.359	26
196.394	26
196.429	26
196.459	26
196.494	26
196.527	24
196.557	24
196.592	24
196.627	24
196.657	24
196.692	24
196.727	24
196.757	24
196.792	24
196.832	24
196.862	24
196.892	24
196.927	24
196.957	24
196.992	24
197.031	28
197.061	28
197.096	28
197.131	28
197.161	28
197.196	28
197.231	28
197.261	28
197.296	28
197.331	28
197.361	28
197.396	28
197.431	28
197.461	28
197.496	28
197.532	29
197.562	29
197.597	29
197.632	29
197.662	29
197.697	29
197.732	29
197.762	29
197.797	29
197.832	29
197.862	29
197.897	29
197.932	29
197.962	29
197.997	29
198.035	32
198.065	32
198.1	32
198.135	32
198.165	32
198.2	32
198.236	33
198.266	33
198.301	33
198.336	33
198.366	33
198.401	33
198.436	33
198.466	33
198.501	33
198.53	27
198.56	27
198.595	27
198.63	27
198.66	27
198.695	27
198.73	27
198.76	27
198.795	27
198.83	27
198.86	27
198.895	27
198.93	27
198.96	27
198.995	27
199.036	33
199.066	33
199.114	41
199.149	41
199.179	41
199.205	37
199.236	33
199.266	33
199.301	33
199.336	33
199.366	33
199.401	33
199.436	33
199.475	42
199.51	42
199.537	34
199.567	34
199.602	34
199.637	34
199.667	34
199.702	34
199.737	34
199.768	30
199.795	27
199.83	27
199.86	27
199.895	27
199.93	27
199.967	34
200.002	34
200.04	37
200.07	37
200.105	37
200.14	37
200.17	37
200.205	37
200.232	29
200.262	29
200.297	29
200.332	29
200.362	29
200.397	29
200.432	29
200.462	29
200.497	29
200.528	25
200.558	25
200.593	25
200.628	25
200.658	25
200.693	25
200.728	25
200.758	25
200.793	25
200.828	25
200.858	25
200.893	25
200.928	25
200.958	25
200.993	25
201.03	27
201.06	27
201.095	27
201.13	27
201.16	27
201.195	27
201.23	27
201.26	27
201.295	27
201.33	27
201.36	27
201.395	27
201.43	27
201.46	27
201.495	27
201.528	25
201.558	25
201.593	25
201.628	25
201.658	25
201.693	25
201.728	25
201.758	25
201.793	25
201.828	25
201.858	25
201.893	25
201.928	25
201.958	25
201.993	25
202.032	29
202.062	29
202.097	29
202.132	29
202.162	29
202.197	29
202.232	29
202.262	29
202.297	29
202.332	29
202.362	29
202.397	29
202.432	29
202.463	30
202.498	30
202.532	29
202.562	29
202.597	29
202.632	29
202.662	29
202.697	29
202.732	29
202.762	29
202.797	29
202.832	29
202.862	29
202.897	29
202.932	29
202.962	29
202.997	29
203.031	28
203.061	28
203.096	28
203.131	28
203.161	28
203.196	28
203.231	28
203.261	28
203.296	28
203.331	28
203.361	28
203.396	28
203.431	28
203.461	28
203.496	28
203.533	30
203.563	30
203.598	30
203.633	30
203.663	30
203.698	30
203.733	30
203.763	30
203.798	30
203.833	30
203.863	30
203.898	30
203.933	30
203.963	30
203.998	30
204.033	30
204.063	30
204.098	30
204.133	30
204.163	30
204.198	30
204.233	30
204.263	30
204.298	30
204.333	30
204.363	30
204.398	30
204.434	31
204.466	33
204.498	30
204.528	25
204.558	25
204.593	25
204.628	25
204.658	25
204.693	25
204.728	25
204.758	25
204.793	25
204.828	25
204.858	25
204.893	25
204.928	25
204.958	25
204.993	25
205.031	28
205.061	28
205.096	28
205.131	28
205.161	28
205.196	28
205.231	28
205.261	28
205.296	28
205.331	28
205.361	28
205.396	28
205.431	28
205.461	28
205.496	28
205.53	27
205.56	27
205.595	27
205.63	27
205.66	27
205.695	27
205.73	27
205.76	27
205.795	27
205.83	27
205.86	27
205.895	27
205.93	27
205.96	27
205.995	27
206.041	38
206.077	44
206.114	46
206.15	47
206.188	55
206.225	57
206.262	59
206.299	66
206.336	68
206.374	71
206.407	74
206.437	69
206.467	64
206.496	63
206.525	57
206.556	48
206.598	30
206.633	30
206.663	30
206.698	30
206.733	30
206.763	30
206.798	30
206.833	30
206.863	30
206.898	30
206.933	30
206.963	30
206.998	30
207.029	26
207.059	26
207.094	26
207.129	26
207.16	27
207.195	27
207.23	27
207.26	27
207.295	27
207.33	27
207.36	27
207.395	27
207.43	27
207.46	27
207.495	27
207.535	27
207.565	27
207.595	27
207.629	26
207.659	26
207.694	26
207.729	26
207.759	26
207.794	26
207.829	26
207.859	26
207.894	26
207.929	26
207.959	26
207.994	26
208.042	39
208.08	47
208.118	50
208.156	53
208.194	61
208.234	66
208.272	69
208.31	77
208.348	80
208.395	92
208.423	90
208.479	76
208.504	71
208.529	61
208.562	29
208.597	29
208.632	29
208.662	29
208.697	29
208.732	29
208.762	29
208.797	29
208.832	29
208.862	29
208.897	29
208.932	29
208.962	29
208.997	29
209.032	29
209.062	29
209.097	29
209.132	29
209.162	29
209.197	29
209.232	29
209.262	29
209.297	29
209.332	29
209.362	29
209.397	29
209.432	29
209.462	29
209.497	29
209.533	30
209.563	30
209.598	30
209.633	30
209.663	30
209.698	30
209.733	30
209.764	31
209.799	31
209.834	31
209.864	31
209.899	31
209.934	31
209.964	31
209.999	31
210.031	28
210.061	28
210.096	28
210.131	28
210.161	28
210.196	28
210.231	28
210.261	28
210.296	28
210.331	28
210.361	28
210.396	28
210.431	28
210.461	28
210.496	28
210.567	34
210.602	34
210.627	34
210.666	33
210.701	33
210.736	33
210.767	34
210.802	34
210.837	34
210.867	34
210.902	34
210.937	34
210.967	34
211.002	34
211.03	27
211.06	27
211.095	27
211.13	27
211.16	27
211.195	27
211.23	27
211.26	27
211.295	27
211.33	27
211.36	27
211.395	27
211.43	27
211.46	27
211.495	27
211.531	28
211.561	28
211.596	28
211.631	28
211.661	28
211.696	28
211.731	28
211.761	28
211.796	28
211.831	28
211.861	28
211.896	28
211.931	28
211.961	28
211.996	28
212.033	30
212.063	30
212.098	30
212.133	30
212.163	30
212.198	30
212.233	30
212.263	30
212.298	30
212.333	30
212.363	30
212.398	30
212.434	31
212.464	31
212.499	31
212.536	33
212.566	33
212.601	33
212.636	33
212.666	33
212.701	33
212.736	33
212.766	33
212.801	33
212.836	33
212.866	33
212.901	33
212.936	33
212.966	33
213.001	33
213.038	35
213.068	35
213.103	35
213.138	35
213.168	35
213.203	35
213.238	35
213.268	35
213.303	35
213.338	35
213.368	35
213.438	35
213.468	35
213.498	35
213.534	31
213.564	31
213.599	31
213.634	31
213.664	31
213.699	31
213.734	31
213.764	31
213.799	31
213.834	31
213.864	31
213.899	31
213.934	31
213.964	31
213.999	31
214.041	38
214.071	38
214.107	22
214.141	38
214.171	38
214.206	38
214.242	39
214.27	37
214.305	37
214.34	37
214.37	37
214.405	37
214.44	37
214.47	37
214.505	37
214.533	30
214.563	30
214.598	30
214.633	30
214.663	30
214.698	30
214.733	30
214.763	30
214.798	30
214.833	30
214.863	30
214.898	30
214.933	30
214.963	30
214.998	30
215.034	31
215.064	31
215.099	31
215.134	31
215.164	31
215.199	31
215.234	31
215.264	31
215.299	31
215.334	31
215.364	31
215.399	31
215.434	31
215.464	31
215.499	31
215.536	33
215.566	33
215.601	33
215.636	33
215.666	33
215.701	33
215.736	33
215.766	33
215.801	33
215.836	33
215.866	33
215.901	33
215.936	33
215.966	33
216.001	33
216.032	29
216.058	25
216.093	25
216.128	25
216.158	25
216.193	25
216.228	25
216.258	25
216.293	25
216.328	25
216.358	25
216.393	25
216.428	25
216.458	25
216.493	25
216.525	22
216.555	22
216.59	22
216.625	22
216.655	22
216.69	22
216.725	22
216.755	22
216.79	22
216.825	22
216.855	22
216.89	22
216.925	22
216.955	22
216.99	22
217.026	23
217.056	23
217.091	23
217.126	23
217.156	23
217.191	23
217.226	23
217.256	23
217.291	23
217.326	23
217.356	23
217.391	23
217.426	23
217.456	23
217.491	23
217.527	24
217.557	24
217.592	24
217.627	24
217.657	24
217.692	24
217.727	24
217.757	24
217.792	24
217.827	24
217.857	24
217.892	24
217.927	24
217.957	24
217.992	24
218.02	20
218.056	23
218.091	23
218.126	23
218.161	23
218.191	23
218.226	23
218.256	23
218.291	23
218.326	23
218.356	23
218.391	23
218.426	23
218.456	23
218.491	23
218.53	27
218.56	27
218.595	27
218.63	27
218.66	27
218.695	27
218.73	27
218.76	27
218.795	27
218.83	27
218.86	27
218.895	27
218.93	27
218.96	27
218.995	27
219.025	22
219.055	22
219.09	22
219.125	22
219.155	22
219.19	22
219.225	22
219.255	22
219.29	22
219.325	22
219.355	22
219.39	22
219.425	22
219.455	22
219.49	22
219.526	23
219.556	23
219.591	23
219.626	23
219.656	23
219.691	23
219.726	23
219.756	23
219.791	23
219.826	23
219.856	23
219.891	23
219.926	23
219.956	23
219.991	23
220.025	22
220.055	22
220.09	22
220.125	22
220.155	22
220.19	22
220.225	22
220.255	22
220.29	22
220.325	22
220.355	22
220.39	22
220.425	22
220.455	22
220.49	22
220.526	23
220.556	23
220.591	23
220.626	23
220.656	23
220.691	23
220.726	23
220.756	23
220.791	23
220.826	23
220.856	23
220.891	23
220.926	23
220.956	23
220.991	23
221.045	42
221.089	56
221.133	65
221.177	74
221.221	88
221.266	98
221.311	108
221.356	123
221.401	133
221.454	151
221.483	150
221.512	144
221.542	139
221.577	74
221.634	31
221.663	30
221.698	30
221.733	30
221.763	30
221.798	30
221.833	30
221.863	30
221.898	30
221.933	30
221.963	30
221.998	30
222.029	26
222.059	26
222.094	26
222.129	26
222.159	26
222.194	26
222.229	26
222.259	26
222.294	26
222.359	26
222.394	26
222.429	26
222.459	26
222.494	26
222.533	30
222.563	30
222.598	30
222.633	30
222.663	30
222.698	30
222.733	30
222.763	30
222.798	30
222.833	30
222.863	30
222.898	30
222.933	30
222.963	30
222.998	30
223.028	25
223.058	25
223.084	20
223.128	25
223.158	25
223.193	25
223.228	25
223.259	26
223.294	26
223.329	26
223.359	26
223.394	26
223.429	26
223.459	26
223.494	26
223.526	23
223.556	23
223.584	20
223.626	23
223.656	23
223.691	23
223.726	23
223.756	23
223.791	23
223.826	23
223.856	23
223.891	23
223.926	23
223.956	23
223.991	23
224.028	25
224.058	25
224.084	20
224.128	25
224.158	25
224.193	25
224.228	25
224.258	25
224.293	25
224.328	25
224.358	25
224.393	25
224.428	25
224.459	26
224.494	26
224.527	24
224.557	24
224.584	20
224.657	24
224.692	24
224.727	24
224.757	24
224.792	24
224.827	24
224.857	24
224.892	24
224.927	24
224.957	24
224.992	24
225.103	70
225.145	77
225.185	82
225.225	97
225.265	127
225.305	137
225.344	141
225.383	150
225.423	180
225.462	194
225.5	197
225.538	205
225.563	60
225.591	23
225.626	23
225.656	23
225.691	23
225.726	23
225.756	23
225.791	23
225.826	23
225.856	23
225.891	23
225.926	23
225.956	23
225.991	23
226.027	24
226.057	24
226.084	20
226.127	24
226.157	24
226.192	24
226.227	24
226.257	24
226.292	24
226.327	24
226.357	24
226.392	24
226.427	24
226.457	24
226.492	24
226.565	62
226.608	75
226.654	86
226.698	95
226.741	108
226.829	126
226.872	139
226.916	148
226.96	157
227.004	171
227.047	194
227.083	180
227.119	156
227.154	151
227.19	127
227.226	123
227.263	60
227.3	32
227.335	32
227.365	32
227.435	32
227.465	32
227.507	34
227.556	23
227.586	23
227.626	23
227.656	23
227.691	23
227.726	23
227.756	23
227.791	23
227.856	23
227.891	23
227.926	23
227.956	23
227.991	23
228.025	22
228.055	22
228.084	20
228.125	22
228.19	22
228.225	22
228.255	22
228.29	22
228.325	22
228.355	22
228.39	22
228.425	22
228.455	22
228.49	22
228.525	22
228.555	22
228.584	20
228.625	22
228.655	22
228.69	22
228.725	22
228.755	22
228.79	22
228.825	22
228.855	22
228.89	22
228.925	22
228.955	22
228.99	22
229.025	22
229.055	22
229.084	20
229.125	22
229.155	22
229.19	22
229.225	22
229.29	22
229.325	22
229.355	22
229.39	22
229.425	22
229.49	22
229.528	25
229.558	25
229.584	20
229.628	25
229.658	25
229.693	25
229.728	25
229.758	25
229.793	25
229.828	25
229.858	25
229.893	25
229.928	25
229.958	25
229.993	25
230.025	22
230.055	22
230.084	20
230.125	22
230.155	22
230.19	22
230.225	22
230.255	22
230.29	22
230.325	22
230.355	22
230.39	22
230.425	22
230.455	22
230.49	22
230.526	23
230.556	23
230.584	20
230.626	23
230.656	23
230.691	23
230.726	23
230.756	23
230.791	23
230.826	23
230.856	23
230.891	23
230.956	23
230.991	23
231.027	24
231.057	24
231.084	20
231.127	24
231.157	24
231.192	24
231.227	24
231.292	24
231.327	24
231.357	24
231.392	24
231.427	24
231.457	24
231.492	24
231.528	25
231.558	25
231.584	20
231.628	25
231.658	25
231.693	25
231.728	25
231.758	25
231.793	25
231.828	25
231.858	25
231.893	25
231.928	25
231.958	25
231.993	25
232.033	30
232.063	30
232.098	30
232.133	30
232.163	30
232.198	30
232.233	30
232.263	30
232.298	30
232.333	30
232.364	31
232.399	31
232.434	31
232.464	31
232.499	31
232.527	24
232.557	24
232.584	20
232.627	24
232.657	24
232.692	24
232.727	24
232.757	24
232.792	24
232.827	24
232.857	24
232.892	24
232.927	24
232.957	24
232.992	24
233.045	42
233.075	42
233.11	42
233.145	42
233.175	42
233.21	42
233.245	42
233.275	42
233.31	42
233.345	42
233.375	42
233.41	42
233.445	42
233.475	42
233.51	42
233.558	25
233.584	20
233.628	25
233.658	25
233.693	25
233.728	25
233.758	25
233.793	25
233.828	25
233.858	25
233.893	25
233.928	25
233.958	25
233.993	25
234.028	25
234.058	25
234.084	20
234.128	25
234.158	25
234.193	25
234.228	25
234.258	25
234.293	25
234.358	25
234.393	25
234.428	25
234.458	25
234.493	25
234.526	23
234.556	23
234.584	20
234.626	23
234.656	23
234.691	23
234.726	23
234.756	23
234.791	23
234.826	23
234.856	23
234.891	23
234.926	23
234.956	23
234.991	23
235.026	23
235.056	23
235.084	20
235.126	23
235.156	23
235.191	23
235.226	23
235.256	23
235.291	23
235.326	23
235.356	23
235.391	23
235.426	23
235.456	23
235.53	27
235.56	27
235.595	27
235.63	27
235.66	27
235.695	27
235.73	27
235.76	27
235.795	27
235.83	27
235.86	27
235.895	27
235.93	27
235.96	27
236.028	25
236.058	25
236.084	20
236.128	25
236.158	25
236.188	25
236.227	24
236.257	24
236.292	24
236.327	24
236.357	24
236.392	24
236.427	24
236.457	24
236.492	24
236.53	27
236.56	27
236.63	27
236.66	27
236.695	27
236.76	27
236.795	27
236.83	27
236.86	27
236.895	27
236.93	27
236.96	27
236.995	27
237.029	26
237.059	26
237.084	20
237.129	26
237.159	26
237.194	26
237.229	26
237.259	26
237.294	26
237.329	26
237.359	26
237.394	26
237.429	26
237.459	26
237.494	26
237.529	26
237.559	26
237.584	20
237.629	26
237.659	26
237.694	26
237.729	26
237.759	26
237.829	26
237.859	26
237.894	26
237.959	26
237.994	26
238.028	25
238.058	25
238.084	20
238.128	25
238.158	25
238.228	25
238.258	25
238.293	25
238.328	25
238.358	25
238.393	25
238.428	25
238.458	25
238.493	25
238.528	25
238.558	25
238.593	25
238.628	25
238.658	25
238.693	25
238.758	25
238.793	25
238.828	25
238.858	25
238.893	25
238.928	25
238.958	25
238.993	25
239.029	26
239.059	26
239.084	20
239.129	26
239.159	26
239.194	26
239.229	26
239.259	26
239.294	26
239.329	26
239.359	26
239.394	26
239.429	26
239.459	26
239.494	26
239.528	25
239.558	25
239.584	20
239.628	25
239.658	25
239.693	25
239.728	25
239.758	25
239.793	25
239.828	25
239.859	26
239.894	26
239.929	26
239.959	26
239.994	26
240.026	23
240.056	23
240.084	20
240.126	23
240.156	23
240.191	23
240.226	23
240.256	23
240.291	23
240.326	23
240.356	23
240.391	23
240.426	23
240.456	23
240.491	23
240.528	25
240.558	25
240.584	20
240.628	25
240.658	25
240.693	25
240.728	25
240.758	25
240.793	25
240.828	25
240.858	25
240.893	25
240.928	25
240.958	25
240.993	25
241.029	26
241.059	26
241.084	20
241.129	26
241.159	26
241.194	26
241.23	27
241.26	27
241.295	27
241.33	27
241.36	27
241.395	27
241.43	27
241.46	27
241.495	27
241.54	37
241.57	37
241.605	37
241.64	37
241.67	37
241.705	37
241.74	37
241.77	37
241.805	37
241.84	37
241.87	37
241.905	37
241.94	37
241.97	37
242.005	37
242.057	24
242.084	20
242.127	24
242.157	24
242.192	24
242.227	24
242.257	24
242.292	24
242.327	24
242.357	24
242.392	24
242.427	24
242.457	24
242.492	24
242.535	32
242.565	32
242.635	32
242.665	32
242.69	32
242.735	32
242.765	32
242.8	32
242.835	32
242.865	32
242.9	32
242.935	32
242.965	32
243	32
243.04	37
243.07	37
243.105	37
243.14	37
243.17	37
243.205	37
243.241	38
243.271	38
243.306	38
243.341	38
243.371	38
243.406	38
243.441	38
243.471	38
243.506	38
243.54	37
243.57	37
243.605	37
243.64	37
243.67	37
243.705	37
243.741	38
243.771	38
243.806	38
243.841	38
243.871	38
243.906	38
243.941	38
243.971	38
244.006	38
244.056	23
244.084	20
244.126	23
244.156	23
244.191	23
244.226	23
244.256	23
244.291	23
244.356	23
244.391	23
244.426	23
244.455	22
244.49	22
244.527	24
244.557	24
244.584	20
244.627	24
244.657	24
244.692	24
244.727	24
244.757	24
244.792	24
244.827	24
244.857	24
244.892	24
244.927	24
244.957	24
244.992	24
245.03	27
245.06	27
245.095	27
245.13	27
245.16	27
245.195	27
245.23	27
245.26	27
245.295	27
245.33	27
245.36	27
245.395	27
245.43	27
245.461	28
245.496	28
245.532	29
245.562	29
245.597	29
245.632	29
245.662	29
245.697	29
245.732	29
245.762	29
245.797	29
245.832	29
245.862	29
245.897	29
245.932	29
245.962	29
245.997	29
246.032	29
246.062	29
246.087	29
246.132	29
246.162	29
246.197	29
246.232	29
246.262	29
246.297	29
246.332	29
246.362	29
246.397	29
246.432	29
246.462	29
246.497	29
246.53	27
246.56	27
246.595	27
246.63	27
246.66	27
246.702	29
246.73	27
246.755	27
246.795	27
246.829	26
246.859	26
246.894	26
246.929	26
246.959	26
246.994	26
247.03	27
247.06	27
247.095	27
247.13	27
247.16	27
247.195	27
247.23	27
247.26	27
247.295	27
247.33	27
247.36	27
247.395	27
247.43	27
247.46	27
247.485	20
247.531	28
247.561	28
247.596	28
247.631	28
247.661	28
247.696	28
247.731	28
247.761	28
247.796	28
247.831	28
247.861	28
247.896	28
247.931	28
247.961	28
247.996	28
248.028	25
248.058	25
248.093	25
248.128	25
248.158	25
248.193	25
248.228	25
248.258	25
248.293	25
248.328	25
248.358	25
248.393	25
248.428	25
248.458	25
248.493	25
248.532	29
248.562	29
248.597	29
248.632	29
248.662	29
248.697	29
248.732	29
248.762	29
248.797	29
248.832	29
248.862	29
248.897	29
248.932	29
248.962	29
248.997	29
249.031	28
249.061	28
249.096	28
249.131	28
249.161	28
249.196	28
249.231	28
249.261	28
249.296	28
249.331	28
249.361	28
249.396	28
249.431	28
249.461	28
249.496	28
249.527	24
249.557	24
249.592	24
249.627	24
249.657	24
249.692	24
249.727	24
249.757	24
249.792	24
249.827	24
249.857	24
249.892	24
249.927	24
249.957	24
249.992	24
250.029	26
250.059	26
250.094	26
250.124	26
250.159	26
250.194	26
250.224	26
250.259	26
250.294	26
250.324	26
250.359	26
250.394	26
250.424	26
250.459	26
250.494	26
250.528	25
250.556	23
250.591	23
250.621	23
250.656	23
250.691	23
250.721	23
250.756	23
250.791	23
250.821	23
250.856	23
250.891	23
250.921	23
250.956	23
250.991	23
251.021	23
251.058	25
251.093	25
251.129	26
251.158	25
251.193	25
251.223	25
251.258	25
251.293	25
251.323	25
251.358	25
251.393	25
251.423	25
251.458	25
251.493	25
251.523	25
251.57	37
251.605	37
251.64	42
251.677	44
251.717	49
251.755	57
251.794	61
251.832	64
251.871	73
251.909	91
251.935	97
251.961	88
251.987	84
252.019	86
252.045	47
252.09	22
252.12	22
252.155	22
252.19	22
252.221	23
252.256	23
252.291	23
252.321	23
252.361	23
252.391	23
252.421	23
252.455	22
252.49	22
252.52	22
252.558	25
252.593	25
252.623	25
252.65	20
252.693	25
252.723	25
252.758	25
252.793	25
252.823	25
252.858	25
252.893	25
252.923	25
252.958	25
252.993	25
253.023	25
253.057	24
253.092	24
253.122	24
253.157	24
253.192	24
253.222	24
253.257	24
253.292	24
253.322	24
253.357	24
253.392	24
253.422	24
253.457	24
253.492	24
253.522	24
253.557	24
253.592	24
253.622	24
253.657	24
253.692	24
253.722	24
253.757	24
253.792	24
253.822	24
253.857	24
253.892	24
253.923	25
253.958	25
253.985	20
254.023	25
254.061	28
254.096	28
254.126	28
254.161	28
254.196	28
254.226	28
254.261	28
254.296	28
254.326	28
254.37	32
254.396	28
254.426	28
254.461	28
254.496	28
254.526	28
254.558	25
254.593	25
254.623	25
254.658	25
254.693	25
254.723	25
254.758	25
254.793	25
254.823	25
254.858	25
254.893	25
254.923	25
254.958	25
254.993	25
255.023	25
255.058	25
255.093	25
255.123	25
255.158	25
255.193	25
255.223	25
255.258	25
255.293	25
255.323	25
255.358	25
255.393	25
255.423	25
255.458	25
255.493	25
255.523	25
255.557	24
255.592	24
255.622	24
255.657	24
255.692	24
255.722	24
255.757	24
255.792	24
255.822	24
255.857	24
255.892	24
255.922	24
255.957	24
255.992	24
256.022	24
256.056	23
256.091	23
256.121	23
256.156	23
256.191	23
256.221	23
256.256	23
256.291	23
256.321	23
256.356	23
256.391	23
256.421	23
256.456	23
256.491	23
256.521	23
256.55	20
256.592	24
256.622	24
256.657	24
256.692	24
256.722	24
256.757	24
256.792	24
256.822	24
256.857	24
256.892	24
256.922	24
256.957	24
256.992	24
257.022	24
257.057	24
257.092	24
257.122	24
257.157	24
257.192	24
257.222	24
257.257	24
257.292	24
257.322	24
257.357	24
257.384	20
257.422	24
257.457	24
257.492	24
257.522	24
257.559	26
257.594	26
257.624	26
257.659	26
257.694	26
257.724	26
257.759	26
257.794	26
257.824	26
257.859	26
257.894	26
257.924	26
257.959	26
257.994	26
258.024	26
258.058	25
258.093	25
258.123	25
258.158	25
258.193	25
258.223	25
258.258	25
258.293	25
258.323	25
258.358	25
258.393	25
258.423	25
258.458	25
258.493	25
258.523	25
258.561	28
258.596	28
258.626	28
258.661	28
258.696	28
258.726	28
258.761	28
258.796	28
258.826	28
258.861	28
258.896	28
258.926	28
258.961	28
258.996	28
259.026	28
259.06	27
259.095	27
259.125	27
259.16	27
259.195	27
259.225	27
259.26	27
259.295	27
259.325	27
259.36	27
259.395	27
259.425	27
259.46	27
259.495	27
259.53	27
259.557	24
259.592	24
259.622	24
259.657	24
259.692	24
259.722	24
259.757	24
259.792	24
259.822	24
259.857	24
259.892	24
259.922	24
259.957	24
259.992	24
260.022	24
260.062	29
260.097	29
260.127	29
260.162	29
260.207	34
260.237	34
260.262	29
260.292	29
260.327	29
260.362	29
260.397	29
260.427	29
260.462	29
260.497	29
260.527	29
260.563	30
260.598	30
260.638	35
260.673	35
260.703	35
260.728	30
260.763	30
260.798	30
260.828	30
260.863	30
260.898	30
260.928	30
260.963	30
260.998	30
261.028	30
261.055	22
261.09	22
261.12	22
261.155	22
261.19	22
261.22	22
261.255	22
261.29	22
261.321	23
261.356	23
261.391	23
261.421	23
261.456	23
261.491	23
261.521	23
261.557	24
261.592	24
261.622	24
261.657	24
261.692	24
261.722	24
261.757	24
261.792	24
261.822	24
261.857	24
261.892	24
261.922	24
261.957	24
261.992	24
262.022	24
262.058	25
262.099	26
262.129	26
262.158	25
262.193	25
262.235	20
262.264	26
262.293	25
262.323	25
262.358	25
262.393	25
262.423	25
262.458	25
262.493	25
262.523	25
262.55	20
262.594	26
262.624	26
262.659	26
262.694	26
262.724	26
262.759	26
262.794	26
262.824	26
262.85	20
262.894	26
262.924	26
262.959	26
262.994	26
263.024	26
263.057	24
263.092	24
263.122	24
263.151	20
263.192	24
263.222	24
263.257	24
263.292	24
263.322	24
263.357	24
263.392	24
263.422	24
263.458	25
263.493	25
263.523	25
263.558	25
263.593	25
263.623	25
263.658	25
263.693	25
263.723	25
263.758	25
263.793	25
263.823	25
263.858	25
263.893	25
263.923	25
263.958	25
263.993	25
264.023	25
264.061	28
264.096	28
264.126	28
264.161	28
264.196	28
264.226	28
264.261	28
264.296	28
264.326	28
264.361	28
264.404	31
264.436	33
264.465	32
264.497	29
264.526	28
264.559	26
264.594	26
264.624	26
264.659	26
264.694	26
264.724	26
264.759	26
264.794	26
264.824	26
264.859	26
264.894	26
264.924	26
264.959	26
264.994	26
265.024	26
265.063	30
265.098	30
265.128	30
265.163	30
265.198	30
265.228	30
265.263	30
265.298	30
265.328	30
265.363	30
265.398	30
265.425	27
265.46	27
265.503	35
265.536	38
265.568	35
265.599	31
265.631	33
265.663	30
265.708	40
265.739	41
265.773	40
265.804	56
265.836	63
265.866	63
265.896	58
265.926	53
265.964	31
265.999	31
266.029	31
266.057	24
266.092	24
266.122	24
266.157	24
266.192	24
266.222	24
266.257	24
266.292	24
266.322	24
266.357	24
266.392	24
266.422	24
266.457	24
266.492	24
266.522	24
266.558	25
266.593	25
266.623	25
266.658	25
266.693	25
266.723	25
266.758	25
266.793	25
266.823	25
266.858	25
266.893	25
266.923	25
266.958	25
266.993	25
267.023	25
267.058	25
267.093	25
267.123	25
267.158	25
267.193	25
267.223	25
267.258	25
267.293	25
267.323	25
267.358	25
267.393	25
267.423	25
267.458	25
267.484	20
267.523	25
267.557	24
267.592	24
267.622	24
267.657	24
267.692	24
267.722	24
267.757	24
267.792	24
267.822	24
267.857	24
267.892	24
267.922	24
267.957	24
267.997	24
268.022	24
268.051	28
268.096	28
268.126	28
268.161	28
268.196	28
268.226	28
268.261	28
268.296	28
268.326	28
268.361	28
268.396	28
268.426	28
268.461	28
268.496	28
268.526	28
268.563	30
268.598	30
268.628	30
268.664	31
268.699	31
268.729	31
268.764	31
268.799	31
268.829	31
268.864	31
268.899	31
268.929	31
268.964	31
268.999	31
269.029	31
269.058	25
269.093	25
269.123	25
269.158	25
269.193	25
269.223	25
269.258	25
269.293	25
269.323	25
269.358	25
269.393	25
269.423	25
269.458	25
269.493	25
269.523	25
269.559	26
269.594	26
269.624	26
269.659	26
269.694	26
269.724	26
269.759	26
269.794	26
269.824	26
269.859	26
269.894	26
269.924	26
269.959	26
269.994	26
270.024	26
270.059	26
270.094	26
270.124	26
270.159	26
270.194	26
270.224	26
270.259	26
270.294	26
270.324	26
270.359	26
270.394	26
270.424	26
270.459	26
270.494	26
270.524	26
270.565	32
270.6	32
270.63	32
270.665	32
270.7	32
270.73	32
270.765	32
270.8	32
270.83	32
270.865	32
270.9	32
270.93	32
270.965	32
271	32
271.03	32
271.059	26
271.094	26
271.124	26
271.159	26
271.184	20
271.224	26
271.259	26
271.294	26
271.324	26
271.359	26
271.394	26
271.424	26
271.466	28
271.494	26
271.519	26
271.558	25
271.593	25
271.623	25
271.658	25
271.693	25
271.723	25
271.758	25
271.793	25
271.823	25
271.858	25
271.893	25
271.923	25
271.958	25
271.993	25
272.023	25
272.057	24
272.092	24
272.122	24
272.157	24
272.192	24
272.222	24
272.262	24
272.292	24
272.322	24
272.357	24
272.392	24
272.422	24
272.457	24
272.492	24
272.522	24
272.557	24
272.597	24
272.622	24
272.647	24
272.692	24
272.722	24
272.757	24
272.792	24
272.822	24
272.857	24
272.892	24
272.922	24
272.957	24
272.992	24
273.022	24
273.058	25
273.093	25
273.123	25
273.158	25
273.193	25
273.223	25
273.258	25
273.293	25
273.323	25
273.358	25
273.393	25
273.423	25
273.458	25
273.493	25
273.523	25
273.559	26
273.594	26
273.624	26
273.65	20
273.694	26
273.724	26
273.76	27
273.795	27
273.825	27
273.86	27
273.895	27
273.925	27
273.958	25
273.993	25
274.023	25
274.061	28
274.096	28
274.126	28
274.161	28
274.196	28
274.221	26
274.261	28
274.296	28
274.326	28
274.361	28
274.396	28
274.426	28
274.461	28
274.496	28
274.526	28
274.559	26
274.594	26
274.624	26
274.659	26
274.694	26
274.724	26
274.751	20
274.794	26
274.824	26
274.859	26
274.894	26
274.924	26
274.959	26
274.994	26
275.024	26
275.058	25
275.093	25
275.123	25
275.159	26
275.194	26
275.224	26
275.259	26
275.294	26
275.324	26
275.359	26
275.394	26
275.424	26
275.459	26
275.494	26
275.53	32
275.559	26
275.594	26
275.624	26
275.659	26
275.694	26
275.724	26
275.759	26
275.794	26
275.824	26
275.859	26
275.894	26
275.924	26
275.959	26
275.994	26
276.024	26
276.058	25
276.093	25
276.123	25
276.158	25
276.193	25
276.223	25
276.258	25
276.293	25
276.323	25
276.358	25
276.393	25
276.423	25
276.458	25
276.493	25
276.523	25
276.559	26
276.594	26
276.624	26
276.659	26
276.694	26
276.724	26
276.759	26
276.8	32
276.83	32
276.86	27
276.894	26
276.924	26
276.959	26
276.984	26
277.024	26
277.058	25
277.093	25
277.123	25
277.158	25
277.193	25
277.223	25
277.258	25
277.283	25
277.323	25
277.358	25
277.393	25
277.423	25
277.458	25
277.493	25
277.523	25
277.561	28
277.596	28
277.626	28
277.662	29
277.697	29
277.727	29
277.762	29
277.806	38
277.836	38
277.862	29
277.889	46
277.916	43
277.945	42
277.971	38
277.997	29
278.027	29
278.057	24
278.092	24
278.122	24
278.157	24
278.192	24
278.222	24
278.257	24
278.292	24
278.322	24
278.357	24
278.392	24
278.422	24
278.457	24
278.492	24
278.522	24
278.557	24
278.592	24
278.622	24
278.657	24
278.692	24
278.722	24
278.757	24
278.792	24
278.822	24
278.857	24
278.892	24
278.922	24
278.958	25
278.993	25
279.023	25
279.061	28
279.096	28
279.126	28
279.161	28
279.196	28
279.223	45
279.25	47
279.279	41
279.305	37
279.336	38
279.362	29
279.389	31
279.416	43
279.444	41
279.471	38
279.497	29
279.527	29
279.559	26
279.594	26
279.624	26
279.65	20
279.694	26
279.724	26
279.76	27
279.795	27
279.825	27
279.85	20
279.895	27
279.925	27
279.96	27
279.995	27
280.025	27
280.05	20
280.08	42
280.106	38
280.136	38
280.162	29
280.197	29
280.227	29
280.262	29
280.297	29
280.327	29
280.362	29
280.397	29
280.427	29
280.462	29
280.497	29
280.527	29
280.559	26
280.594	26
280.624	26
280.659	26
280.694	26
280.724	26
280.759	26
280.794	26
280.824	26
280.859	26
280.894	26
280.924	26
280.959	26
280.994	26
281.024	26
281.06	27
281.095	27
281.125	27
281.16	27
281.195	27
281.226	28
281.261	28
281.296	28
281.325	27
281.36	27
281.395	27
281.425	27
281.46	27
281.495	27
281.525	27
281.559	26
281.584	20
281.624	26
281.659	26
281.694	26
281.724	26
281.759	26
281.794	26
281.824	26
281.859	26
281.894	26
281.924	26
281.959	26
281.994	26
282.024	26
282.061	28
282.096	28
282.126	28
282.161	28
282.196	28
282.224	26
282.259	26
282.294	26
282.324	26
282.359	26
282.394	26
282.422	44
282.45	47
282.48	42
282.508	35
282.536	33
282.564	31
282.593	25
282.624	26
282.659	26
282.694	26
282.724	26
282.759	26
282.794	26
282.824	26
282.859	26
282.894	26
282.924	26
282.959	26
282.994	26
283.024	26
283.05	47
283.079	41
283.105	37
283.132	34
283.158	55
283.185	47
283.211	43
283.238	40
283.266	63
283.295	57
283.323	55
283.352	54
283.381	78
283.409	71
283.437	69
283.466	68
283.494	91
283.53	92
283.56	87
283.589	86
283.618	60
283.647	49
283.676	43
283.702	34
283.732	34
283.76	27
283.795	27
283.825	27
283.86	27
283.895	27
283.925	27
283.96	27
283.995	27
284.025	27
284.062	29
284.097	29
284.127	29
284.162	29
284.197	29
284.227	29
284.272	39
284.297	29
284.327	29
284.356	48
284.384	46
284.416	43
284.446	43
284.471	38
284.497	29
284.527	29
284.56	27
284.595	27
284.625	27
284.66	27
284.695	27
284.725	27
284.76	27
284.795	27
284.825	27
284.854	36
284.895	27
284.925	27
284.96	27
284.995	27
285.025	27
285.057	24
285.092	24
285.122	24
285.157	24
285.192	24
285.222	24
285.257	24
285.292	24
285.322	24
285.358	25
285.393	25
285.423	25
285.458	25
285.493	25
285.523	25
285.552	34
285.594	26
285.624	26
285.659	26
285.694	26
285.724	26
285.76	27
285.795	27
285.825	27
285.86	27
285.895	27
285.925	27
285.96	27
285.995	27
286.025	27
286.061	28
286.096	28
286.126	28
286.161	28
286.196	28
286.226	28
286.261	28
286.296	28
286.326	28
286.361	28
286.396	28
286.426	28
286.461	28
286.496	28
286.523	45
286.558	25
286.593	25
286.623	25
286.658	25
286.683	25
286.723	25
286.758	25
286.799	31
286.834	31
286.863	30
286.893	25
286.923	25
286.958	25
286.988	25
287.023	25
287.062	29
287.097	29
287.127	29
287.162	29
287.207	39
287.237	39
287.262	29
287.292	49
287.321	48
287.35	47
287.382	44
287.407	39
287.437	39
287.469	36
287.496	28
287.526	28
287.559	26
287.594	26
287.624	26
287.659	26
287.694	26
287.724	26
287.75	20
287.794	26
287.824	26
287.859	26
287.894	26
287.924	26
287.95	20
287.994	26
288.025	27
288.057	24
288.092	24
288.122	24
288.157	24
288.192	24
288.222	24
288.257	24
288.292	24
288.322	24
288.357	24
288.392	24
288.422	24
288.457	24
288.492	24
288.522	24
288.56	27
288.595	27
288.625	27
288.66	27
288.695	27
288.725	27
288.76	27
288.795	27
288.825	27
288.86	27
288.895	27
288.925	27
288.96	27
288.995	27
289.025	27
289.06	27
289.095	27
289.125	27
289.16	27
289.195	27
289.225	27
289.26	27
289.295	27
289.325	27
289.36	27
289.395	27
289.425	27
289.46	27
289.495	27
289.525	27
289.563	30
289.598	30
289.629	31
289.663	30
289.698	30
289.729	41
289.761	58
289.793	55
289.824	51
289.855	52
289.886	48
289.919	46
289.95	47
289.984	46
290.015	47
290.041	38
290.068	30
290.095	27
290.125	27
290.16	27
290.195	27
290.225	27
290.26	27
290.295	27
290.325	27
290.36	27
290.395	27
290.425	27
290.46	27
290.495	27
290.525	27
290.563	30
290.598	30
290.628	30
290.663	30
290.698	30
290.728	30
290.764	31
290.799	31
290.829	31
290.864	31
290.899	31
290.929	31
290.964	31
290.999	31
291.029	31
291.06	27
291.095	27
291.125	27
291.16	27
291.195	27
291.225	27
291.26	27
291.295	27
291.325	27
291.36	27
291.395	27
291.425	27
291.46	27
291.495	27
291.525	27
291.56	27
291.595	27
291.625	27
291.66	27
291.695	27
291.722	24
291.757	24
291.792	24
291.822	24
291.857	24
291.882	24
291.925	27
291.952	24
291.995	27
292.025	27
292.059	26
292.094	26
292.124	26
292.159	26
292.194	26
292.224	26
292.265	27
292.294	26
292.319	26
292.359	26
292.394	26
292.424	26
292.457	24
292.492	24
292.522	24
292.558	25
292.593	25
292.623	25
292.658	25
292.693	25
292.723	25
292.758	25
292.793	25
292.823	25
292.858	25
292.893	25
292.923	25
292.958	25
292.993	25
293.023	25
293.057	24
293.092	24
293.117	20
293.157	24
293.192	24
293.222	24
293.257	24
293.292	24
293.322	24
293.357	24
293.392	24
293.422	24
293.457	24
293.496	28
293.522	24
293.548	30
293.579	41
293.605	37
293.635	37
293.661	28
293.696	28
293.726	28
293.761	28
293.796	28
293.826	28
293.861	28
293.896	28
293.926	28
293.961	28
293.996	28
294.026	28
294.059	26
294.094	26
294.124	26
294.159	26
294.194	26
294.224	26
294.259	26
294.294	26
294.324	26
294.359	26
294.394	26
294.424	26
294.466	33
294.494	26
294.519	26
294.557	24
294.592	24
294.622	24
294.657	24
294.692	24
294.722	24
294.757	24
294.792	24
294.822	24
294.857	24
294.892	24
294.922	24
294.957	24
294.992	24
295.022	24
295.062	29
295.097	29
295.127	29
295.162	29
295.197	29
295.227	29
295.262	29
295.297	29
295.327	29
295.362	29
295.397	29
295.427	29
295.464	31
295.499	31
295.529	31
295.56	27
295.595	27
295.625	27
295.66	27
295.695	27
295.725	27
295.76	27
295.795	27
295.825	27
295.86	27
295.895	27
295.925	27
295.96	27
296.003	30
296.029	26
296.056	23
296.091	23
296.121	23
296.156	23
296.191	23
296.221	23
296.256	23
296.284	20
296.321	23
296.356	23
296.391	23
296.421	23
296.456	23
296.491	23
296.521	23
296.55	20
296.593	25
296.623	25
296.658	25
296.693	25
296.723	25
296.758	25
296.793	25
296.823	25
296.858	25
296.893	25
296.923	25
296.959	26
296.994	26
297.024	26
297.058	25
297.093	25
297.123	25
297.158	25
297.193	25
297.223	25
297.258	25
297.293	25
297.323	25
297.358	25
297.393	25
297.423	25
297.458	25
297.493	25
297.523	25
297.558	25
297.593	25
297.623	25
297.658	25
297.693	25
297.723	25
297.758	25
297.793	25
297.823	25
297.858	25
297.893	25
297.923	25
297.958	25
297.993	25
298.023	25
298.063	30
298.098	30
298.128	30
298.16	27
298.195	27
298.225	27
298.26	27
298.295	27
298.325	27
298.36	27
298.395	27
298.425	27
298.46	27
298.495	27
298.525	27
298.559	26
298.594	26
298.624	26
298.659	26
298.694	26
298.724	26
298.759	26
298.794	26
298.824	26
298.859	26
298.894	26
298.924	26
298.959	26
298.994	26
299.024	26
299.058	25
299.093	25
299.123	25
299.158	25
299.198	30
299.223	25
299.248	25
299.293	25
299.323	25
299.358	25
299.393	25
299.423	25
299.458	25
299.493	25
299.523	25
299.558	25
299.593	25
299.623	25
299.658	25
299.693	25
299.723	25
299.758	25
299.793	25
299.823	25
299.858	25
299.893	25
299.923	25
299.958	25
299.993	25
300.023	25
300.058	25
300.093	25
300.123	25
300.158	25
300.193	25
300.223	25
300.258	25
300.293	25
300.323	25
300.358	25
300.393	25
300.423	25
300.458	25
300.493	25
300.523	25
300.558	25
300.593	25
300.629	31
300.664	31
300.693	25
300.723	25
300.758	25
300.793	25
300.823	25
300.858	25
300.893	25
300.923	25
300.958	25
300.993	25
301.023	25
301.058	25
301.093	25
301.123	25
301.158	25
301.183	25
301.223	25
301.258	25
301.293	25
301.323	25
301.358	25
301.393	25
301.423	25
301.458	25
301.493	25
301.523	25
301.558	25
301.593	25
301.623	25
301.658	25
301.693	25
301.723	25
301.758	25
301.793	25
301.823	25
301.858	25
301.893	25
301.923	25
301.958	25
301.993	25
302.023	25
302.058	25
302.093	25
302.123	25
302.158	25
302.193	25
302.223	25
302.258	25
302.293	25
302.324	26
302.359	26
302.394	26
302.424	26
302.459	26
302.494	26
302.524	26
302.559	26
302.594	26
302.624	26
302.659	26
302.694	26
302.724	26
302.759	26
302.794	26
302.824	26
302.859	26
302.884	26
302.924	26
302.959	26
303	32
303.03	32
303.06	27
303.094	26
303.124	26
303.159	26
303.194	26
303.224	26
303.259	26
303.294	26
303.324	26
303.359	26
303.394	26
303.424	26
303.459	26
303.494	26
303.524	26
303.559	26
303.594	26
303.624	26
303.659	26
303.694	26
303.724	26
303.759	26
303.794	26
303.824	26
303.859	26
303.894	26
303.924	26
303.959	26
303.994	26
304.024	26
304.059	26
304.094	26
304.124	26
304.159	26
304.194	26
304.224	26
304.259	26
304.294	26
304.324	26
304.359	26
304.384	20
304.424	26
304.459	26
304.494	26
304.524	26
304.559	26
304.594	26
304.624	26
304.659	26
304.694	26
304.724	26
304.759	26
304.794	26
304.824	26
304.859	26
304.894	26
304.924	26
304.959	26
304.994	26
305.024	26
305.059	26
305.094	26
305.124	26
305.159	26
305.194	26
305.224	26
305.259	26
305.294	26
305.324	26
305.359	26
305.394	26
305.424	26
305.459	26
305.494	26
305.524	26
305.559	26
305.594	26
305.624	26
305.659	26
305.694	26
305.724	26
305.759	26
305.794	26
305.824	26
305.859	26
305.894	26
305.924	26
305.959	26
305.994	26
306.024	26
306.059	26
306.094	26
306.124	26
306.159	26
306.194	26
306.224	26
306.259	26
306.294	26
306.324	26
306.359	26
306.394	26
306.424	26
306.459	26
306.494	26
306.524	26
306.559	26
306.594	26
306.624	26
306.659	26
306.694	26
306.724	26
306.759	26
306.794	26
306.824	26
306.859	26
306.894	26
306.924	26
306.959	26
306.994	26
307.024	26
307.059	26
307.094	26
307.124	26
307.159	26
307.194	26
307.224	26
307.259	26
307.294	26
307.324	26
307.359	26
307.394	26
307.424	26
307.459	26
307.494	26
307.524	26
307.559	26
307.594	26
307.624	26
307.659	26
307.694	26
307.724	26
307.759	26
307.794	26
307.824	26
307.859	26
307.894	26
307.924	26
307.959	26
307.994	26
308.024	26
308.059	26
308.094	26
308.124	26
308.159	26
308.194	26
308.224	26
308.259	26
308.294	26
308.324	26
308.359	26
308.394	26
308.424	26
308.459	26
308.494	26
308.524	26
308.559	26
308.594	26
308.624	26
308.659	26
308.694	26
308.725	27
308.76	27
308.795	27
308.825	27
308.86	27
308.895	27
308.925	27
308.96	27
308.995	27
309.025	27
309.06	27
309.095	27
309.125	27
309.16	27
309.195	27
309.225	27
309.26	27
309.295	27
309.332	34
309.36	27
309.385	27
309.41	37
309.44	37
309.467	34
309.495	27
309.525	27
